661
655
647
648
642
1890
625
624
624
633
646
659
664
650
652
640
638
640
642
637
642
643
641
646
650
642
639
646
670
693
717
715
715
708
692
675
674
1349
658
779
550
509
491
524
4171
745
739
720
698
692
694
681
679
681
671
682
676
675
655
665
671
750
727
700
686
682
679
700
687
710
709
683
689
693
688
688
662
673
680
662
657
648
642
634
632
1274
636
685
297
3215
661
5359
611
612
614
609
608
605
604
602
600
603
601
604
604
610
612
614
620
617
615
610
610
608
606
607
608
610
627
644
636
653
668
659
654
690
713
735
694
694
697
672
661
656
654
655
654
651
651
652
651
648
649
647
653
645
646
647
645
639
642
631
417
787
637
621
630
646
648
681
664
680
698
691
681
685
687
688
681
678
682
667
671
663
676
684
678
678
690
709
696
698
687
701
743
745
735
736
686
699
683
679
672
675
674
677
665
668
664
667
656
653
652
647
642
636
634
633
627
622
619
617
616
614
615
618
624
628
637
644
658
647
650
660
650
656
646
646
646
643
635
631
626
623
617
618
619
620
621
626
635
642
646
649
644
646
645
646
642
649
673
690
693
691
684
679
681
680
680
669
669
658
653
653
647
661
664
648
646
646
640
636
632
623
619
618
616
619
617
621
629
632
631
628
624
622
624
626
623
630
635
635
641
638
636
632
632
625
625
619
626
623
622
627
632
630
630
628
633
629
631
627
623
619
614
606
609
605
603
599
597
599
602
601
604
601
603
603
604
602
606
604
604
596
599
602
603
607
612
626
628
629
637
655
654
652
648
642
639
636
631
621
614
610
603
608
604
601
598
591
599
597
593
591
591
590
595
597
595
594
591
590
588
586
582
586
583
581
578
577
575
579
576
576
576
573
577
577
578
578
579
580
578
582
585
583
583
582
581
576
575
576
579
576
576
578
577
582
580
581
578
584
585
593
603
620
639
647
666
652
664
667
655
663
646
649
643
637
637
640
644
638
633
635
626
619
621
615
608
606
600
603
604
603
601
599
595
596
593
593
591
592
590
590
588
596
600
620
658
720
691
672
662
661
660
655
650
620
611
612
605
610
618
628
648
666
664
660
654
642
643
637
630
627
624
621
619
613
609
601
602
599
594
590
588
584
588
588
590
600
605
617
622
625
628
631
632
633
635
635
632
627
629
624
609
609
604
599
594
594
598
596
596
600
599
599
596
597
594
595
603
604
609
609
611
609
608
606
603
604
602
598
602
601
604
605
607
611
615
616
610
616
613
612
613
609
607
604
604
603
596
596
593
593
598
604
616
627
643
668
684
680
673
675
674
672
670
667
645
632
621
612
608
604
601
602
599
605
604
606
614
618
630
638
640
638
636
635
632
622
624
624
620
618
618
619
616
613
613
616
618
618
623
630
646
644
649
642
653
646
642
632
624
621
617
610
605
605
605
604
604
603
603
600
603
607
608
615
614
632
635
638
639
641
642
646
649
640
643
650
649
644
639
632
623
620
616
610
605
602
598
598
595
592
590
589
594
592
591
587
591
588
588
587
586
587
587
592
596
599
597
594
597
596
591
591
591
586
586
585
584
580
577
577
586
593
600
615
612
643
636
634
635
634
632
626
619
608
611
607
602
597
594
591
588
586
591
591
591
597
597
597
596
600
601
601
604
605
604
611
607
607
605
606
601
598
595
590
585
586
585
584
584
583
588
591
594
593
595
592
601
599
599
595
595
607
609
613
619
613
614
604
607
604
600
596
592
591
590
591
585
582
580
580
576
581
582
582
587
587
588
586
586
585
585
593
594
603
620
637
681
663
669
683
688
690
704
705
705
700
700
671
650
639
636
634
640
636
635
640
651
680
704
681
688
694
696
686
687
706
694
696
697
686
673
661
646
641
636
627
631
627
625
626
631
626
630
633
644
639
641
654
654
660
660
649
646
638
635
635
630
631
634
638
644
649
651
645
642
636
631
631
623
624
623
622
624
637
637
665
711
710
679
662
652
646
641
635
630
627
626
632
624
628
640
649
666
680
685
683
677
682
673
669
659
662
657
655
660
650
655
654
659
664
654
651
645
641
636
630
626
619
622
623
629
657
688
729
734
717
720
711
696
681
664
653
643
634
628
626
625
625
642
652
671
668
688
696
687
676
669
656
647
645
644
641
643
641
638
632
634
627
623
617
619
618
621
636
656
665
694
724
710
711
711
703
704
686
679
677
676
669
666
664
662
661
656
646
646
651
636
633
628
622
616
619
613
612
616
616
616
615
614
615
613
610
608
609
610
608
607
605
606
605
606
605
605
608
611
617
615
621
627
631
636
634
635
634
631
630
627
624
623
623
615
613
610
603
600
600
602
612
612
619
623
634
650
652
646
637
638
638
635
635
632
627
626
627
623
620
613
615
612
610
607
606
607
607
605
603
603
607
604
601
598
600
611
619
619
630
642
652
649
672
688
688
684
686
668
657
645
639
633
624
629
626
626
628
633
628
637
642
652
654
653
648
645
637
635
628
622
622
623
614
613
624
640
653
652
648
658
658
656
646
641
634
624
622
620
617
619
618
619
619
625
623
623
625
633
637
640
639
636
643
632
639
634
634
634
632
630
625
623
624
620
615
612
610
604
601
604
605
606
629
662
659
668
679
671
688
698
691
698
701
696
711
717
712
701
699
699
706
705
687
679
674
668
663
659
654
654
659
657
656
658
653
652
649
651
646
646
648
650
652
656
663
659
667
661
663
661
660
658
660
659
659
661
649
648
646
639
641
643
644
645
650
661
670
656
652
647
646
647
647
649
646
652
653
648
650
642
638
634
627
624
622
619
620
622
624
623
626
630
640
655
665
665
668
682
687
686
680
672
657
652
635
634
626
621
615
614
616
612
616
613
607
609
611
614
615
633
644
648
650
672
694
708
710
705
717
725
734
732
738
726
726
725
697
700
688
682
682
688
677
670
669
669
672
664
665
665
674
665
667
683
683
684
680
684
704
688
692
700
688
687
694
688
684
695
695
690
684
679
684
685
684
666
668
657
652
657
673
693
688
710
713
726
717
730
721
717
694
690
677
672
669
661
658
656
653
648
642
641
633
634
630
625
622
626
626
626
627
631
632
631
630
633
639
646
651
665
666
671
662
682
699
704
692
705
701
687
690
688
681
675
674
668
660
647
647
639
636
637
644
643
637
648
649
651
647
657
669
660
673
667
664
650
644
639
628
619
615
614
613
612
620
618
616
616
614
614
612
611
606
609
604
604
602
602
604
604
605
610
607
611
612
613
613
612
612
609
608
605
604
603
601
601
600
597
598
595
595
595
598
597
600
601
601
604
604
605
605
605
606
604
610
606
611
616
633
655
667
666
672
661
670
666
660
647
641
638
633
626
620
614
619
615
614
613
617
618
619
621
620
634
643
646
649
649
652
647
643
641
639
635
627
627
623
619
613
613
611
609
611
609
608
608
606
610
612
612
618
614
618
626
633
641
642
649
638
631
637
646
645
656
646
632
635
625
618
620
618
613
610
608
604
599
605
600
603
605
614
620
618
634
634
650
645
649
656
651
645
649
644
641
632
640
630
619
626
620
620
614
616
615
613
616
620
621
627
633
636
635
636
638
640
631
484
769
641
617
628
625
618
615
613
611
608
612
616
618
625
625
628
638
642
657
652
665
678
672
667
668
670
663
645
671
660
677
659
659
644
645
634
627
619
621
614
619
618
619
629
626
628
632
636
648
648
658
668
662
661
668
673
675
660
657
656
662
655
656
655
647
650
644
644
648
646
650
661
657
653
650
649
651
656
660
660
663
679
677
670
665
670
664
672
687
677
667
668
665
665
661
669
664
663
664
661
660
663
667
673
667
663
660
663
668
661
673
672
666
664
660
660
662
674
669
658
654
645
648
643
639
645
639
632
641
638
636
633
638
634
636
636
638
639
637
638
639
642
640
641
640
638
643
652
657
664
655
656
655
653
662
662
668
663
661
662
674
668
659
673
675
677
672
674
670
680
681
673
674
693
688
683
668
669
658
659
652
646
645
642
646
650
657
652
651
652
648
658
650
646
646
642
648
646
642
646
645
652
649
646
653
669
670
664
660
660
657
657
652
652
651
654
647
657
652
656
651
646
648
648
648
644
650
648
660
668
681
675
685
678
671
676
676
669
664
670
668
663
656
662
656
654
655
653
659
659
657
660
672
666
654
653
646
646
647
648
650
644
649
647
647
654
651
666
659
656
661
667
661
655
657
658
651
651
652
647
645
649
641
644
645
646
640
636
625
630
647
631
622
620
619
616
609
623
614
609
602
605
605
603
600
601
606
604
604
600
605
608
605
604
601
609
605
606
603
609
608
608
615
614
613
611
608
609
601
608
606
604
601
610
607
607
610
607
612
612
611
605
612
607
600
609
606
601
607
607
608
606
611
608
611
613
609
603
606
612
606
608
607
605
596
599
602
601
601
600
601
599
602
603
603
600
603
603
603
602
604
605
605
607
606
607
606
604
605
604
602
599
603
600
596
598
597
595
595
597
599
599
599
602
600
600
598
603
603
603
601
605
606
602
605
602
609
609
613
611
614
611
611
608
608
605
606
605
608
609
612
610
614
614
619
619
627
629
644
636
619
632
624
619
634
634
642
641
670
663
672
682
677
675
667
663
653
648
640
632
634
635
631
629
663
671
646
646
645
634
632
627
624
626
616
618
621
620
617
617
616
620
614
616
615
615
622
622
624
626
632
634
631
636
637
636
634
632
634
622
628
629
629
639
646
647
648
646
642
637
636
629
624
617
619
619
617
619
622
619
620
624
625
630
630
631
639
639
647
642
643
640
639
634
625
633
628
617
619
617
616
615
624
626
627
629
631
633
638
641
640
637
648
645
651
642
648
650
653
649
648
655
652
644
646
645
643
638
635
643
638
631
639
637
632
629
634
630
624
627
628
625
637
635
632
632
628
635
628
626
618
630
624
624
620
633
626
630
626
633
633
636
628
633
633
635
626
628
631
630
630
628
635
627
627
621
632
625
623
623
636
635
635
630
637
636
632
627
637
633
629
630
631
630
623
628
622
624
619
630
627
622
633
631
628
623
628
627
623
619
627
623
619
615
625
621
622
623
629
625
615
625
620
612
614
615
614
610
619
615
616
612
620
618
619
618
623
625
628
626
624
629
628
623
622
628
627
624
620
630
627
625
619
627
627
624
619
623
630
625
629
624
633
631
629
624
631
628
631
623
630
630
630
623
620
625
621
618
618
624
624
626
623
633
634
633
630
629
633
630
628
623
631
627
626
624
631
627
626
623
631
628
631
627
633
632
629
628
637
633
634
628
639
635
633
629
635
630
621
626
629
626
628
621
616
622
618
615
613
608
605
608
609
609
611
611
617
615
615
615
609
611
613
614
613
614
616
617
616
628
644
654
664
664
659
649
654
647
649
638
644
637
640
634
637
638
633
629
630
633
632
633
637
640
644
638
641
646
648
643
656
650
644
651
643
643
633
641
637
630
635
638
627
634
632
627
624
621
611
615
610
610
613
614
611
615
616
614
620
629
634
642
636
635
638
634
632
633
629
624
622
616
618
619
621
623
627
629
632
632
635
636
628
631
627
624
626
626
624
625
623
624
624
623
628
625
631
634
637
630
634
638
638
644
635
644
640
638
633
637
633
629
626
630
627
620
623
624
617
620
618
627
628
625
632
631
632
628
631
630
621
621
625
624
621
618
614
611
609
613
615
616
616
614
621
621
630
636
641
650
646
644
650
646
655
646
651
651
646
654
649
654
644
648
649
646
645
635
644
642
635
636
635
635
628
636
635
632
632
637
636
636
637
645
646
646
637
646
642
643
638
646
645
646
646
660
661
660
655
664
664
656
652
656
649
649
642
651
648
654
641
647
645
646
642
645
646
644
640
639
648
645
647
639
648
646
641
646
646
645
646
656
660
653
647
645
643
636
632
637
634
633
626
632
642
640
640
644
645
645
643
638
638
640
628
629
628
627
633
635
632
642
652
665
669
667
654
653
655
648
645
639
645
642
643
634
645
645
645
641
636
634
630
631
629
627
622
627
624
623
636
672
651
656
651
648
648
643
638
634
630
628
622
618
618
619
616
615
618
620
618
619
622
621
622
619
619
619
614
614
614
609
612
609
613
617
616
618
617
615
615
615
613
612
612
608
613
618
621
619
618
623
620
616
620
618
611
615
616
605
620
620
628
637
641
638
651
646
647
659
668
673
671
664
657
650
649
639
636
629
626
633
634
634
639
640
644
653
656
666
659
663
672
665
676
667
665
655
646
656
655
661
655
657
664
665
654
661
662
656
647
648
659
651
648
647
659
654
657
650
654
653
649
645
644
648
646
641
635
640
636
639
645
647
644
653
649
648
652
666
665
656
656
646
650
642
646
647
645
638
638
635
637
634
630
635
633
630
633
638
635
633
635
630
631
634
638
638
646
644
644
643
653
654
665
662
664
672
673
668
668
672
675
675
684
683
683
702
690
689
688
691
675
677
676
674
674
672
688
683
687
694
696
701
700
698
702
700
711
710
709
709
707
705
700
682
670
664
663
656
655
660
655
648
652
650
642
651
656
673
673
679
680
697
725
711
729
718
716
705
695
687
689
689
687
687
691
692
690
709
711
698
703
707
728
727
714
714
716
721
725
719
707
728
719
724
718
713
714
736
743
721
716
719
737
724
729
735
742
732
726
736
706
692
688
676
687
679
681
686
688
693
700
697
706
720
716
716
724
713
706
710
704
707
709
706
702
700
714
718
694
684
677
662
664
665
666
663
657
660
655
653
653
650
645
641
645
642
643
642
643
645
645
646
647
641
646
647
645
643
650
649
653
651
656
659
656
665
673
667
672
669
669
674
671
668
658
663
656
654
651
651
652
651
651
647
649
643
639
634
632
624
628
627
626
628
631
635
637
634
635
641
646
645
646
646
644
645
646
646
643
640
642
635
630
625
631
627
630
634
639
641
646
649
643
647
650
678
668
667
657
654
658
646
639
648
646
643
647
650
648
646
648
645
649
645
638
631
633
632
636
636
646
653
676
700
720
709
717
729
723
729
719
715
705
715
703
703
706
745
739
733
745
729
741
764
772
754
745
760
763
751
747
744
756
754
753
735
736
744
746
745
740
739
741
740
736
724
723
726
726
727
729
735
742
729
725
728
728
733
721
722
733
722
725
714
713
714
728
707
689
686
674
668
655
666
650
643
646
639
633
639
638
633
631
632
639
637
633
633
630
636
633
633
631
627
634
636
635
645
644
646
640
647
646
646
641
646
645
644
637
643
638
633
629
633
634
632
630
636
633
631
626
630
630
630
629
629
638
631
629
625
633
630
627
625
633
632
629
629
636
634
630
626
630
633
630
627
626
631
624
625
633
627
640
635
633
634
633
637
637
632
627
628
632
628
629
628
638
638
636
635
641
642
641
637
637
638
633
633
638
633
631
634
632
635
638
642
640
645
637
630
631
633
633
629
634
634
634
635
645
640
642
642
637
635
638
637
631
628
625
625
627
630
632
627
630
625
628
627
625
622
619
617
617
613
610
606
609
607
610
609
614
615
613
616
615
614
616
613
613
616
613
613
611
614
614
612
612
611
612
613
606
607
610
611
618
623
630
643
646
654
671
657
660
655
654
651
652
649
650
655
652
652
655
652
651
649
645
644
643
638
634
632
619
620
619
618
617
619
619
622
630
642
666
674
705
714
708
708
716
695
689
690
686
674
665
667
668
666
667
670
666
661
664
663
665
656
643
646
642
639
638
642
650
658
678
686
694
697
715
713
701
711
702
692
685
693
698
693
691
693
682
674
667
671
673
685
669
675
674
673
674
669
667
668
669
662
656
662
660
656
652
646
647
647
645
642
646
643
636
631
629
629
633
638
650
663
668
679
674
672
666
661
656
664
657
649
640
639
639
634
637
646
645
646
647
639
644
643
637
632
630
634
633
627
624
631
625
621
615
628
625
629
647
674
676
692
701
701
693
675
674
672
666
659
653
648
644
639
630
628
626
621
616
623
619
621
629
646
667
673
669
669
667
661
653
651
646
638
632
636
628
621
621
629
631
633
637
641
641
644
646
643
640
643
641
637
637
630
621
618
627
626
624
620
615
620
616
615
613
612
620
621
616
630
633
642
637
635
641
639
636
633
636
638
641
635
636
635
631
630
626
622
617
617
611
615
614
615
616
622
614
620
622
621
628
628
633
635
634
628
632
632
631
627
630
628
625
624
626
624
620
616
609
618
614
616
616
612
620
637
645
680
700
689
719
720
720
707
707
691
697
693
685
683
680
665
677
670
666
670
663
665
663
659
659
649
658
652
647
645
642
652
646
639
637
645
637
639
636
651
647
651
649
652
650
646
640
650
647
651
659
662
663
659
661
656
644
639
639
661
644
635
637
635
630
637
638
631
632
632
628
627
623
619
624
619
618
620
620
615
617
613
607
612
612
609
619
630
625
632
636
639
636
631
632
628
623
624
618
613
614
613
610
610
608
610
612
607
607
612
616
629
735
710
705
716
719
713
708
711
709
668
652
653
660
670
677
670
663
659
650
639
644
642
648
657
661
655
657
643
653
643
638
631
635
635
638
634
646
646
644
643
639
641
638
633
632
635
631
629
633
634
637
644
640
643
646
646
644
648
643
646
646
645
646
644
646
645
645
646
640
646
646
651
657
656
655
658
665
664
657
665
666
663
666
666
662
665
663
657
658
652
657
654
651
651
647
646
646
646
645
643
639
643
644
643
646
645
641
646
643
636
635
636
633
621
637
641
660
678
704
686
688
680
671
669
663
652
645
636
636
630
622
617
622
622
616
616
619
623
624
618
625
628
624
622
629
632
632
630
628
632
633
633
633
635
636
634
632
628
632
629
629
629
629
636
631
629
627
627
629
625
623
619
620
623
621
620
617
622
622
621
617
619
623
629
627
631
628
634
632
629
626
632
628
627
626
631
631
629
624
625
627
625
623
621
622
624
622
619
617
621
623
622
626
624
623
631
631
630
623
625
626
623
623
626
627
633
644
642
652
652
662
660
664
662
662
664
655
654
656
656
654
656
654
659
653
655
648
652
651
653
653
649
637
639
638
630
628
621
626
623
620
616
610
615
612
610
605
601
605
603
601
597
595
596
595
593
590
592
592
592
591
590
592
594
595
593
594
596
599
598
599
597
601
604
603
604
605
604
608
608
607
605
604
609
606
605
601
604
605
599
598
602
604
605
607
617
629
637
664
692
689
683
676
655
657
658
651
641
646
644
638
633
633
636
635
632
630
634
636
636
639
636
642
645
643
646
646
649
645
640
637
644
636
639
631
635
646
656
679
707
707
717
725
719
698
699
707
694
681
694
688
681
677
679
689
692
672
680
672
663
656
658
652
657
662
660
663
669
679
683
679
701
697
692
698
695
684
676
682
680
693
678
688
682
676
663
650
647
646
637
630
623
626
620
619
617
618
620
620
619
621
619
617
610
612
607
604
598
599
601
598
599
599
604
610
607
613
615
619
620
623
628
630
627
627
628
627
620
619
619
616
612
615
616
612
608
618
614
610
604
608
607
602
603
604
603
599
601
602
603
603
605
610
604
610
615
620
613
623
624
624
623
623
622
615
617
615
612
610
607
611
610
609
608
610
605
610
612
611
612
609
613
613
614
616
611
613
614
613
613
609
611
612
613
610
607
611
614
612
613
617
620
623
621
618
625
625
628
625
623
620
624
631
630
629
631
628
634
633
630
620
624
624
624
620
625
632
649
649
648
644
640
630
628
625
616
616
608
608
611
629
683
733
703
741
764
771
771
807
805
803
801
747
737
722
736
715
716
688
697
693
678
682
701
686
674
690
685
667
694
685
673
682
679
668
662
657
648
645
645
646
647
646
647
650
643
639
642
647
654
667
672
669
677
677
685
682
681
692
687
680
673
672
682
699
703
700
689
688
692
685
670
669
662
659
653
652
646
642
637
630
627
625
618
627
605
671
663
700
703
709
706
698
697
673
689
660
671
664
668
653
661
651
655
649
654
659
659
658
661
660
653
646
648
646
646
658
669
670
674
688
705
688
693
683
686
680
686
673
701
690
688
684
688
671
671
665
671
672
664
664
669
672
665
670
671
668
668
661
660
654
643
647
647
647
637
665
656
648
647
641
636
640
629
632
633
632
628
626
607
634
623
613
608
608
609
604
601
601
595
601
602
601
604
613
618
617
615
622
623
623
630
633
643
637
640
643
648
645
643
639
639
634
633
624
625
623
620
617
621
618
615
611
617
611
615
613
622
620
621
619
631
631
628
635
636
640
636
631
640
629
624
618
622
618
617
621
628
628
631
633
642
637
636
661
667
657
650
663
655
646
641
650
638
636
632
642
636
632
636
642
651
654
665
668
660
657
643
643
643
632
626
623
621
616
623
632
651
663
666
693
683
661
673
670
663
656
676
662
657
661
671
665
668
655
663
660
654
650
646
650
643
640
643
651
646
646
641
651
646
641
650
649
647
648
659
655
655
651
652
654
651
645
640
636
629
635
631
627
625
631
639
638
640
654
655
668
660
652
655
658
659
650
654
658
654
650
646
659
650
654
646
650
647
646
647
650
658
655
648
656
653
652
646
646
650
646
644
643
657
653
654
653
661
664
662
659
666
668
666
659
665
666
659
667
662
675
671
673
665
666
666
666
661
656
666
660
662
658
663
661
657
652
661
661
657
655
653
656
660
652
656
654
664
657
656
649
655
650
650
646
646
652
655
654
652
669
661
660
659
666
654
656
658
662
664
661
667
674
674
669
671
669
673
667
670
668
670
661
670
669
665
659
666
667
676
669
668
683
675
678
674
674
667
660
655
652
656
651
653
657
667
669
675
680
681
675
673
675
671
668
661
666
657
656
651
658
654
656
653
659
659
652
666
661
664
673
673
676
674
666
676
670
676
664
663
661
655
651
648
654
654
654
647
658
649
648
646
658
656
663
657
668
667
669
667
666
672
668
663
665
660
660
652
657
661
665
666
662
669
673
670
672
682
680
684
671
679
674
662
664
665
657
654
654
657
652
652
647
656
650
645
653
654
650
665
663
656
671
676
665
656
664
657
653
650
649
645
647
646
643
640
643
646
648
650
643
657
661
691
695
699
713
726
726
710
714
721
721
705
713
715
711
713
714
716
700
700
711
705
703
702
720
710
702
684
680
679
698
699
698
706
712
711
700
696
684
681
673
666
660
656
654
657
664
676
676
695
699
695
688
685
677
676
672
683
679
690
697
727
749
769
814
792
755
746
763
750
741
774
771
770
736
726
733
748
750
736
762
749
726
711
710
715
714
720
749
730
716
730
729
743
735
747
740
732
725
728
739
736
752
764
738
730
724
745
728
730
725
727
709
720
717
721
732
725
735
732
744
750
747
764
762
764
758
739
727
713
730
731
742
734
714
730
731
729
714
722
720
716
714
725
730
729
729
731
730
731
719
722
721
738
733
732
719
712
723
723
720
718
711
721
729
723
729
731
727
722
720
715
720
714
703
708
727
726
725
719
725
711
708
706
710
729
718
710
726
717
714
715
712
704
708
700
693
695
692
694
707
705
705
710
711
707
708
714
721
729
719
716
741
733
741
729
747
755
751
744
733
726
728
729
729
736
766
742
728
751
756
734
730
723
724
722
701
684
687
680
681
681
673
685
680
675
664
673
668
660
646
657
653
650
643
654
649
648
640
655
650
655
646
661
657
656
663
663
660
664
659
654
649
646
633
642
635
633
638
641
638
634
635
632
627
628
625
617
619
620
621
614
626
626
628
632
630
623
632
629
625
625
623
624
622
616
624
622
620
620
616
625
623
618
622
623
623
630
628
628
627
628
626
621
624
625
626
630
638
643
655
662
667
669
666
671
663
663
656
662
660
659
651
658
657
647
658
658
655
654
668
660
652
651
647
644
638
643
636
641
641
639
640
641
641
635
641
639
640
640
646
646
637
636
644
645
645
645
645
643
649
651
650
654
654
659
659
657
655
652
655
657
659
651
654
659
657
662
657
663
673
671
680
676
679
687
688
677
682
687
687
685
685
682
687
686
683
679
683
683
682
677
674
669
671
679
679
687
681
679
672
658
655
660
662
681
708
702
711
728
719
710
694
690
687
683
675
671
669
671
680
688
691
688
694
701
699
692
693
684
687
694
692
684
691
694
690
685
679
679
673
667
660
651
647
642
638
632
637
645
654
672
683
675
675
666
673
670
670
671
684
694
690
686
684
687
686
674
675
669
667
662
654
661
669
675
682
681
688
683
691
706
687
699
689
684
684
676
656
660
649
640
643
637
641
645
650
651
646
655
662
669
681
693
695
700
691
692
695
688
687
688
685
666
677
671
663
644
655
633
645
635
636
640
648
655
661
657
674
678
681
673
672
687
676
684
672
682
676
679
666
670
672
664
661
656
667
665
664
656
665
660
655
652
666
654
658
659
668
662
663
656
661
656
657
658
659
662
657
663
654
665
654
652
660
677
670
666
668
673
666
659
669
665
663
656
655
655
654
651
644
648
646
644
642
646
645
646
640
643
641
637
635
637
638
633
635
639
645
658
670
667
663
660
659
656
651
648
649
647
646
645
651
649
649
650
648
653
651
657
655
654
652
645
649
649
655
654
657
659
662
658
651
650
648
646
645
645
642
646
644
643
646
642
646
646
646
644
642
642
641
636
644
645
646
647
647
646
642
646
646
655
664
653
670
673
668
671
679
680
678
669
667
657
648
646
649
646
646
644
649
648
653
652
660
663
667
659
663
664
669
670
669
660
665
667
662
652
651
658
672
673
674
678
672
665
665
670
666
670
671
671
672
678
671
666
673
665
664
660
656
657
653
651
649
660
658
656
652
660
661
666
665
667
663
666
666
672
668
670
664
668
663
657
652
650
645
636
638
635
630
630
633
635
634
636
636
628
631
633
638
639
645
657
670
679
679
671
678
673
666
674
676
667
663
656
655
646
644
639
650
641
641
641
658
654
656
656
682
669
676
678
671
659
667
661
657
647
656
654
651
649
653
648
645
642
648
645
642
638
645
643
638
634
640
640
637
635
634
638
635
632
630
635
631
626
622
627
629
629
625
632
636
637
640
639
639
637
636
633
631
628
629
627
629
628
635
635
633
631
625
624
621
643
656
699
706
714
705
704
714
719
709
688
676
665
661
651
648
645
635
633
618
634
631
638
642
649
656
656
651
661
659
657
656
667
664
661
671
659
655
663
666
678
683
684
688
681
671
673
671
667
673
665
667
663
669
666
668
661
666
663
668
657
660
658
652
639
654
646
647
654
644
640
632
636
632
631
646
649
658
664
667
670
677
680
670
676
669
675
684
687
699
684
683
676
673
667
667
668
671
681
675
680
676
676
684
682
678
679
694
691
716
706
704
694
688
686
688
681
675
675
667
660
655
653
648
650
657
662
671
667
669
660
658
660
656
660
662
664
661
662
659
660
661
659
659
660
662
658
659
655
657
656
653
651
649
646
647
657
655
659
667
723
706
686
672
665
667
648
649
639
627
643
632
621
616
610
610
605
601
598
594
593
598
604
608
617
629
642
648
642
645
646
645
641
636
635
637
638
640
638
642
644
641
638
641
641
640
637
642
638
641
637
633
631
629
626
624
625
629
629
628
628
633
635
633
631
630
631
632
630
627
625
626
640
641
644
646
648
652
653
650
646
640
642
638
631
626
622
621
623
627
626
629
632
634
640
638
637
634
632
632
628
625
625
626
623
621
621
635
641
647
647
656
659
663
674
664
663
659
657
650
648
647
648
645
642
643
644
646
642
641
641
641
637
639
644
652
661
660
662
665
661
659
661
664
663
657
654
654
652
653
648
649
653
655
663
666
667
679
677
669
669
664
666
658
655
651
654
649
647
653
690
690
691
691
689
699
696
685
678
667
670
662
653
659
651
646
654
658
674
692
711
711
730
732
751
741
724
724
709
716
703
695
693
688
676
663
668
661
652
657
659
656
660
661
666
668
664
664
665
662
667
666
664
662
663
665
673
670
679
681
681
681
680
674
667
664
663
661
656
658
665
659
658
648
656
650
646
645
641
640
651
652
658
665
667
669
670
680
678
690
686
682
681
682
677
683
680
678
675
667
660
656
655
654
651
651
654
656
659
657
660
663
672
678
676
673
673
671
684
674
673
671
671
675
674
679
693
692
692
683
687
682
679
674
667
668
676
686
688
688
687
683
682
681
697
701
702
692
695
685
681
676
677
673
671
672
667
668
663
657
652
654
653
672
668
683
691
705
699
688
686
679
687
685
694
690
693
688
686
682
678
675
666
664
654
655
646
646
653
658
661
670
671
670
666
666
659
656
652
655
664
668
683
708
702
697
695
688
688
682
673
666
668
664
661
659
657
655
654
665
684
696
695
688
682
684
679
675
669
663
657
651
654
650
660
662
663
665
666
678
681
675
671
672
670
675
674
673
678
671
671
668
661
656
651
650
651
662
679
677
690
688
694
694
703
704
704
701
701
701
692
692
684
678
677
669
664
666
678
678
673
677
690
706
704
706
702
707
722
703
687
683
677
670
665
654
654
648
641
646
642
641
643
645
675
691
696
690
701
702
692
687
679
669
669
675
678
670
677
672
670
669
671
682
675
676
679
675
680
675
676
679
685
685
685
681
676
669
671
670
663
659
660
657
658
660
670
680
705
708
750
718
717
719
711
699
692
683
670
665
662
648
642
637
631
627
630
625
624
626
630
650
658
685
687
690
695
696
697
692
688
682
681
678
670
666
664
660
664
671
674
684
682
679
678
678
674
667
662
661
664
664
658
652
649
647
646
646
646
646
644
646
651
647
649
664
663
668
669
672
671
672
668
671
666
666
666
667
670
661
663
666
673
672
671
668
664
663
661
662
660
656
652
650
653
664
664
666
664
665
664
668
666
667
665
668
672
669
666
664
659
660
658
654
649
647
646
643
643
643
653
673
678
696
717
717
715
720
725
723
721
720
704
702
690
681
671
669
664
656
653
651
647
649
658
666
675
676
684
686
687
682
688
683
682
683
677
672
668
662
661
657
659
668
671
688
692
692
688
688
679
681
680
673
670
666
670
667
663
660
658
655
651
653
661
660
668
674
680
686
692
699
703
698
696
693
687
686
683
677
670
667
663
659
673
679
681
690
694
692
690
688
687
692
688
680
677
672
674
669
663
662
659
657
659
665
682
681
689
697
697
695
697
699
699
701
691
681
671
666
659
657
657
659
662
668
676
677
676
674
672
672
672
672
666
664
670
667
668
667
661
660
657
654
652
649
652
665
666
667
679
683
686
684
690
688
686
680
679
670
664
662
660
655
652
647
651
652
654
652
656
660
660
658
656
654
656
652
646
643
640
638
635
634
634
641
654
667
679
680
691
697
708
702
707
703
691
678
693
688
680
675
675
665
670
669
662
660
656
659
659
659
654
661
660
661
660
657
659
659
655
653
649
648
654
656
661
659
655
656
650
656
651
649
649
646
642
648
645
648
651
656
654
660
661
667
671
669
664
664
657
659
657
656
660
665
666
660
662
657
656
659
667
666
682
682
688
683
675
670
666
665
659
656
655
650
650
655
651
655
661
657
657
655
656
651
656
660
668
679
675
669
667
666
668
664
670
665
664
665
666
661
658
658
657
659
663
672
670
675
664
661
663
656
649
643
638
640
636
646
639
631
618
615
611
608
606
604
604
601
604
597
601
602
593
590
589
588
587
587
591
599
649
712
720
722
735
764
767
787
777
756
710
700
711
688
678
678
680
681
701
717
721
700
710
698
696
680
668
671
667
659
654
658
659
655
653
649
649
652
648
647
656
658
662
654
657
664
658
654
654
650
648
653
651
653
654
653
649
657
654
655
652
648
645
648
644
647
659
663
669
669
677
675
686
681
675
678
674
666
659
666
662
661
656
661
654
651
654
656
650
647
651
654
651
653
650
655
651
646
641
646
645
640
639
637
637
638
642
645
655
663
668
671
677
671
677
678
667
667
669
665
677
680
678
695
711
696
688
685
685
680
674
666
658
652
655
653
647
646
656
660
658
652
663
661
658
657
668
664
660
660
661
663
660
659
656
655
651
649
649
651
649
653
657
660
659
657
647
656
657
656
654
650
648
647
649
657
657
668
673
676
673
674
675
674
668
664
658
659
659
654
652
648
649
651
659
668
671
672
676
684
687
687
687
689
687
682
676
673
671
664
657
654
649
646
645
644
649
654
668
690
679
681
681
678
682
678
671
666
664
667
664
660
663
661
666
662
657
654
653
655
649
646
643
643
647
667
669
672
678
688
693
691
689
684
681
679
671
668
670
670
669
673
678
680
680
677
673
682
676
678
676
669
662
655
651
649
652
656
661
667
674
676
676
684
683
679
677
677
676
673
667
670
673
673
665
675
684
678
677
678
681
683
680
683
673
690
677
676
682
679
682
675
667
681
668
667
668
669
662
674
688
693
690
704
705
714
706
705
709
711
719
716
704
699
698
688
686
678
677
673
672
672
673
691
683
682
680
687
684
688
688
690
692
694
683
687
687
683
675
681
677
676
671
673
668
670
663
658
654
652
662
668
676
675
680
684
694
699
695
692
701
698
693
686
684
683
685
680
676
690
688
685
689
688
689
692
692
691
688
693
690
688
688
688
686
689
689
690
695
688
689
687
677
673
677
668
667
666
669
670
676
672
682
683
679
677
675
684
680
676
671
679
687
686
679
687
688
688
688
689
693
693
689
688
689
688
684
678
675
678
674
672
677
676
676
672
669
669
674
668
665
669
673
666
661
665
660
659
658
665
670
665
666
671
675
671
671
668
676
674
671
673
675
679
680
689
689
683
682
683
675
666
667
666
662
656
651
654
652
648
648
655
661
670
665
671
680
679
675
671
672
673
673
663
660
663
668
664
666
671
672
670
669
671
676
677
671
672
671
666
666
661
656
656
653
646
643
646
645
646
642
650
652
652
655
659
666
674
669
691
701
706
697
684
690
678
678
664
670
660
651
646
647
666
651
645
641
639
642
642
639
634
634
632
625
624
624
620
617
624
631
637
642
662
676
677
686
677
688
678
679
670
657
649
653
645
642
637
647
647
655
647
660
657
662
663
662
651
658
656
653
647
649
652
652
648
649
646
642
638
642
637
631
625
626
625
627
641
649
681
708
749
733
740
770
772
743
729
737
698
690
677
678
668
655
658
656
651
647
644
642
637
633
641
632
630
622
635
630
626
634
634
628
629
628
624
620
631
623
621
626
630
628
629
628
630
632
631
630
632
632
627
620
620
626
623
621
623
630
631
632
633
640
646
650
644
649
648
647
641
655
646
649
643
648
648
646
642
641
646
642
642
641
646
650
646
644
644
653
645
641
639
646
644
639
632
641
643
639
638
639
649
644
645
645
650
645
641
638
648
641
641
635
642
648
643
645
644
652
645
643
645
655
647
645
639
645
642
639
629
635
642
634
630
628
641
638
646
640
646
653
653
646
647
653
648
638
641
650
645
646
643
658
649
646
649
647
644
639
647
646
644
643
644
647
646
648
643
647
642
638
632
638
640
642
647
646
650
654
657
651
638
644
643
642
632
641
653
663
681
685
695
691
692
687
688
690
675
659
661
650
646
648
652
663
652
653
649
661
661
677
700
693
695
684
684
678
672
669
663
656
651
646
653
651
650
657
666
666
671
669
679
676
683
686
672
676
670
664
661
668
669
663
664
665
660
657
648
652
653
649
656
655
657
661
660
655
664
671
680
677
674
676
674
675
670
673
675
671
673
671
671
666
665
662
663
658
662
657
659
663
663
658
659
662
660
661
660
663
668
670
670
668
674
670
657
654
657
652
648
653
662
676
678
680
676
672
669
670
665
660
660
664
671
661
665
677
688
687
691
684
683
681
685
680
684
681
675
668
664
659
666
663
657
666
668
675
679
675
675
675
680
674
669
660
660
662
663
667
668
677
673
680
694
694
703
708
712
699
696
691
688
680
688
677
676
669
673
673
660
665
666
667
662
666
665
663
663
658
655
649
648
645
644
641
648
658
646
643
643
647
658
682
740
681
700
704
704
705
718
709
691
682
674
659
652
646
655
649
652
646
658
650
662
669
691
686
676
692
682
688
678
684
671
667
677
667
662
658
670
661
656
653
646
657
647
646
646
647
644
647
646
642
658
648
648
637
651
652
659
674
678
698
728
728
714
696
690
685
674
669
660
674
665
669
657
666
671
688
694
681
676
684
671
666
658
668
660
660
660
651
650
653
659
661
662
668
678
685
698
697
698
674
676
676
673
666
669
661
678
671
664
662
657
665
663
652
660
663
679
672
682
682
679
665
671
670
669
656
663
664
668
663
661
671
662
666
656
674
661
660
651
660
664
658
668
657
668
666
664
668
657
669
662
664
656
652
663
652
650
657
660
660
658
667
663
663
658
654
668
656
660
659
655
658
661
658
651
647
643
640
643
634
635
636
638
639
646
644
654
660
660
655
648
651
653
648
644
637
640
636
638
636
634
640
646
646
653
660
659
657
426
760
657
642
643
643
636
635
627
636
639
643
648
650
656
668
670
671
681
682
676
683
685
684
670
676
668
664
660
654
667
661
669
661
662
662
658
663
662
666
662
660
664
664
664
674
672
675
670
659
668
662
661
666
656
667
666
663
676
664
675
667
669
670
663
673
668
672
670
669
660
654
652
658
648
646
638
648
648
645
643
652
648
645
646
653
654
646
646
651
648
644
639
644
645
643
645
643
645
646
643
654
647
650
653
660
664
656
656
658
651
645
645
646
644
642
643
641
639
635
641
638
636
637
638
636
626
633
630
631
628
635
637
641
632
638
638
634
649
653
671
683
694
687
686
674
682
685
693
683
688
693
695
684
678
678
694
704
698
743
727
690
692
677
663
656
648
647
644
645
647
644
651
656
672
693
721
701
694
680
685
687
687
698
692
700
708
704
704
730
742
722
712
712
726
719
706
705
709
688
732
726
709
689
691
677
662
660
646
640
633
624
621
417
757
624
610
611
608
605
602
598
601
602
614
627
644
658
685
722
709
707
721
735
739
743
750
755
750
752
751
741
708
709
694
688
683
684
688
674
674
684
690
686
703
675
678
674
661
664
665
664
657
672
675
665
680
697
689
696
698
688
683
678
672
677
678
670
674
687
684
702
710
704
691
693
687
710
723
718
719
715
704
708
713
717
715
719
733
717
711
716
711
712
719
725
710
699
699
707
712
720
713
695
698
718
728
692
696
692
695
705
712
704
700
716
705
700
702
706
719
721
702
717
717
718
706
692
690
669
671
677
662
669
678
659
674
683
662
670
662
657
651
643
637
643
635
626
627
629
631
617
634
630
627
621
637
632
630
626
642
637
631
640
646
641
645
651
651
640
644
645
640
631
643
639
638
626
638
632
629
619
627
631
626
626
631
634
633
628
644
635
636
636
644
640
631
635
638
632
622
628
634
626
621
625
633
626
618
631
631
630
624
636
630
625
626
632
629
617
631
629
627
619
631
629
626
621
635
628
626
626
637
629
624
636
634
630
624
638
634
631
625
637
630
625
624
636
627
618
626
628
626
617
631
625
624
619
633
628
623
624
636
631
631
628
640
634
635
631
639
636
621
631
630
626
616
628
626
624
616
627
629
624
622
633
630
625
626
637
630
626
628
632
628
623
628
634
631
624
633
636
637
628
644
640
639
628
638
634
631
625
627
633
628
624
624
633
629
623
634
642
638
633
645
644
642
635
646
638
633
631
639
635
626
627
639
633
634
629
642
645
643
634
646
644
640
632
645
637
630
632
636
632
621
626
630
622
615
625
624
622
617
626
625
622
618
629
626
623
627
634
629
627
629
634
631
624
631
636
632
625
633
635
632
629
631
641
637
629
630
636
629
620
633
626
623
620
632
626
620
622
632
626
626
627
636
631
631
629
640
635
630
626
637
630
629
622
630
630
626
623
633
629
622
624
633
629
631
626
634
634
633
627
629
636
633
632
626
636
634
633
624
629
634
629
624
625
635
629
626
624
635
634
631
625
634
633
630
620
627
631
625
622
618
612
630
626
628
624
624
618
628
624
617
618
635
635
631
635
634
635
642
639
630
637
635
633
623
635
633
626
631
639
634
631
631
640
630
626
628
630
624
621
630
622
615
615
622
617
615
615
610
613
621
617
618
619
615
623
625
620
612
622
618
618
613
623
622
623
617
623
620
623
618
616
607
616
615
613
612
619
625
626
637
638
634
629
632
633
631
627
623
616
617
616
615
619
625
653
673
696
696
681
679
681
671
665
654
649
643
638
629
627
626
626
