509
508
510
510
510
513
509
510
512
510
511
510
509
510
509
507
508
507
507
504
507
509
509
509
510
509
512
510
509
510
510
510
510
515
513
513
510
511
510
513
513
510
512
515
513
515
515
513
511
509
508
511
512
514
513
511
517
516
516
516
514
513
517
515
513
514
510
511
513
511
509
510
509
509
511
510
508
506
505
505
507
506
507
505
506
505
508
510
507
506
508
506
508
507
506
507
508
510
509
509
513
509
507
507
508
507
506
506
506
505
507
507
510
508
513
512
510
510
507
510
509
509
506
507
508
511
512
512
510
509
509
507
507
506
507
506
506
508
509
508
506
508
507
505
504
502
502
501
501
500
501
500
503
503
502
501
502
501
503
502
502
501
499
500
499
500
500
501
501
504
504
503
503
505
507
506
505
504
503
503
502
504
505
505
505
506
506
504
502
504
504
502
501
500
502
502
502
501
501
505
504
503
503
503
504
504
508
505
507
506
512
513
510
511
508
514
518
512
513
513
517
516
515
522
524
528
529
529
528
533
539
536
533
531
534
537
535
533
536
540
542
538
533
540
543
537
542
541
546
547
541
539
542
543
542
543
537
539
542
543
543
542
538
542
543
544
537
541
538
545
538
535
538
539
545
541
539
537
540
543
541
537
538
541
540
537
532
537
541
539
537
536
542
541
540
537
536
539
536
530
534
535
539
539
533
532
531
531
526
528
523
520
522
523
525
525
522
518
520
521
521
527
527
524
520
523
526
523
522
519
521
521
521
518
517
522
524
528
527
527
532
533
537
533
533
536
536
535
529
532
533
532
527
523
528
530
532
531
533
534
538
537
535
537
540
539
540
541
532
530
525
526
524
524
524
528
526
525
531
527
528
528
528
527
528
532
527
526
521
526
532
530
528
529
531
536
535
537
537
539
537
536
530
533
534
534
535
526
525
530
531
532
531
527
529
529
532
526
528
530
530
531
524
526
529
530
528
528
527
530
529
529
526
528
525
522
521
521
521
519
517
515
515
513
511
510
509
511
512
512
514
514
511
509
509
511
510
510
513
513
509
509
512
511
508
505
505
505
505
504
503
505
504
502
502
501
501
500
499
500
503
505
502
505
504
502
503
503
503
501
500
500
501
502
504
505
503
504
502
504
502
502
499
495
496
496
497
496
495
497
499
497
498
504
504
497
499
501
505
504
500
506
514
516
522
528
523
531
534
535
535
532
538
543
546
547
549
552
555
560
556
551
551
554
554
552
543
547
549
551
557
555
552
559
568
558
562
563
567
571
566
574
580
582
590
594
585
582
584
590
579
578
573
565
570
566
564
562
562
556
549
544
536
537
541
539
542
540
539
534
530
528
526
521
516
513
518
517
516
516
515
515
517
513
512
511
510
509
505
504
504
503
502
503
501
502
502
501
503
503
504
503
503
503
502
501
503
504
506
505
505
504
507
508
507
508
508
508
512
509
511
509
512
513
507
512
514
504
507
506
512
517
519
520
521
526
535
543
546
545
549
555
555
550
554
556
563
561
559
560
563
565
562
563
563
561
557
553
553
549
549
546
543
540
539
536
535
533
528
525
525
524
521
521
518
517
519
519
523
520
517
520
522
521
519
511
514
516
512
512
513
517
520
521
525
520
522
521
526
526
522
523
524
524
521
521
522
524
528
531
527
532
536
539
537
537
536
537
534
536
531
527
524
522
518
513
517
517
517
512
512
516
520
524
517
521
523
527
530
526
530
533
534
533
528
530
531
531
532
529
530
532
533
529
529
530
531
530
527
526
526
527
525
516
520
521
520
516
516
517
519
523
521
520
519
518
520
521
521
521
522
521
521
521
520
522
520
518
518
518
519
516
512
516
517
519
513
511
514
512
514
508
508
504
508
509
512
517
522
525
518
520
521
521
521
519
518
520
521
520
521
521
517
517
516
518
515
512
513
513
513
510
506
507
505
505
506
506
505
506
507
507
510
510
508
509
509
510
509
509
507
509
511
510
506
507
509
508
509
513
511
509
511
514
512
513
509
511
511
516
517
518
520
521
525
521
522
524
522
521
520
518
517
516
513
511
510
508
508
508
506
507
506
505
504
506
504
503
504
504
504
507
504
504
503
505
503
503
503
505
505
504
505
501
504
506
505
505
502
502
502
498
498
501
505
505
510
513
516
521
530
533
534
534
533
533
534
528
524
521
513
519
520
521
515
520
529
531
533
540
543
543
547
552
555
558
559
555
558
559
554
551
549
543
542
541
540
536
528
529
528
528
526
528
523
526
530
530
533
539
543
548
553
561
565
565
563
563
566
566
565
562
561
561
561
558
555
552
551
553
550
543
542
537
536
534
534
531
532
531
530
529
529
530
532
530
530
527
527
526
524
524
524
527
530
528
528
526
526
523
524
521
521
521
521
520
520
519
521
522
523
524
528
526
524
524
523
521
522
521
521
523
524
525
523
525
525
525
521
524
524
524
523
521
521
521
521
519
518
515
516
515
516
515
515
514
515
515
516
517
515
518
517
518
520
520
518
519
520
521
520
521
520
521
523
522
521
523
523
523
525
525
525
525
526
525
527
526
527
528
531
530
530
532
530
529
529
526
527
522
524
523
521
521
521
521
521
518
519
516
516
517
518
517
518
521
522
525
525
526
526
526
527
526
527
527
527
527
527
527
526
523
523
522
521
521
521
521
521
523
524
523
525
526
524
526
527
527
528
528
531
532
531
536
531
532
531
531
528
526
527
528
523
524
522
521
521
521
521
521
521
521
521
521
521
521
520
523
524
526
524
526
526
528
530
529
531
530
530
528
528
528
529
530
529
532
531
528
528
527
524
524
525
525
523
524
523
527
523
525
526
525
525
526
528
525
526
525
523
527
526
526
527
526
523
523
523
521
521
520
521
521
520
520
519
520
520
521
522
523
524
528
530
531
531
533
532
532
532
534
532
532
530
529
531
530
529
528
528
527
527
526
526
528
528
528
531
532
533
534
535
535
538
536
535
535
535
537
536
536
536
536
536
537
535
532
531
531
529
527
524
524
526
525
524
524
524
524
524
525
524
524
525
526
527
527
529
529
531
532
531
528
532
531
530
530
529
527
529
527
526
527
528
526
528
528
528
527
526
524
524
522
521
521
520
521
523
522
525
526
526
525
525
525
527
527
525
521
523
524
522
521
519
519
518
517
518
517
517
518
518
517
519
521
523
523
522
521
522
522
523
523
525
527
529
532
534
534
535
535
535
535
536
535
536
534
534
535
534
534
534
534
537
537
537
536
535
536
533
533
533
533
532
532
531
532
532
530
529
531
528
523
521
521
521
527
531
535
540
543
542
546
542
541
533
533
532
530
533
535
535
539
541
542
540
540
540
536
534
532
533
531
531
532
531
534
535
538
538
540
543
544
547
550
551
555
557
556
558
556
558
560
557
561
558
560
559
557
560
558
559
560
562
564
562
560
560
556
558
556
554
554
555
554
555
556
556
552
551
553
553
554
554
553
557
554
555
554
551
549
546
545
546
548
547
545
547
547
548
551
553
550
552
551
550
546
543
542
542
544
544
546
551
552
554
562
563
563
563
565
565
562
564
563
563
561
559
561
560
560
561
558
557
556
556
555
555
558
557
559
560
558
561
561
561
561
561
558
558
556
552
554
554
554
553
553
553
550
550
552
548
546
546
546
544
542
541
540
539
544
544
545
546
547
549
549
547
549
547
548
547
547
548
546
548
548
549
549
549
550
550
549
549
549
549
549
549
549
547
547
547
548
547
545
545
547
546
545
546
546
545
547
551
553
558
560
560
562
563
563
566
564
565
565
565
563
563
561
563
560
560
561
561
563
563
563
562
561
559
561
561
559
563
562
560
563
566
567
572
574
573
576
573
574
568
566
568
567
565
566
569
571
565
564
561
561
557
557
553
552
553
553
556
558
559
563
563
567
569
572
573
572
574
576
575
573
574
571
572
573
567
557
561
557
554
551
546
545
543
542
541
541
539
538
536
534
532
533
528
526
522
522
521
520
520
520
520
519
521
518
515
517
514
513
513
515
516
518
520
520
523
522
521
525
527
521
518
517
515
516
516
517
516
519
520
521
521
520
519
518
519
517
516
515
515
516
517
518
516
520
519
521
522
521
517
518
517
518
516
514
513
511
513
512
511
512
510
510
514
514
517
517
520
519
524
521
519
521
518
518
526
526
529
532
531
549
543
546
550
551
552
554
557
558
559
550
537
536
533
540
537
538
537
541
540
544
547
548
554
563
569
576
569
581
585
585
581
585
588
586
587
579
575
571
573
574
571
569
572
579
578
574
569
572
573
576
576
571
580
577
577
572
573
574
567
572
573
569
564
570
566
563
560
563
568
569
563
566
566
570
564
568
568
567
563
565
563
563
556
556
556
557
555
548
548
550
552
553
550
543
551
552
554
556
551
551
557
557
556
552
552
557
558
559
550
553
556
559
563
565
566
565
562
563
565
565
561
562
561
566
563
556
559
559
555
555
546
551
554
551
549
548
557
557
555
551
561
565
567
562
568
570
568
563
562
564
565
563
560
560
561
562
559
558
562
565
562
561
563
563
563
557
561
564
565
562
557
561
562
563
556
555
555
554
551
551
550
543
545
542
539
539
538
535
534
539
543
547
549
542
545
547
552
554
552
546
546
550
550
550
553
548
550
549
553
556
555
553
554
558
557
556
555
559
562
562
559
559
563
563
559
565
563
565
559
563
565
565
563
557
565
563
560
554
563
564
562
558
562
563
562
558
560
561
562
559
557
558
557
561
555
554
553
551
545
538
539
538
535
535
537
538
537
534
533
529
528
526
522
524
521
521
521
518
517
517
517
516
516
513
510
508
507
507
506
504
510
508
506
506
505
506
508
513
512
510
511
517
520
524
522
528
532
531
533
534
543
547
542
540
536
544
545
553
561
563
569
569
579
586
586
585
584
583
579
586
578
574
573
567
564
563
561
555
559
563
567
554
556
558
557
556
549
548
551
551
555
556
563
558
560
561
558
557
563
564
561
562
561
570
573
579
572
575
578
578
579
589
589
589
588
578
581
575
569
567
567
566
568
569
575
582
582
580
593
597
593
590
590
589
581
578
575
567
570
580
579
570
578
577
583
582
580
578
575
578
570
572
573
578
569
570
569
573
575
567
569
569
582
591
599
593
589
595
595
594
593
587
581
577
579
574
573
565
569
577
579
582
577
577
574
574
571
575
576
577
581
584
583
574
574
575
578
567
561
556
553
547
543
541
542
541
542
545
540
544
558
563
560
559
563
570
570
567
563
573
578
559
555
563
564
566
571
578
575
577
582
585
577
574
579
580
573
576
575
581
576
569
576
581
583
578
582
585
576
576
582
586
583
577
588
589
587
583
588
592
586
578
586
583
587
589
579
577
583
586
586
587
581
588
586
585
579
581
576
576
577
577
572
571
572
571
565
562
559
561
556
552
553
551
551
542
542
545
539
541
537
536
538
540
541
544
546
545
550
556
559
559
560
560
562
559
555
552
550
550
549
545
542
542
547
545
543
548
546
543
542
543
539
540
540
539
542
541
540
535
534
533
537
537
538
533
533
533
531
535
539
539
540
540
539
538
542
548
549
549
550
556
554
548
544
541
540
535
539
543
537
536
534
532
534
535
538
541
541
550
558
555
557
559
558
557
559
563
561
555
558
558
557
555
548
545
551
551
550
551
555
562
567
571
568
568
586
585
590
592
598
602
598
597
591
595
593
587
580
584
586
590
581
591
591
591
585
587
595
594
590
587
596
595
594
589
595
598
597
589
597
596
598
586
586
588
587
587
582
589
591
587
578
587
586
587
579
575
578
580
579
570
584
581
583
575
584
584
591
578
576
582
583
580
574
581
585
592
589
593
594
603
597
603
615
615
611
595
599
607
606
604
592
598
603
610
602
605
602
606
618
613
592
594
589
580
576
571
569
566
568
569
563
563
562
561
560
558
553
555
554
554
548
549
549
551
550
545
547
550
551
556
552
555
557
562
564
562
562
562
561
561
563
564
565
563
562
563
563
563
560
562
564
564
563
558
552
554
555
559
561
563
566
572
576
582
585
582
583
584
578
572
576
576
579
572
578
578
583
574
580
585
584
583
584
588
589
582
589
583
584
578
579
579
580
576
578
575
576
588
588
582
580
576
574
575
573
576
575
574
575
579
585
577
581
583
586
582
584
581
580
579
580
576
575
575
573
569
564
563
559
557
554
555
552
550
550
550
549
545
545
547
546
548
549
546
544
541
539
537
536
537
538
536
536
531
536
535
533
530
527
530
530
532
533
533
533
532
529
526
526
528
525
523
526
525
526
528
529
526
531
535
534
539
535
535
534
535
536
544
546
542
552
559
563
566
563
566
573
584
593
596
597
606
612
601
593
591
599
604
600
604
611
608
604
596
602
594
595
585
584
581
579
580
579
578
576
580
581
580
578
573
582
585
586
578
581
585
587
586
580
586
586
587
584
585
587
588
581
585
582
580
578
573
569
567
563
562
562
560
552
557
556
558
551
549
552
553
553
552
548
550
554
558
556
553
560
562
565
565
561
570
573
573
565
565
572
581
579
580
576
573
583
579
582
574
582
585
585
591
583
588
588
590
591
583
584
588
590
586
576
586
586
582
583
579
576
579
579
578
574
573
571
568
568
568
563
561
560
553
549
551
546
545
545
545
549
549
548
552
557
562
560
561
565
568
572
567
566
561
560
559
557
554
553
548
545
542
542
543
541
542
542
538
542
539
537
538
536
539
540
538
535
542
549
552
555
550
545
546
552
550
548
548
547
550
549
548
545
556
558
557
559
558
563
562
565
567
564
572
571
572
569
573
575
572
566
563
562
562
569
573
572
572
574
572
579
577
575
568
573
572
575
567
572
565
571
571
563
570
578
573
575
578
582
576
572
576
579
577
582
574
584
582
577
580
581
575
575
573
573
576
572
570
573
575
568
573
573
575
572
581
590
583
575
583
580
572
575
569
565
563
568
564
563
564
569
565
569
568
564
561
572
578
583
586
600
601
605
598
595
591
599
605
599
583
580
579
576
578
567
571
574
575
586
589
588
590
588
583
582
580
586
589
592
593
591
590
590
589
590
591
583
582
578
581
580
569
568
566
567
566
567
572
567
575
567
566
567
567
568
577
563
566
574
574
577
580
583
582
585
593
588
585
583
586
582
571
571
575
573
579
574
573
578
577
579
570
573
572
576
576
568
569
571
568
569
572
570
575
572
568
572
579
578
580
578
574
570
579
576
576
569
576
574
580
582
570
571
573
575
573
574
572
575
570
567
578
576
580
573
577
584
587
588
585
593
600
594
590
587
583
581
597
589
585
580
584
583
583
583
584
581
584
580
574
575
571
565
569
572
577
590
603
611
617
623
632
639
632
630
637
634
634
632
628
623
629
620
615
625
626
623
626
624
621
624
626
617
622
622
626
618
618
622
618
618
626
623
614
617
616
606
608
603
603
599
595
597
595
594
593
589
570
571
571
566
563
563
563
570
579
592
593
596
615
617
626
641
651
647
644
651
654
655
637
636
632
627
625
630
620
625
619
625
621
614
620
622
631
627
626
634
633
635
628
633
633
635
626
629
639
641
642
636
645
658
655
647
641
647
648
641
644
642
652
642
644
652
654
648
648
657
663
653
653
658
657
645
646
650
648
642
646
649
646
642
645
645
636
631
632
632
629
616
616
612
604
601
602
600
597
595
598
597
588
580
576
578
562
563
557
552
548
545
549
548
544
538
540
538
541
545
546
544
544
547
556
562
564
563
563
562
561
561
563
563
560
562
561
563
560
561
569
576
562
561
557
553
547
546
544
540
540
538
534
537
535
534
534
535
534
537
540
538
539
541
539
543
545
543
537
538
540
536
535
535
528
530
530
532
531
530
530
532
534
532
531
529
525
525
523
523
523
522
525
526
528
533
531
528
531
531
531
529
528
528
527
526
524
522
521
519
519
516
516
515
515
516
515
515
517
517
517
519
517
516
514
514
514
514
511
507
509
510
510
510
507
509
503
502
506
508
521
521
521
527
524
522
522
523
516
517
518
519
521
524
521
526
531
537
539
543
544
546
546
547
547
548
543
537
546
549
549
558
556
574
581
600
601
608
617
618
627
627
618
611
617
606
602
604
600
587
589
591
590
599
583
589
594
600
592
593
596
598
594
586
594
593
592
584
588
582
581
578
577
572
569
573
577
573
570
569
576
577
587
576
578
581
586
581
581
582
581
578
573
577
577
580
571
577
582
585
578
588
590
583
590
591
586
581
586
585
578
583
588
592
578
581
582
579
578
579
579
573
571
573
577
578
577
578
579
581
582
578
576
576
565
571
569
564
569
564
565
567
570
574
573
580
578
589
584
581
590
591
589
589
593
589
574
567
565
562
555
552
550
545
543
541
537
538
536
534
534
529
523
525
524
523
521
521
523
523
521
519
517
521
521
519
518
517
519
519
519
516
515
514
515
515
517
524
531
532
534
534
539
541
537
542
547
547
549
542
543
548
550
549
555
551
552
556
556
555
559
562
562
561
567
566
569
568
561
560
561
562
563
555
564
564
570
578
577
588
587
598
604
597
591
598
602
605
597
606
609
611
604
605
613
621
613
602
613
612
616
605
609
607
604
595
598
602
602
594
595
599
599
587
595
595
597
586
595
589
593
586
590
587
588
583
586
583
584
575
576
577
575
567
567
566
566
564
564
563
568
570
569
564
568
564
566
565
561
563
568
567
565
562
571
569
577
577
572
573
573
578
574
575
577
572
570
564
570
560
563
561
565
568
559
556
554
555
550
551
552
550
548
553
555
551
557
566
556
562
567
571
563
571
573
577
571
578
578
582
580
574
577
573
572
573
571
571
564
573
575
584
576
580
584
592
596
596
593
598
602
599
587
591
592
592
589
599
600
604
604
604
598
593
597
602
596
592
590
586
578
567
575
573
566
569
572
574
575
569
573
569
580
577
586
584
588
589
591
590
588
594
587
580
578
573
575
566
567
567
570
577
578
576
576
572
576
575
575
575
576
572
571
567
565
565
567
570
572
570
563
563
563
561
555
555
556
557
557
559
561
557
558
555
557
556
554
557
561
563
554
557
556
553
549
547
542
550
546
541
538
537
535
535
538
537
536
535
538
532
533
536
537
537
535
542
547
544
551
561
561
565
571
571
580
577
574
581
591
586
580
573
570
572
569
565
570
576
577
583
576
573
577
575
579
583
580
580
585
586
589
588
584
585
586
584
587
589
584
587
590
588
585
584
578
573
571
565
570
573
577
578
569
566
566
565
563
567
571
569
565
571
576
578
578
578
581
585
596
592
586
583
578
575
571
578
582
579
575
574
569
563
564
566
569
571
575
576
585
583
582
586
582
585
570
573
571
575
574
570
567
570
566
569
564
568
564
563
566
572
566
570
568
569
570
565
568
568
567
569
576
581
582
577
579
581
570
561
564
561
559
555
575
573
570
562
576
584
579
587
583
582
589
596
601
593
592
586
583
582
582
577
578
568
565
564
558
549
552
558
563
566
572
577
590
602
600
603
613
605
599
594
595
593
578
580
580
579
568
567
570
572
566
576
581
603
611
604
611
614
610
606
607
603
602
596
592
592
585
581
580
586
592
586
589
584
591
588
583
589
585
588
592
594
596
595
593
591
575
581
577
576
575
579
575
572
579
582
581
588
581
575
575
574
581
573
576
578
579
585
577
578
574
574
578
573
577
571
575
570
559
555
558
564
557
560
562
571
573
568
572
575
587
573
574
572
567
566
567
571
562
558
563
567
565
564
572
571
581
584
574
586
592
594
586
584
590
593
591
582
583
591
592
581
581
586
590
594
595
585
587
592
588
588
583
578
576
578
581
583
584
578
583
585
586
587
585
586
588
589
587
582
578
573
570
569
567
571
563
573
565
572
578
576
575
575
570
569
567
569
571
574
567
571
570
577
570
570
567
561
565
566
557
557
553
552
552
552
553
562
559
565
566
563
564
561
559
559
557
561
562
561
558
559
561
559
558
556
558
563
566
574
565
564
552
549
546
542
537
539
540
549
563
584
604
628
650
648
661
667
664
665
660
662
664
664
661
658
664
663
665
664
665
660
663
654
648
650
642
620
616
609
604
601
611
604
601
596
592
594
597
598
598
608
620
630
641
647
646
655
656
655
658
658
653
658
660
654
650
634
627
626
632
614
622
607
604
598
598
600
594
595
592
591
591
591
589
589
592
591
582
583
584
590
600
601
602
604
613
623
619
637
633
638
623
633
631
623
618
622
620
609
607
607
607
611
606
603
598
596
600
599
602
591
594
595
593
591
585
582
589
591
584
585
584
586
586
581
579
565
573
576
574
582
582
584
585
582
580
583
588
590
589
596
589
595
593
594
595
587
597
594
592
588
580
590
582
584
585
587
591
587
594
586
595
595
595
583
587
591
587
579
573
581
581
582
572
575
579
577
574
572
577
577
576
574
574
571
573
569
570
567
569
566
563
562
561
559
561
560
559
560
559
557
553
556
557
561
560
553
550
555
553
551
553
546
552
560
560
560
562
572
577
583
578
577
581
582
583
577
582
584
581
578
579
581
588
583
577
584
587
591
582
585
588
595
596
584
586
590
592
583
583
584
580
590
588
579
585
584
585
584
582
579
577
571
574
574
571
571
570
572
570
570
567
571
574
574
572
574
576
577
582
577
578
579
571
573
567
565
563
558
563
562
563
563
566
567
563
564
568
577
576
575
571
577
575
574
575
574
581
581
582
585
578
576
578
578
578
576
577
578
578
581
570
579
574
572
573
570
575
580
577
582
584
585
587
598
595
590
596
594
587
586
581
577
575
582
592
592
600
608
603
605
614
616
618
610
601
593
591
582
579
576
572
569
565
562
561
566
560
563
562
564
566
574
578
587
585
590
585
590
584
584
584
582
577
580
579
579
582
585
593
598
596
608
611
613
609
601
599
598
594
589
591
596
593
594
592
584
582
590
582
588
589
591
585
581
583
583
592
590
591
594
590
597
598
601
601
603
606
604
601
598
596
599
605
602
602
588
588
584
575
567
568
572
577
570
574
582
587
587
582
587
589
589
590
575
582
588
583
579
582
586
578
575
580
581
576
578
577
583
585
583
576
589
586
581
581
578
569
570
573
579
575
577
581
583
592
583
592
586
587
588
593
581
582
585
586
592
589
587
588
597
603
605
604
598
595
592
588
581
579
581
585
579
582
581
575
574
573
574
571
567
564
569
570
574
575
573
577
568
572
576
575
565
569
570
572
577
579
577
574
585
583
584
579
575
578
579
582
577
570
578
579
579
576
580
577
577
579
575
579
584
585
576
587
589
587
578
582
582
579
580
582
584
582
578
579
575
583
588
595
597
597
598
597
596
602
590
585
590
589
580
569
572
569
572
575
568
576
574
575
566
568
565
562
562
564
568
569
567
562
565
562
563
569
567
568
569
576
577
573
570
572
568
567
567
563
561
563
559
558
555
557
556
551
555
557
561
563
567
563
566
566
564
566
571
560
562
562
567
566
571
572
580
593
591
593
591
588
590
588
597
598
600
601
608
600
594
603
619
617
597
610
611
610
600
595
591
596
575
576
576
573
572
576
559
558
560
560
563
571
569
576
585
590
585
583
586
591
604
593
596
589
574
572
569
571
571
566
566
569
570
578
572
577
580
586
584
577
580
573
572
580
585
573
573
576
581
584
580
590
602
605
599
592
596
595
596
584
582
581
579
584
571
574
574
575
583
585
584
596
600
581
593
585
574
578
571
574
578
577
586
584
584
582
592
595
589
595
596
588
580
571
578
570
573
577
579
584
599
599
589
576
579
584
592
591
565
551
572
557
557
562
566
557
542
564
564
568
566
573
564
559
563
563
564
556
544
562
556
559
563
568
571
575
579
581
572
586
592
591
578
584
582
586
573
574
576
578
571
569
572
568
572
585
582
570
577
574
579
563
567
571
574
579
572
577
571
575
581
578
578
582
573
572
571
577
581
578
571
574
576
578
580
582
578
584
588
596
590
588
580
580
588
583
580
577
569
569
568
567
568
570
574
579
584
588
592
593
599
605
611
611
612
608
618
616
623
624
626
629
621
623
626
617
614
606
596
595
592
581
583
581
592
593
595
597
600
586
582
589
586
588
582
577
575
577
578
576
571
575
572
577
583
594
609
604
620
627
630
615
617
617
618
615
630
633
627
613
621
616
613
618
618
608
606
605
612
603
596
599
594
591
583
576
575
572
567
559
561
560
561
567
570
575
582
598
600
611
623
625
627
636
640
634
649
638
641
641
638
628
628
618
615
615
592
597
589
584
581
581
584
583
587
597
614
623
624
627
628
631
632
631
638
646
653
651
646
653
667
670
660
660
662
667
669
666
670
657
653
663
663
656
655
665
662
658
663
660
666
659
651
653
641
640
644
635
634
627
637
631
631
639
645
628
636
644
640
637
646
649
658
654
670
673
666
662
662
662
660
651
653
643
633
633
624
621
621
619
617
612
605
598
600
603
603
595
590
585
588
591
599
604
609
608
620
636
641
646
645
647
646
650
648
645
641
640
637
639
632
630
616
604
594
588
584
578
573
578
596
629
664
670
682
710
718
702
706
708
701
702
696
689
693
691
685
687
684
685
673
675
679
674
669
675
669
662
670
683
675
668
672
669
666
664
667
666
655
662
660
656
657
657
658
650
655
657
664
651
652
651
651
645
647
640
638
644
643
630
624
629
621
622
617
607
603
598
593
596
592
586
583
579
577
573
574
569
563
557
558
563
556
563
562
562
564
564
558
572
571
572
563
563
564
576
574
577
580
579
583
579
581
579
578
575
566
571
575
574
575
579
580
585
585
585
579
581
577
579
578
575
578
579
581
580
577
579
580
582
584
584
576
582
576
576
570
570
573
579
581
578
583
589
594
600
593
601
605
604
610
600
599
602
599
600
588
597
598
599
600
596
599
601
605
602
601
604
602
595
596
569
590
584
583
580
576
577
572
570
573
573
568
570
568
570
574
570
563
565
565
566
567
554
563
560
576
575
575
572
583
588
594
597
598
592
597
597
595
589
593
594
597
601
596
584
590
589
592
596
595
591
585
584
589
592
592
587
582
582
592
608
599
605
604
600
599
594
589
589
588
585
583
582
578
584
584
586
586
585
590
593
599
588
597
598
599
587
580
574
581
594
590
589
590
589
582
582
586
583
584
585
580
594
594
590
595
598
599
593
590
592
586
587
582
582
582
584
591
582
579
581
582
585
583
576
572
563
555
589
572
573
570
571
568
569
569
566
565
567
572
570
577
573
580
583
584
584
579
588
588
588
574
569
587
583
586
580
584
587
584
587
587
589
589
587
581
583
586
583
589
590
582
583
581
584
588
582
577
581
580
580
575
576
576
578
572
578
584
589
590
578
588
585
590
585
581
586
584
592
587
586
590
592
590
585
589
596
589
582
583
587
587
581
582
584
585
580
583
585
580
583
578
578
572
576
573
579
582
574
580
580
579
574
579
579
584
584
578
583
584
587
580
585
583
589
592
592
588
591
593
594
598
587
589
586
587
595
593
590
597
602
607
615
611
608
608
608
609
595
597
598
603
601
592
597
597
600
590
586
583
592
593
589
594
592
595
594
599
596
599
603
606
588
596
597
601
604
603
598
603
611
619
617
608
605
603
615
604
612
616
615
626
618
615
620
628
625
612
613
609
630
631
616
625
619
623
615
610
608
613
605
603
596
592
585
582
583
581
583
574
563
558
565
570
576
586
587
590
587
595
590
588
587
582
587
584
590
594
585
592
586
586
589
578
581
579
578
582
576
581
579
578
572
577
577
580
576
580
583
586
580
582
585
583
577
585
587
586
582
579
581
585
582
578
580
579
578
578
580
587
578
584
586
585
583
586
586
590
588
584
590
589
594
586
590
590
595
592
584
587
587
593
592
585
591
587
589
589
583
593
591
584
585
587
583
585
593
598
604
597
592
596
599
601
595
591
586
586
586
587
581
580
577
576
579
581
579
576
577
574
578
575
571
564
565
567
568
570
569
570
572
575
572
575
580
583
569
574
575
576
571
573
574
575
575
570
573
577
582
581
578
578
586
585
578
580
577
579
580
580
576
574
573
571
571
563
562
557
557
559
560
556
559
552
559
560
558
558
556
561
561
560
559
561
566
565
563
571
574
577
576
575
579
579
581
569
571
571
566
564
560
563
558
554
554
557
556
558
558
565
566
563
563
562
565
567
563
563
565
563
561
558
563
567
567
567
572
566
568
578
581
583
569
563
576
588
591
591
611
609
610
609
603
600
603
597
598
598
593
596
596
592
590
584
591
586
593
602
593
601
600
610
616
608
614
621
616
614
614
617
615
621
605
621
626
628
616
621
623
626
616
624
629
626
619
614
610
610
612
613
608
607
605
606
609
612
604
607
608
612
610
606
598
604
605
605
601
596
602
598
600
602
600
592
593
591
591
590
590
589
592
583
575
579
575
579
575
578
577
573
575
579
576
576
577
574
574
573
579
577
575
578
576
576
570
574
577
572
570
566
566
570
570
572
571
567
566
563
561
559
557
557
554
555
561
564
563
562
563
569
563
569
569
578
572
577
567
567
565
574
568
565
573
574
565
568
564
567
564
566
566
564
559
562
563
568
569
573
571
570
564
564
567
569
568
560
562
562
563
579
584
580
584
592
599
609
613
611
617
623
623
620
627
628
623
619
624
621
622
608
611
614
607
605
613
608
604
604
607
611
602
603
609
614
606
606
603
606
607
609
608
604
608
596
599
596
591
593
590
590
587
590
583
581
583
578
580
583
588
592
592
596
594
595
599
593
590
591
585
573
575
574
572
581
588
586
585
594
598
599
606
605
598
599
593
591
591
589
594
610
610
625
630
642
624
617
616
612
613
610
604
601
598
606
598
605
608
595
604
600
604
610
604
604
599
598
600
584
592
581
574
576
574
578
598
590
589
597
598
605
602
602
599
602
604
603
591
601
597
593
593
589
593
604
612
622
630
629
626
609
606
602
604
608
606
606
606
606
611
620
612
614
606
604
608
587
567
595
586
577
552
579
583
582
578
567
578
592
591
590
583
590
603
602
596
599
597
586
591
593
585
583
589
597
592
597
608
601
607
618
617
608
615
611
611
608
622
622
633
630
623
621
628
625
613
623
616
611
621
620
604
615
604
595
599
595
603
602
601
601
598
607
608
600
598
588
583
579
574
569
567
562
579
563
579
581
582
587
591
580
583
583
583
566
563
560
560
578
578
578
576
582
588
599
608
605
598
598
605
611
612
611
604
612
611
609
604
603
606
613
616
606
611
614
614
606
607
604
599
604
599
588
590
591
597
605
609
601
605
605
618
616
615
607
615
618
620
627
616
619
619
631
619
629
627
634
639
621
640
635
631
626
624
629
632
621
609
611
622
641
630
622
628
631
626
621
607
606
604
598
601
596
596
598
592
593
580
582
580
582
576
572
573
569
564
565
575
574
572
567
564
572
573
569
558
563
563
567
568
563
558
560
561
575
575
575
564
565
561
559
559
559
563
564
564
565
573
563
567
574
563
569
580
575
573
577
570
563
570
567
557
559
564
562
564
564
574
586
595
598
589
576
606
616
616
620
628
626
627
627
632
624
625
607
613
624
614
609
612
612
611
613
618
622
622
619
619
619
625
622
625
635
646
624
635
633
629
638
643
640
635
634
633
632
627
622
632
627
620
623
624
630
633
634
634
640
625
627
636
616
618
625
619
620
617
621
620
614
616
598
605
601
603
601
601
600
597
599
596
597
600
595
597
591
589
586
589
588
596
596
604
612
604
605
602
601
603
598
601
600
599
593
589
589
589
588
595
595
601
604
601
598
599
587
580
579
580
570
569
565
567
569
564
562
559
561
561
556
557
560
555
559
557
558
560
551
544
545
547
558
572
579
584
606
630
640
640
633
631
633
637
654
640
642
643
625
629
634
631
621
620
614
607
602
595
591
585
578
579
581
585
589
591
594
599
604
616
624
626
632
643
658
658
661
671
671
677
670
680
685
682
673
683
680
687
675
671
655
652
662
653
651
657
665
662
646
646
641
641
649
656
640
635
642
635
640
644
654
650
659
673
686
669
682
682
678
675
657
663
662
651
655
665
676
674
684
689
690
682
687
689
679
670
670
673
676
672
679
693
691
686
692
693
685
686
686
682
682
690
692
691
690
705
689
693
706
697
701
704
699
695
707
696
682
683
680
680
676
685
687
694
692
694
698
690
681
674
679
684
689
682
674
664
654
658
646
635
625
622
621
623
625
620
625
619
619
616
612
611
608
606
613
615
621
629
638
641
644
641
641
639
647
640
634
623
616
616
617
614
615
620
622
618
622
627
633
635
631
627
625
622
620
616
615
616
620
624
625
630
629
627
630
632
630
631
627
626
625
622
616
615
599
597
612
611
612
610
611
612
610
604
603
603
609
619
627
628
630
630
623
624
618
616
615
609
610
613
610
609
613
618
616
620
617
620
621
623
619
617
613
615
614
620
625
619
620
619
619
616
610
607
610
616
613
613
617
621
614
613
609
606
604
612
604
608
609
612
615
618
616
617
609
606
603
604
609
608
611
616
613
615
613
619
626
627
628
626
621
620
624
620
615
612
611
616
614
613
613
611
609
607
609
606
609
602
601
599
597
598
594
599
600
598
601
605
602
601
604
606
608
615
611
615
620
627
626
631
625
626
624
619
616
615
596
593
596
595
583
581
577
573
577
572
566
565
567
567
574
573
570
569
567
568
575
575
578
582
579
579
572
571
570
570
569
565
563
559
561
563
568
575
584
593
604
596
604
610
615
622
618
617
615
631
619
610
612
613
624
624
629
633
637
633
645
639
643
635
642
644
638
642
634
631
625
613
610
607
604
608
605
609
619
631
618
623
623
628
623
619
624
624
623
627
642
650
646
648
654
669
658
655
669
663
656
655
663
660
650
661
658
650
633
645
642
648
641
644
648
655
659
650
650
656
665
658
657
673
668
673
680
676
673
678
677
671
665
665
671
672
668
653
651
659
653
636
634
631
628
622
617
615
609
608
608
610
606
607
609
606
605
607
607
600
595
594
591
588
590
588
593
602
596
597
594
595
593
602
613
616
619
609
612
620
624
628
621
625
627
631
627
625
629
635
624
618
620
623
628
646
635
641
639
628
637
629
633
627
630
640
636
638
638
633
631
628
617
614
612
608
605
597
590
594
598
599
590
594
596
604
610
611
611
605
608
600
593
592
598
611
609
605
601
596
592
586
592
601
607
602
593
593
603
604
605
593
598
587
602
600
593
590
607
609
619
625
619
618
624
632
633
620
623
626
627
632
619
613
617
612
613
609
608
619
621
624
613
616
625
619
610
604
601
617
615
610
613
603
607
604
603
607
601
599
601
597
602
597
602
598
599
592
599
603
602
602
588
599
600
598
595
590
592
595
598
590
595
594
594
596
587
598
591
586
583
581
587
588
577
583
582
603
600
593
602
612
624
618
628
626
628
638
635
612
628
628
633
641
631
631
630
646
644
610
611
595
614
608
609
603
592
610
607
608
607
604
596
606
606
602
599
590
596
594
597
595
592
588
599
599
596
600
594
608
610
613
604
605
592
590
587
602
595
599
601
597
595
596
591
579
574
572
573
577
586
586
591
599
613
623
626
616
606
622
615
606
598
595
585
577
579
585
592
589
583
602
615
625
622
622
609
642
650
653
645
630
631
637
637
623
626
631
632
633
636
621
638
634
629
620
627
635
637
634
631
639
635
640
625
627
634
637
638
642
645
645
643
646
648
646
642
630
635
640
639
633
632
632
635
628
623
630
632
640
629
622
629
631
637
627
620
624
629
631
628
625
623
625
616
612
616
616
615
608
598
598
607
609
613
609
608
614
616
616
613
606
609
614
611
605
596
606
609
614
617
600
604
605
605
603
598
583
586
591
581
604
606
605
591
601
613
608
600
602
598
595
593
592
585
584
580
580
586
583
584
588
587
590
591
588
584
577
573
566
563
564
574
568
585
586
588
587
587
580
579
574
574
574
572
571
572
570
566
564
566
564
565
565
576
579
581
591
586
595
594
593
593
602
602
603
602
606
610
605
603
604
604
604
587
603
601
601
596
600
604
599
597
598
598
603
592
600
601
608
604
596
602
602
601
595
601
600
605
604
602
611
613
621
610
617
615
608
608
610
612
622
622
618
617
616
624
611
616
605
603
606
606
605
599
606
609
614
606
610
619
619
621
610
616
617
615
609
613
612
606
611
615
611
603
612
613
618
614
611
609
617
616
607
609
610
601
598
599
605
601
598
595
596
582
584
604
598
604
597
597
592
585
589
584
584
590
591
590
595
605
608
605
596
601
600
596
592
592
592
596
597
595
583
586
599
592
585
584
582
589
583
590
589
587
582
581
585
588
582
583
588
592
590
588
581
585
599
596
597
598
590
587
580
581
577
580
578
579
582
595
595
596
590
585
599
591
595
580
580
581
594
596
600
604
603
608
606
603
590
605
607
603
601
597
603
606
609
607
610
609
614
615
616
612
611
612
619
613
611
617
615
608
610
611
610
616
615
614
615
594
591
594
589
602
598
594
593
600
610
616
613
613
610
617
623
626
628
625
616
612
614
617
627
623
620
625
629
635
636
631
642
640
634
620
617
613
613
604
592
600
601
605
609
604
604
607
615
621
615
600
613
607
604
606
604
594
585
602
602
606
607
605
601
604
609
606
614
611
610
604
608
607
607
602
598
597
600
605
597
602
606
604
601
604
607
609
609
593
615
611
607
604
601
603
587
589
596
595
599
588
595
598
604
604
603
600
603
605
604
607
598
589
601
604
604
602
600
593
608
609
610
609
604
604
612
613
610
602
606
606
609
601
610
609
608
599
604
609
604
604
596
602
601
604
603
596
595
600
599
602
595
590
595
595
591
592
591
595
594
585
581
582
598
588
584
585
575
580
588
586
579
566
574
570
586
585
586
572
590
587
599
597
592
595
602
610
612
604
606
608
611
613
605
594
606
606
605
597
588
603
602
602
604
601
606
605
609
609
601
591
607
606
606
584
606
604
608
603
597
604
606
611
606
604
611
616
620
612
613
613
615
616
604
609
608
616
616
605
607
609
614
604
604
604
605
605
604
603
609
608
611
604
589
592
602
604
600
582
587
596
596
597
591
580
599
602
603
585
602
605
598
597
599
604
605
603
600
585
601
594
597
593
577
595
594
599
596
580
598
597
602
604
599
587
605
605
611
614
602
595
615
614
609
602
604
602
600
597
605
594
586
600
598
604
601
602
596
606
610
607
605
604
610
615
619
591
599
619
610
610
603
608
614
620
617
607
609
611
612
608
607
598
591
608
604
604
585
604
604
610
607
589
605
603
605
604
601
597
586
610
603
602
586
589
605
606
604
585
610
605
611
606
603
592
595
605
600
600
603
583
585
595
594
598
590
588
592
613
614
604
587
589
593
586
590
607
607
607
601
593
596
600
608
591
590
610
604
602
603
583
609
604
608
605
587
620
610
619
623
611
621
620
622
622
627
626
629
636
627
604
617
616
619
616
601
601
599
608
599
586
610
606
609
587
589
601
597
606
606
603
585
587
602
600
601
577
587
597
600
606
608
604
602
606
613
616
612
594
615
615
616
615
610
611
608
611
603
587
591
591
610
603
590
591
588
593
609
605
594
593
593
603
589
605
604
587
589
596
594
595
580
598
595
598
593
592
579
583
594
595
593
587
606
602
583
585
581
580
595
597
586
582
581
600
600
603
607
605
585
595
604
603
598
583
590
606
612
617
618
616
622
621
623
621
613
622
604
589
588
598
600
592
606
602
606
600
604
588
609
609
611
606
605
616
617
616
624
614
618
615
617
604
608
609
606
604
606
608
605
597
598
598
604
600
591
585
598
599
593
596
582
599
600
603
601
604
605
612
605
601
591
610
608
604
602
602
604
605
606
601
591
607
603
612
589
604
610
623
631
629
627
630
641
651
657
648
637
646
645
648
646
632
631
626
621
614
609
610
611
606
603
580
591
602
603
591
587
599
593
581
588
600
601
588
586
590
601
591
578
583
593
593
592
577
594
594
601
601
592
602
603
608
597
591
605
603
604
601
588
587
586
599
596
592
586
586
592
609
604
599
592
608
608
605
605
613
615
614
607
619
622
623
611
598
598
616
608
602
604
604
608
613
614
605
614
614
612
613
607
594
608
605
609
618
620
612
616
618
621
620
613
599
601
615
610
597
608
619
613
610
609
602
596
595
597
598
598
596
594
587
584
588
597
589
589
575
574
576
577
587
582
574
571
569
573
586
582
575
582
586
572
571
564
569
567
577
568
563
564
567
573
571
557
563
568
578
566
568
570
591
597
597
596
583
592
611
616
607
598
604
614
598
603
605
605
604
601
608
610
615
613
625
632
630
623
631
635
637
635
637
637
625
622
618
615
625
625
626
629
630
631
628
614
600
597
592
593
604
610
616
617
594
599
604
617
614
599
598
604
599
604
608
613
608
604
587
588
593
594
599
614
611
610
613
602
586
583
582
584
603
581
587
588
600
583
599
588
579
585
578
581
577
568
567
566
570
591
606
603
604
616
627
632
629
630
627
629
624
621
618
617
617
612
611
615
616
611
614
618
618
621
625
628
633
616
601
603
615
612
609
607
608
605
602
591
594
605
604
618
620
611
604
618
618
612
599
622
631
632
627
623
601
608
609
599
586
588
602
600
612
618
632
630
643
651
663
670
651
667
669
659
660
663
660
658
662
658
650
643
623
628
635
630
625
618
606
604
606
619
623
620
624
631
635
631
630
634
634
632
635
645
640
639
641
644
641
636
633
636
626
609
621
619
609
603
609
605
606
601
591
602
600
593
587
590
588
586
587
582
573
577
575
590
587
588
587
597
602
603
602
607
608
607
610
608
606
597
605
590
584
597
596
588
583
601
608
622
613
616
619
631
637
633
620
621
628
629
621
622
630
639
637
638
622
622
620
624
622
620
616
618
621
625
626
634
632
630
631
636
629
614
607
628
626
621
613
613
598
624
622
609
604
590
601
610
612
619
619
622
627
622
629
626
627
620
599
619
609
604
609
610
619
622
614
622
626
631
630
623
625
625
623
616
618
615
622
611
618
621
625
625
630
626
614
616
616
616
610
598
607
621
613
617
617
616
614
613
608
610
609
607
611
609
607
607
605
598
587
600
597
592
585
586
594
585
577
581
580
587
582
594
600
591
595
591
580
575
575
583
579
573
567
573
580
600
596
600
604
596
582
591
611
613
610
611
606
601
583
582
595
588
574
588
587
585
572
581
588
585
579
568
579
580
572
581
582
581
570
573
575
584
579
569
571
577
574
573
564
574
566
574
571
571
569
572
569
562
560
558
561
571
572
571
565
577
573
572
570
563
562
558
559
559
560
573
570
570
577
585
575
571
569
566
572
571
572
577
586
598
602
606
613
614
615
621
622
609
603
600
601
606
605
604
606
608
614
610
604
600
604
621
636
656
663
659
659
649
642
633
630
636
643
640
635
626
638
647
638
635
646
653
666
676
673
671
656
640
636
628
638
658
656
655
647
646
646
652
644
636
638
648
620
617
606
605
592
575
598
592
599
571
609
618
606
578
613
606
608
580
590
612
602
598
580
604
608
601
578
605
604
602
601
597
609
599
601
601
606
602
604
607
610
604
613
616
604
602
604
611
604
599
604
607
610
604
611
617
624
618
616
617
623
628
626
631
637
628
627
636
643
631
636
637
637
631
627
627
636
634
626
621
624
640
618
622
618
615
616
621
621
605
613
615
611
601
585
580
576
572
580
583
592
607
626
640
650
652
657
656
666
649
648
646
648
653
660
656
650
658
648
647
650
663
662
660
662
671
651
646
640
631
625
617
608
604
600
592
590
589
588
587
584
584
586
601
604
613
620
629
642
641
647
644
645
649
657
663
655
662
661
664
653
637
644
634
637
641
629
631
625
632
624
622
621
619
614
616
609
607
622
617
630
626
630
618
624
622
623
646
636
637
646
637
623
614
605
604
602
604
603
594
599
601
601
607
599
598
597
583
572
576
579
583
600
597
593
592
580
584
586
596
587
584
597
604
610
620
618
628
633
614
615
611
614
630
607
604
609
622
606
604
596
595
599
608
593
588
587
597
598
602
601
620
653
641
649
643
643
643
651
658
659
652
645
637
637
641
646
649
650
662
648
652
636
642
639
634
632
637
636
631
641
632
632
616
619
609
595
597
596
598
599
601
609
589
584
580
578
579
577
569
566
567
571
579
579
588
576
581
583
600
595
604
615
625
631
650
657
665
655
653
667
665
688
671
667
674
695
680
670
660
655
646
654
656
655
626
607
607
620
613
606
601
606
604
599
601
603
594
598
599
603
595
593
588
592
594
590
587
582
583
584
586
580
578
576
579
572
570
566
569
567
562
558
558
558
565
565
572
569
572
576
584
570
571
572
575
588
586
585
579
589
594
587
574
580
584
602
603
593
603
610
623
619
616
612
618
625
629
625
624
619
627
621
628
627
617
618
611
616
615
614
609
612
615
611
606
602
618
607
591
588
586
585
582
587
608
604
615
626
626
621
634
639
630
604
608
604
607
600
611
616
628
623
632
620
620
612
613
612
610
601
591
594
600
579
583
583
583
587
589
583
589
585
575
575
569
573
587
582
581
585
588
583
591
598
590
604
599
585
587
599
599
596
586
592
629
631
627
605
616
637
639
640
634
629
611
613
601
615
646
645
643
620
619
615
611
608
607
636
644
638
613
620
643
635
617
612
615
617
636
634
639
642
639
631
639
635
640
627
634
632
623
606
609
607
622
618
623
626
628
640
647
653
646
660
651
659
665
666
674
674
651
658
658
659
656
635
637
638
644
637
633
638
645
642
644
647
655
664
658
646
650
653
646
644
636
629
625
629
617
612
611
605
612
605
609
614
608
603
606
607
619
604
607
614
596
599
604
592
593
597
607
607
597
604
581
579
585
586
603
594
599
607
613
610
601
604
602
604
609
619
607
607
606
583
589
588
608
611
626
631
631
636
646
639
645
648
646
646
642
644
634
627
616
612
621
625
619
627
634
637
633
618
624
634
647
636
630
636
622
615
609
615
626
634
629
626
625
627
620
615
607
606
606
601
605
617
622
623
619
621
636
643
650
648
637
631
621
589
636
618
625
623
622
635
647
655
655
667
660
658
655
625
638
629
577
581
605
595
563
571
575
624
629
616
639
616
614
622
632
625
621
635
641
616
585
626
611
603
576
608
606
606
580
614
614
616
611
584
631
631
639
632
609
592
632
624
618
610
608
615
619
624
620
620
611
618
618
633
623
603
606
629
617
621
625
619
592
596
590
593
628
627
639
642
643
645
641
628
605
603
607
635
624
623
633
617
595
595
590
591
619
616
618
608
611
616
636
632
626
604
604
586
590
593
591
597
600
601
601
599
598
624
608
585
582
586
606
603
607
585
585
595
621
622
619
618
616
613
591
594
582
578
595
618
616
625
620
598
601
604
611
611
633
627
629
624
626
622
623
600
603
601
632
631
639
647
640
619
620
648
646
650
658
649
618
620
614
630
632
644
644
636
610
620
641
646
654
669
663
647
656
657
658
653
651
643
637
634
626
612
599
608
604
611
611
617
617
617
619
617
628
631
630
646
658
656
649
666
643
661
661
652
640
639
629
623
622
621
646
624
617
604
600
603
604
605
607
628
643
662
682
702
704
703
696
675
673
669
682
686
677
678
678
682
690
691
688
690
693
688
679
669
664
667
662
675
673
660
656
650
648
640
646
630
627
623
608
604
599
597
596
593
588
591
592
596
605
637
648
669
690
724
740
753
754
751
741
733
733
737
722
717
708
717
724
708
699
703
708
701
704
686
696
688
664
710
700
656
655
686
677
670
674
682
683
651
666
703
702
713
673
688
711
671
678
676
668
664
665
663
655
653
650
641
637
632
625
621
617
607
606
611
628
628
637
614
624
621
623
631
635
646
651
646
654
692
651
662
659
664
664
670
680
684
676
670
673
677
680
678
673
681
688
694
695
704
760
702
712
715
589
602
684
1063
1477
713
711
705
704
692
700
712
700
710
721
731
727
720
722
733
732
708
711
707
695
684
688
686
686
677
681
684
681
669
659
665
665
663
667
680
687
688
682
687
698
695
689
696
707
705
699
703
704
711
703
707
701
705
699
698
690
701
691
690
697
705
694
698
702
713
717
702
712
715
714
713
694
687
677
679
678
666
662
665
672
678
687
673
676
669
678
672
666
675
679
689
689
678
679
678
676
675
670
678
677
682
688
688
680
679
678
676
673
670
659
665
676
671
669
663
664
671
675
675
666
668
665
663
666
673
664
669
671
663
655
667
663
659
650
642
628
643
632
621
628
618
618
612
604
602
600
600
600
603
606
618
617
619
623
630
648
631
629
623
619
623
624
617
611
615
621
629
642
641
643
647
647
624
625
625
626
628
626
630
646
642
646
646
652
653
650
654
662
646
646
642
642
652
646
635
641
649
643
627
627
622
617
613
605
599
590
584
585
593
599
606
611
617
607
608
611
610
605
602
599
595
598
604
606
604
604
608
614
614
612
606
609
614
604
600
593
591
597
604
611
611
598
610
603
625
639
649
661
692
719
740
748
747
757
762
755
733
723
708
664
665
649
635
628
611
622
645
619
614
617
611
610
605
594
595
601
600
599
603
605
599
599
602
593
606
599
600
601
602
605
622
644
673
688
701
709
707
698
696
710
706
698
693
695
686
672
661
654
651
655
674
678
691
696
695
708
707
705
707
705
703
711
719
722
663
677
663
662
655
658
641
646
637
631
640
645
651
670
672
673
680
679
683
675
674
670
672
674
669
660
656
649
649
651
637
634
629
622
620
615
602
601
593
591
598
609
605
604
603
603
600
602
596
604
610
614
610
608
609
608
610
616
611
605
601
612
612
622
636
644
646
614
626
620
626
625
629
621
618
611
604
598
604
605
612
608
613
611
613
616
618
624
621
627
604
608
602
601
604
603
590
591
585
586
588
591
587
590
584
594
596
601
606
604
609
610
609
609
605
610
612
616
604
599
593
588
595
587
586
579
581
579
573
572
570
567
570
573
575
571
573
573
575
580
580
578
575
573
573
577
576
574
580
574
573
573
577
578
577
573
577
581
575
580
578
579
574
572
571
571
578
576
577
586
591
590
585
585
587
589
580
579
569
578
578
582
578
577
575
578
584
586
590
594
597
586
579
579
574
575
582
574
580
588
596
606
609
610
602
617
622
632
636
635
636
646
646
653
628
633
637
635
657
664
679
690
708
670
725
701
699
676
684
674
680
667
670
668
689
676
671
674
680
678
628
650
649
668
641
642
637
651
643
640
641
642
646
626
630
635
629
619
620
621
630
623
625
632
619
614
628
627
618
612
628
632
638
641
635
640
640
652
652
647
631
628
626
634
633
612
613
606
604
604
599
600
616
603
620
609
606
624
628
632
614
625
627
652
656
632
637
630
622
616
614
619
630
628
638
626
624
621
618
608
608
599
599
587
581
580
581
585
587
585
584
589
617
630
634
612
625
634
665
665
638
646
646
662
641
638
634
629
620
615
614
620
634
614
618
623
635
636
629
623
627
653
636
630
630
633
655
648
633
634
655
649
655
646
625
636
654
655
640
627
646
646
646
638
642
643
645
645
639
639
636
643
628
637
618
616
617
610
613
601
593
589
594
594
599
624
621
633
638
622
623
620
621
628
625
646
627
665
630
644
636
651
634
634
628
631
618
615
605
603
589
585
577
579
587
590
582
590
600
632
629
608
619
628
641
655
657
687
639
655
679
646
647
642
643
643
660
629
630
633
638
639
640
631
635
633
635
645
627
627
613
620
622
644
635
615
624
644
638
640
620
622
623
630
632
621
620
625
641
633
616
623
629
635
613
640
633
637
617
623
624
628
625
616
621
638
636
634
619
640
638
626
644
640
636
626
629
652
645
635
616
623
646
621
621
613
613
629
629
609
614
615
628
614
614
623
646
624
623
620
618
613
612
616
622
614
617
625
620
614
615
616
623
646
637
631
628
634
616
616
614
614
625
643
635
617
611
608
617
635
616
611
612
617
614
604
593
589
585
582
589
587
593
606
608
619
643
613
622
621
614
617
617
623
646
643
676
640
663
651
650
638
630
620
614
624
623
654
618
624
622
622
616
611
607
601
599
603
605
600
605
606
613
620
625
626
623
626
641
633
624
615
602
605
610
607
599
601
603
630
630
608
619
626
640
668
627
680
680
679
635
661
662
656
649
653
655
647
645
646
648
639
638
661
655
630
632
632
652
646
624
624
623
633
641
658
638
646
650
660
626
624
621
615
630
632
615
615
618
625
629
635
636
630
638
636
630
637
631
617
617
619
615
616
620
617
619
625
617
627
615
620
625
624
646
618
625
628
632
646
635
618
625
613
603
600
596
597
607
594
586
586
592
602
600
609
617
616
624
628
631
625
627
627
629
637
654
642
639
638
621
630
657
655
654
634
647
662
693
680
651
669
671
694
653
655
668
687
677
646
666
670
694
661
658
660
657
684
645
643
647
654
641
625
631
641
639
634
619
619
624
629
645
620
624
616
620
614
623
600
605
606
616
597
605
614
635
634
633
617
630
632
648
643
620
631
641
643
669
632
670
666
665
665
637
665
665
664
653
629
630
634
647
624
625
619
622
622
623
615
612
608
616
616
606
601
602
600
602
600
590
595
600
611
610
598
604
607
620
615
601
605
621
617
604
601
604
609
627
619
599
606
623
620
618
601
622
620
618
619
604
605
607
622
627
606
610
616
641
637
629
630
631
639
645
634
618
618
622
632
630
615
611
621
623
619
605
610
626
625
624
623
618
629
633
625
616
617
615
624
608
602
602
618
617
625
626
613
612
613
620
627
609
612
614
639
638
642
621
