521
522
528
528
527
525
1057
531
527
526
524
526
523
525
524
525
521
522
524
524
522
523
526
526
527
523
529
531
531
523
526
523
522
526
1044
521
523
525
526
524
525
528
531
530
529
529
527
531
530
528
530
534
533
529
530
523
527
531
538
536
1168
602
839
927
389
400
299
7228
1768
5029
533
532
533
537
528
528
530
531
530
526
530
528
525
524
529
528
527
525
524
524
521
519
519
519
518
521
522
521
513
514
518
521
531
535
539
541
545
548
540
544
538
536
535
535
536
537
535
539
538
539
533
531
520
527
535
536
539
533
537
533
532
534
534
537
531
532
523
529
530
531
521
520
521
525
520
521
523
533
536
536
538
543
545
531
535
533
530
534
535
531
534
536
537
536
538
539
545
542
546
546
1083
533
542
533
539
533
529
525
530
529
532
533
533
533
530
532
530
533
534
531
534
540
539
533
530
535
533
536
537
539
538
530
526
532
531
529
521
527
523
524
522
523
526
530
532
536
540
539
540
537
540
541
542
539
539
541
540
537
535
535
538
537
531
526
527
525
524
539
546
541
542
542
539
539
542
542
541
541
544
547
548
550
553
551
551
554
555
555
554
552
557
560
558
557
556
554
558
561
562
563
563
563
563
560
563
557
555
554
554
551
548
546
546
545
544
543
539
540
539
541
540
539
535
536
536
538
538
537
537
538
542
536
535
532
536
541
543
547
544
546
548
548
546
543
542
544
544
540
539
537
539
540
540
541
543
548
547
547
554
554
553
554
559
559
556
556
559
559
557
555
558
556
554
553
554
557
557
554
553
555
559
560
557
555
556
558
557
553
553
551
552
553
551
551
553
553
550
550
552
553
550
551
552
557
558
559
558
559
563
559
554
551
551
552
552
551
548
546
546
545
544
546
543
544
547
546
545
549
550
550
550
553
554
553
552
553
558
558
557
554
553
556
555
554
556
558
556
555
558
555
552
552
556
556
557
554
557
558
558
556
559
561
558
557
560
559
559
557
561
560
558
557
558
558
555
552
555
555
554
553
555
557
556
554
558
558
556
553
556
558
555
552
554
555
553
550
550
552
553
552
551
549
549
551
547
545
549
548
547
546
548
550
550
552
552
551
548
549
549
546
543
541
540
543
542
543
543
543
545
546
542
539
542
542
537
537
535
532
535
535
535
536
536
536
538
536
533
535
538
536
538
536
537
536
533
535
533
530
536
536
538
539
540
541
545
548
549
548
550
556
555
553
552
559
556
554
552
557
558
556
557
554
552
553
553
553
546
545
547
548
549
545
543
543
547
548
548
548
548
547
545
546
548
551
550
551
554
550
549
557
554
550
545
545
550
547
549
558
567
575
584
588
596
598
600
606
609
605
598
600
599
599
597
594
590
595
615
619
624
622
607
595
589
589
588
587
588
590
584
583
584
580
583
588
596
601
602
600
596
592
591
592
591
592
591
588
585
585
588
592
593
600
601
603
600
603
608
611
605
604
604
607
604
613
613
613
606
610
607
614
610
608
610
617
613
613
606
603
594
594
592
588
589
577
577
574
577
574
566
576
570
573
566
563
565
566
563
560
560
562
562
560
562
565
565
563
564
563
564
561
561
564
564
566
570
567
573
571
571
571
575
572
574
575
574
573
575
571
565
566
564
567
568
568
568
570
570
569
567
569
571
568
565
566
565
568
570
566
565
561
561
563
566
563
561
560
555
553
558
557
556
554
559
563
562
563
563
568
568
569
567
568
570
574
579
577
572
568
571
571
572
572
568
569
565
563
566
563
561
559
551
558
559
562
559
560
559
558
551
556
557
558
559
559
564
566
573
566
563
564
563
571
575
568
576
577
579
582
583
583
580
576
567
570
568
565
565
564
564
565
563
565
563
563
562
563
563
564
566
567
574
578
575
573
572
575
582
586
589
587
590
590
580
598
625
626
622
618
613
606
606
601
595
593
586
584
580
578
574
572
570
567
567
567
565
563
1125
557
561
567
565
567
571
570
589
597
607
615
611
606
599
597
593
591
588
584
582
578
575
572
571
569
564
567
571
571
574
572
573
576
574
572
570
565
567
569
568
570
570
571
570
573
571
572
568
563
565
565
564
563
563
564
564
567
567
567
567
571
573
571
566
571
574
578
572
574
574
574
571
570
566
564
561
562
561
560
549
556
558
561
557
561
561
560
562
553
553
560
569
569
576
574
575
575
575
574
574
571
567
565
565
561
550
563
560
563
563
564
566
558
563
566
565
570
561
567
568
566
568
569
567
565
558
564
564
562
564
564
565
568
566
567
568
563
563
560
560
557
557
555
556
555
555
553
559
560
562
558
552
558
562
563
564
567
563
563
576
584
595
594
590
591
598
599
597
595
589
585
582
578
567
573
568
565
567
564
567
571
570
571
570
1119
561
561
555
558
559
559
559
557
556
555
550
552
550
547
546
549
548
544
545
542
539
542
541
548
547
549
556
556
556
557
563
562
562
563
561
561
563
566
567
564
564
561
563
572
576
568
567
563
567
564
565
567
568
565
565
568
564
564
563
558
556
557
557
557
558
557
551
554
558
557
557
563
565
563
567
576
567
561
560
559
554
550
548
544
545
548
548
546
547
546
544
541
543
544
546
544
543
538
537
538
540
540
544
541
541
546
548
553
552
553
558
565
564
565
565
564
564
558
557
560
560
561
562
561
556
553
554
554
546
541
543
546
547
551
557
561
569
592
609
625
625
604
603
605
600
592
589
586
577
584
580
576
575
571
568
565
569
566
575
578
573
572
567
573
570
565
567
568
564
564
573
574
574
573
570
566
572
575
576
573
572
580
579
572
570
575
581
579
576
574
577
581
572
576
579
580
583
584
578
585
579
578
576
574
571
570
568
570
572
572
572
575
575
575
573
572
572
574
574
578
579
574
572
566
569
567
572
574
570
571
566
569
571
572
571
572
572
570
566
551
563
570
570
572
575
575
566
575
573
576
571
572
567
566
564
564
564
560
555
554
551
553
557
560
563
560
563
562
572
569
564
566
565
572
577
579
573
569
572
576
572
572
564
567
573
571
568
567
569
569
567
565
567
566
564
561
560
560
562
563
565
567
565
564
558
548
428
686
586
575
573
572
574
579
583
591
588
588
600
602
605
600
586
583
586
585
581
577
571
568
565
565
569
572
575
584
592
591
601
600
599
596
597
594
594
591
587
583
576
574
573
570
574
573
571
574
577
570
569
579
592
601
595
593
596
595
591
586
584
587
584
585
585
583
580
581
579
584
583
578
584
584
578
570
568
570
568
569
573
572
569
573
569
570
578
581
587
596
595
591
588
589
587
582
575
573
565
564
566
564
569
567
569
570
572
576
589
604
605
604
593
600
601
599
597
598
596
592
592
590
592
589
590
589
585
585
586
587
591
592
589
583
584
593
595
589
583
580
577
572
571
575
574
574
577
581
583
587
590
596
598
601
600
604
602
599
596
593
594
588
585
585
584
587
583
588
596
598
592
589
586
579
576
577
573
576
580
573
572
578
580
579
581
582
585
587
589
593
592
596
593
601
604
607
609
607
606
605
612
611
603
600
600
596
595
592
592
595
592
594
596
596
595
589
590
588
589
595
595
599
604
599
591
588
584
579
571
572
574
573
577
581
590
598
604
613
619
624
626
625
624
627
621
617
623
625
630
633
625
620
622
627
624
624
624
619
610
603
600
603
606
598
584
604
590
590
590
577
578
586
589
584
582
575
574
570
569
564
565
567
567
567
569
570
580
583
586
583
596
597
589
587
587
588
580
587
589
585
578
576
578
571
566
564
564
565
566
567
561
556
557
554
553
563
570
581
592
604
614
623
629
636
631
628
627
620
618
621
617
610
604
598
598
598
594
590
594
595
597
598
597
601
601
599
599
599
596
591
588
586
587
590
590
589
590
594
595
597
594
592
597
595
595
595
599
602
601
603
604
605
604
602
604
604
604
607
609
610
609
608
612
613
611
611
613
612
614
612
617
615
612
606
609
606
604
609
608
608
608
615
617
617
614
619
618
615
616
616
612
611
606
610
611
607
606
607
605
606
606
608
606
608
604
608
604
604
602
604
603
601
600
603
601
600
598
600
603
603
604
601
604
605
604
605
605
609
610
610
610
616
619
625
624
628
633
632
629
626
627
624
615
610
617
616
616
615
613
624
628
634
636
631
626
634
628
623
612
613
610
611
607
601
610
604
599
604
604
597
600
599
597
600
599
598
597
599
600
603
598
599
598
598
600
601
602
601
603
598
606
609
606
604
601
601
598
598
596
599
603
602
597
599
603
604
603
611
610
603
605
601
598
595
601
595
594
602
599
603
600
598
596
595
587
590
591
587
584
581
577
576
574
587
587
586
582
586
592
595
605
616
619
625
622
619
625
620
616
618
615
613
616
614
603
604
602
600
599
597
595
596
602
600
594
590
586
584
583
583
581
577
574
575
577
574
572
571
570
570
573
574
571
568
573
578
577
581
583
581
576
575
577
578
577
575
578
579
577
578
578
576
581
583
583
578
582
577
580
579
577
572
577
579
577
572
574
580
574
573
572
571
575
572
576
583
577
573
569
575
572
573
567
563
563
566
564
564
564
563
564
563
564
564
563
563
566
564
559
557
557
557
556
555
553
552
553
554
556
561
563
566
567
569
570
568
568
563
563
569
571
568
564
558
558
555
562
570
569
574
588
591
594
604
615
611
602
596
593
585
583
579
574
569
564
562
559
558
559
558
555
555
552
551
551
557
556
555
557
561
559
558
560
561
561
562
565
567
568
565
560
557
556
556
553
556
559
557
557
557
556
556
557
558
556
559
562
563
562
563
561
560
557
559
553
553
557
558
558
561
557
557
556
557
556
558
561
560
560
560
556
562
562
557
557
559
557
555
555
559
561
557
560
562
563
563
563
564
561
559
558
557
556
560
1124
559
558
557
558
559
563
564
564
565
564
568
567
565
562
560
558
558
560
562
563
568
566
564
564
563
560
557
557
556
555
553
552
555
556
555
561
563
561
561
561
564
563
564
568
568
570
569
568
567
563
558
562
560
558
557
557
559
562
560
563
565
571
572
569
566
563
562
557
557
557
558
560
561
560
560
562
558
554
557
555
552
549
547
553
559
564
577
585
582
574
569
566
563
559
557
559
559
560
563
567
569
569
569
566
563
557
556
552
550
550
550
552
553
554
554
555
557
556
554
554
553
555
554
556
557
558
556
556
559
560
558
558
557
554
552
550
550
548
551
552
552
551
551
552
552
552
554
553
553
558
550
554
556
555
554
552
553
558
558
557
552
552
549
548
546
542
547
544
547
544
538
534
534
535
537
531
534
533
535
541
541
541
540
537
535
536
541
541
537
534
536
539
535
533
530
526
526
532
529
527
522
524
528
523
523
528
530
531
533
532
527
530
536
533
531
530
526
531
532
531
530
532
530
529
529
529
527
525
524
528
529
528
526
522
519
517
519
520
520
519
519
525
527
529
534
535
540
548
550
549
547
544
547
546
543
542
541
542
542
540
538
543
544
541
539
538
538
537
536
538
539
539
536
536
533
535
537
538
536
537
532
531
532
533
539
537
536
532
529
528
531
530
531
529
528
529
529
528
522
522
526
525
525
525
523
522
521
520
521
525
528
529
528
526
528
529
534
537
536
537
531
528
530
530
531
534
529
534
535
538
535
538
529
529
537
541
547
541
548
548
550
548
548
545
545
543
539
536
533
532
532
531
527
525
524
521
521
526
529
531
533
533
538
532
532
534
533
532
529
533
535
534
533
530
533
535
529
530
529
527
526
525
524
526
529
524
533
537
539
539
542
545
547
536
539
536
540
535
531
534
529
539
541
540
546
542
544
541
542
542
1066
528
533
538
538
539
531
538
540
544
541
546
541
541
541
533
531
532
536
536
537
536
537
536
534
536
535
537
538
530
535
532
530
529
526
524
523
526
528
522
521
528
533
534
536
536
538
536
531
528
529
530
536
534
536
538
539
541
541
538
533
529
530
531
532
532
535
534
539
544
543
543
537
539
540
552
563
550
549
546
543
536
538
539
539
537
539
534
536
537
537
534
538
540
539
536
541
542
541
540
537
538
537
535
533
528
530
532
530
532
533
529
525
524
531
529
531
525
522
525
522
519
520
529
531
530
535
541
543
548
549
558
561
565
561
569
570
574
575
578
581
582
579
575
569
569
573
575
580
575
580
586
587
585
579
576
577
581
587
582
588
595
591
586
588
591
588
582
581
584
582
582
576
572
576
575
572
566
563
561
560
555
554
558
554
554
548
550
554
551
560
561
558
556
557
557
559
561
560
564
566
568
566
565
563
563
567
562
563
561
564
564
563
563
563
567
575
572
584
599
591
584
577
576
574
566
568
564
563
559
559
563
559
561
568
563
563
558
565
568
571
570
567
564
563
555
557
559
558
557
552
551
543
544
545
544
543
540
382
688
531
519
525
521
518
521
523
522
522
524
529
532
533
538
549
547
553
560
562
553
560
558
562
563
562
564
565
562
561
562
559
563
563
565
563
569
569
572
564
566
563
564
559
555
553
550
550
548
550
557
556
553
553
557
558
555
557
561
559
556
560
563
560
554
557
557
560
550
554
554
558
558
564
554
561
560
561
560
560
562
562
563
559
560
562
559
558
555
553
555
556
559
555
558
559
560
563
559
556
562
563
563
556
556
563
563
563
560
563
567
564
567
565
561
559
568
591
587
583
582
575
567
570
565
563
560
558
551
553
550
550
548
549
548
547
554
555
557
559
557
560
559
563
564
561
567
569
571
572
575
577
574
569
571
572
570
570
577
571
569
572
570
571
566
573
572
571
569
574
573
570
565
565
563
566
572
575
576
581
570
569
577
575
565
569
570
566
561
561
558
561
561
556
558
561
569
567
565
564
565
568
570
569
563
562
561
562
563
564
565
564
563
563
561
567
567
575
574
573
574
584
590
590
594
597
582
579
582
580
577
571
571
572
570
563
571
573
569
569
568
569
572
572
567
566
567
568
567
569
567
572
574
571
574
570
572
577
577
577
575
580
578
576
572
577
583
579
575
575
582
579
574
579
586
584
577
573
571
566
563
563
566
570
565
571
573
571
570
564
569
565
563
563
559
561
565
565
562
560
561
564
563
573
570
567
568
567
568
571
567
571
576
576
573
574
577
579
573
568
566
563
565
566
567
564
563
569
574
569
571
566
568
566
566
567
567
564
563
567
566
567
567
572
572
570
568
566
570
571
572
569
573
574
571
566
565
568
571
568
571
568
570
571
568
567
567
563
562
562
566
565
564
563
563
563
562
558
563
564
563
563
563
563
563
566
575
582
581
582
581
578
578
579
579
576
569
570
575
569
567
569
567
563
561
563
562
561
560
558
561
563
557
561
563
571
576
572
568
570
564
561
561
561
565
564
564
563
561
563
564
567
567
563
562
569
570
570
565
566
567
563
562
566
569
570
576
566
572
575
576
572
567
571
576
574
572
571
576
605
616
614
616
609
607
596
588
577
577
576
570
576
565
571
569
567
567
573
572
572
570
563
567
567
570
571
566
570
581
584
585
583
580
577
572
583
588
584
583
584
586
588
589
591
596
602
605
611
615
620
620
620
618
619
615
619
615
616
620
627
630
630
628
618
615
620
620
623
625
618
615
622
628
640
642
633
628
635
639
642
636
640
637
631
627
625
629
637
636
632
629
625
630
625
611
604
605
1203
602
608
613
608
605
604
603
604
606
609
613
609
605
603
602
594
590
585
594
595
591
595
599
596
593
591
589
587
587
590
590
587
587
587
590
588
585
588
589
590
590
590
592
591
594
599
600
602
603
600
603
604
602
600
600
598
595
597
597
593
593
594
594
592
589
589
587
586
583
582
586
584
585
584
583
585
583
584
587
586
587
592
594
597
601
599
601
604
604
602
599
599
601
601
597
596
600
602
603
601
601
601
599
598
599
600
600
598
600
605
604
603
602
604
601
599
597
595
595
593
591
591
592
593
596
599
602
604
605
605
608
610
608
605
618
630
629
621
610
603
600
599
600
603
606
605
601
598
590
585
599
603
604
612
614
604
599
599
595
598
603
598
590
597
599
597
590
584
585
587
583
585
593
594
602
600
594
590
603
614
611
613
612
611
606
603
598
595
599
596
598
602
603
601
599
599
600
596
588
591
594
593
588
584
584
589
588
587
586
588
594
594
592
589
591
596
593
594
594
597
595
593
592
589
589
590
590
588
593
596
599
602
604
604
600
596
599
599
595
593
590
591
592
594
596
599
600
598
596
600
602
597
595
598
602
604
611
616
618
617
621
623
627
629
628
632
635
631
631
631
631
635
631
623
622
622
623
623
626
621
619
626
624
622
623
622
620
622
624
624
621
617
615
620
618
617
620
621
625
625
620
619
624
624
622
619
625
626
627
625
624
624
623
622
623
625
627
627
625
628
626
623
618
615
617
616
616
613
611
609
611
611
610
610
609
613
617
617
618
624
626
626
624
628
628
625
626
623
621
620
623
623
623
622
619
616
619
621
624
629
634
629
621
611
607
613
611
611
609
610
608
606
605
606
605
604
602
604
604
606
608
604
612
621
614
612
609
606
605
605
602
598
600
599
598
595
588
599
644
660
647
647
643
643
640
629
625
622
619
617
626
631
635
638
635
634
631
623
614
611
608
603
599
602
604
606
607
610
612
612
610
612
610
607
609
610
609
609
611
612
612
611
606
605
609
613
620
625
620
624
644
653
651
650
653
648
640
632
625
629
629
632
629
624
612
613
608
609
610
615
609
613
616
615
613
604
609
607
601
603
605
604
608
632
654
643
618
617
610
604
592
596
628
616
619
611
603
604
599
594
590
589
586
588
587
589
590
591
587
586
589
590
592
591
587
586
584
586
585
585
586
589
592
593
596
597
597
599
602
605
610
608
611
613
611
612
609
606
607
604
602
596
594
596
594
592
594
599
604
608
609
610
613
617
620
620
620
616
620
623
619
615
613
613
612
609
606
607
611
608
604
604
603
602
601
597
595
598
599
597
596
600
604
604
604
604
604
602
601
600
602
603
602
601
602
604
604
609
608
610
614
613
614
612
610
613
612
611
611
609
607
608
608
605
604
602
603
602
599
600
601
600
600
602
604
605
608
606
609
615
616
615
619
623
625
625
624
629
628
625
622
624
622
616
608
609
611
604
605
605
611
611
610
606
619
1220
598
597
598
594
600
602
604
597
601
599
597
597
595
597
598
604
599
599
595
595
596
597
597
599
600
604
604
605
608
610
610
613
617
621
625
633
638
646
649
646
647
650
653
652
648
646
647
651
648
648
651
654
655
650
646
647
650
651
650
651
651
657
661
658
656
656
659
662
657
656
658
655
650
649
651
648
646
647
650
648
646
645
647
646
647
646
645
649
652
652
654
655
661
669
670
669
677
680
683
683
686
687
678
676
675
674
676
670
664
668
675
680
671
669
678
678
672
661
664
666
664
659
661
663
663
655
658
661
656
654
649
646
646
642
652
655
651
647
649
650
647
646
646
650
646
641
643
648
646
645
647
651
653
647
649
651
658
659
662
659
661
672
673
670
663
665
657
651
653
651
647
646
647
654
655
654
646
650
652
648
642
644
646
642
636
632
632
627
633
634
635
634
637
639
644
646
648
650
650
650
645
646
648
649
654
657
660
662
666
670
671
673
669
669
668
666
663
664
663
663
656
647
654
661
665
666
674
679
676
672
679
675
667
664
665
670
662
660
664
667
668
668
675
671
668
674
678
676
668
669
669
670
671
673
672
674
672
670
667
666
656
646
650
649
645
643
638
641
644
646
645
647
658
662
663
659
666
665
666
667
671
672
672
676
680
685
683
684
682
686
682
684
681
681
680
683
681
677
675
675
673
668
673
675
677
669
675
675
668
670
671
668
663
670
669
670
665
669
668
667
664
667
667
668
664
667
663
654
647
650
650
651
656
658
663
666
673
675
671
672
676
675
671
670
671
672
673
669
666
671
673
670
673
676
678
674
679
676
670
673
671
669
663
662
664
664
662
667
667
665
662
663
662
657
650
657
660
655
653
657
658
659
656
645
647
643
636
638
638
635
636
642
646
646
647
652
655
653
648
648
645
645
646
646
644
646
644
645
646
649
650
653
652
658
659
657
655
647
644
642
638
639
643
645
645
646
651
651
660
663
662
658
667
663
661
656
657
657
660
660
662
652
651
656
654
654
652
647
654
650
647
649
647
649
651
650
655
659
661
662
667
669
671
670
676
678
677
670
676
676
673
671
679
676
676
667
675
676
676
679
683
684
687
680
686
688
686
677
677
677
672
670
675
675
672
668
672
673
671
673
680
688
686
689
690
684
679
680
677
675
671
670
669
668
669
661
655
649
645
639
639
637
635
637
646
653
659
659
655
650
650
651
652
652
650
646
646
651
652
658
659
656
661
666
668
665
661
669
669
669
664
670
670
674
675
677
675
671
669
670
667
660
668
666
663
659
662
665
663
657
655
659
664
663
661
661
657
652
647
647
649
654
654
656
656
659
662
666
668
669
668
665
664
669
669
669
667
667
668
670
669
667
667
662
665
668
657
653
659
660
659
660
664
667
672
675
673
671
673
670
670
668
674
679
679
677
686
687
685
678
682
682
681
677
679
679
671
667
672
672
667
673
674
676
674
668
672
665
661
658
655
654
658
659
656
665
666
668
671
673
665
665
669
671
665
667
672
671
671
673
668
664
663
664
666
665
666
663
660
665
665
668
669
666
673
670
669
666
669
668
670
670
670
670
670
667
664
668
667
663
661
665
665
661
657
664
729
762
725
716
709
690
688
686
683
684
684
686
684
687
691
697
696
692
690
683
684
682
683
681
677
675
679
677
678
675
674
680
679
675
669
672
672
672
670
663
660
664
663
669
669
671
680
684
684
681
685
692
697
693
695
693
691
690
693
692
689
686
680
681
674
670
672
672
670
670
671
672
669
677
680
678
674
678
676
678
674
674
675
676
676
673
674
678
678
673
665
670
671
673
668
670
672
672
670
673
675
676
675
672
670
667
665
665
665
664
669
669
673
670
668
672
674
670
672
671
671
662
664
664
663
661
665
669
669
666
667
669
669
668
662
657
654
657
656
659
662
665
671
667
670
673
675
674
677
677
679
676
681
681
677
680
680
680
679
683
683
681
684
683
688
688
683
685
688
688
683
687
688
679
681
683
685
684
685
680
680
683
686
684
680
677
678
678
679
680
679
681
686
686
682
678
684
687
686
686
685
684
680
683
684
678
679
682
683
676
676
671
670
665
670
669
663
664
668
669
671
669
672
674
674
677
680
682
682
688
694
700
692
688
686
685
681
686
684
684
684
687
682
679
676
674
670
667
669
665
660
660
656
656
659
661
663
659
665
669
670
669
679
681
688
682
686
686
686
683
687
685
688
683
687
688
691
690
693
695
695
690
693
695
694
689
689
691
689
687
685
684
680
676
678
678
672
673
675
675
674
673
675
676
675
677
679
676
670
670
672
672
671
662
666
666
664
661
667
669
675
672
678
682
684
680
679
683
678
673
679
675
671
675
681
679
679
682
686
687
686
690
693
688
688
690
688
685
688
689
688
682
686
681
677
678
679
677
675
674
674
676
670
671
674
672
662
665
664
665
664
657
663
663
658
664
666
666
663
657
662
660
656
655
658
659
663
654
658
665
667
674
681
675
673
673
678
674
670
667
673
670
665
665
668
669
667
663
670
670
667
659
656
656
658
661
659
663
671
676
682
686
688
688
683
687
687
687
688
688
686
682
685
688
687
680
681
685
686
684
690
689
687
682
681
684
682
684
679
681
682
683
684
683
684
684
684
680
683
682
682
682
684
684
680
677
684
683
687
683
683
683
687
685
688
682
672
663
670
679
678
674
670
663
664
665
665
662
660
662
657
655
652
654
648
645
351
291
645
638
628
627
646
646
651
657
657
653
650
646
642
642
634
630
626
627
622
623
622
618
615
612
614
612
611
603
604
613
624
618
612
607
611
614
614
616
617
617
623
620
621
624
632
639
641
646
646
641
638
630
625
626
627
393
854
615
610
611
613
615
615
609
624
622
623
624
627
621
625
624
623
621
618
622
624
620
616
610
616
612
610
612
614
610
607
613
614
613
611
614
616
612
609
614
613
610
608
611
613
610
606
608
612
615
610
607
617
618
618
616
621
624
624
621
628
626
621
618
622
620
621
611
618
618
613
618
613
615
616
612
609
605
604
607
609
610
608
607
607
614
610
606
604
605
610
618
613
617
608
609
612
618
611
607
603
608
612
606
609
605
602
602
609
606
604
602
604
610
613
610
605
606
611
611
608
604
607
605
602
598
598
603
606
602
601
606
606
607
605
609
616
609
625
626
624
612
619
621
616
607
605
612
617
607
611
606
608
605
606
604
603
603
607
609
605
604
613
613
615
613
613
609
605
610
608
605
606
602
597
599
606
608
617
612
612
615
627
621
620
618
614
608
602
608
611
614
608
605
611
615
612
602
605
610
613
615
605
618
621
623
613
619
622
620
624
620
618
614
618
614
607
609
611
604
604
618
619
620
612
624
623
624
620
623
624
626
618
623
619
626
619
614
614
617
607
609
605
613
619
616
607
607
613
609
605
606
615
610
611
611
608
604
606
609
607
604
608
610
612
604
604
603
618
631
633
627
620
625
628
626
619
615
626
623
627
616
625
623
619
613
612
616
622
620
626
621
619
618
625
626
623
620
621
624
623
624
619
617
620
627
626
622
618
629
633
633
624
621
625
629
624
628
621
619
620
624
619
619
622
628
616
617
621
628
622
615
620
624
619
613
619
625
619
622
612
613
618
620
610
606
615
615
610
605
610
608
604
601
606
608
610
606
600
604
607
615
612
608
604
620
613
612
603
613
611
605
604
607
610
604
610
614
615
611
610
608
605
599
605
608
608
606
606
604
600
602
606
609
604
597
604
614
617
611
609
613
620
619
617
610
617
623
615
612
615
621
610
613
618
622
620
617
613
625
621
615
609
619
618
614
604
604
611
617
614
608
606
609
604
601
603
606
605
605
597
601
606
610
616
614
607
610
613
613
604
612
613
614
604
615
613
609
609
618
616
615
611
625
624
623
621
626
627
617
616
619
619
620
617
611
611
619
612
608
598
607
607
606
599
606
609
611
602
610
611
612
611
610
605
604
605
604
599
595
598
600
599
598
596
597
590
591
599
599
607
604
601
598
607
644
648
646
644
629
622
628
621
608
614
605
596
596
597
591
588
586
584
595
593
593
592
599
622
626
622
620
615
626
623
618
619
622
621
613
616
615
610
606
610
609
610
611
613
608
601
596
594
586
580
577
575
587
587
588
580
578
582
585
588
583
588
597
602
602
614
621
628
632
626
629
631
632
633
630
626
634
646
644
637
629
625
621
627
625
622
620
625
628
629
625
617
622
636
666
676
672
664
656
644
650
650
651
650
649
657
665
672
676
670
665
677
676
667
668
671
668
663
657
652
681
693
669
659
661
655
1373
576
646
635
631
641
648
650
411
447
272
754
623
619
618
624
624
619
615
616
622
624
619
616
618
616
617
619
625
624
625
629
633
636
636
641
646
650
652
649
649
653
648
653
650
647
651
650
652
648
646
651
651
653
656
648
645
650
652
651
646
647
652
651
646
645
650
651
651
650
647
652
653
647
645
649
646
640
634
635
643
646
656
659
662
664
667
671
666
661
664
668
676
678
677
684
685
676
667
667
670
670
667
661
660
667
665
666
666
674
679
680
673
670
667
671
668
665
671
670
664
658
659
662
665
667
667
670
680
687
685
682
688
690
685
676
682
682
676
669
667
669
664
664
660
664
666
668
663
659
662
653
648
649
642
645
638
637
631
633
637
634
634
635
637
640
641
645
641
643
648
652
651
655
659
658
659
662
668
670
668
667
664
666
660
655
651
653
654
655
653
656
662
668
660
659
663
662
656
653
654
649
644
645
643
638
643
645
637
633
633
628
623
622
621
620
628
631
634
639
645
646
645
645
647
646
647
647
639
644
646
647
649
650
650
651
647
644
646
649
655
658
661
664
666
664
664
663
662
663
658
662
663
663
664
669
670
673
676
679
673
664
664
661
660
656
652
649
674
718
698
687
672
660
661
657
655
647
653
654
652
654
654
658
660
655
655
659
659
656
656
660
657
658
658
655
658
660
667
664
662
665
670
671
668
672
679
685
688
685
692
695
695
690
693
698
696
690
684
688
688
685
681
683
682
685
676
669
673
671
669
663
660
663
663
664
664
667
669
668
665
669
670
667
662
658
663
665
664
660
657
663
661
657
652
652
654
654
653
650
650
654
655
657
658
663
664
668
664
667
663
663
664
665
666
670
674
673
680
683
684
676
677
680
682
680
677
682
683
681
666
673
675
670
664
666
667
664
658
658
662
664
665
667
675
681
683
683
687
690
687
686
691
690
683
681
687
683
679
681
681
680
678
675
682
683
680
683
681
680
680
684
683
683
684
690
692
687
688
690
688
682
687
685
682
686
686
689
687
686
687
685
680
680
681
676
670
674
677
683
682
681
688
688
682
688
689
688
683
686
685
680
682
682
684
678
684
683
683
682
685
687
678
674
680
682
678
682
685
690
685
683
685
685
683
682
685
676
675
677
674
671
677
679
678
681
683
683
680
687
687
684
686
688
689
690
684
689
687
683
676
683
682
677
681
686
684
678
682
683
676
677
679
676
675
680
682
671
666
664
664
667
662
668
670
669
667
674
676
684
680
683
688
685
676
682
682
682
677
667
662
668
666
660
658
663
664
663
663
669
672
675
680
681
681
677
677
671
665
664
666
665
663
660
662
669
674
672
669
675
678
679
675
682
685
681
682
688
697
699
691
687
695
698
693
691
694
691
691
695
695
687
679
684
683
680
678
681
682
677
682
688
687
683
687
689
688
683
685
679
672
663
662
709
731
704
688
682
683
675
671
674
673
674
676
679
685
689
694
702
703
700
692
696
699
702
704
702
700
701
698
698
688
678
686
687
686
683
683
690
702
708
703
708
720
728
730
735
735
719
723
722
707
705
711
712
704
697
691
697
695
692
690
697
693
691
689
694
698
695
688
688
687
684
677
682
685
688
687
687
689
693
686
686
690
689
685
689
694
692
686
683
688
691
688
685
690
692
695
691
688
692
695
697
693
697
699
701
700
694
687
678
680
676
674
677
679
681
685
692
697
692
683
692
695
691
691
695
697
697
689
688
697
696
690
692
699
699
697
697
700
701
698
705
706
698
693
697
699
698
696
698
698
698
692
701
704
710
705
696
702
701
698
688
693
695
698
698
695
689
697
699
701
705
706
712
710
705
696
700
701
697
691
694
694
686
683
688
691
691
695
700
699
694
697
700
698
692
694
696
698
694
690
690
688
685
692
692
692
692
695
695
690
695
689
683
684
680
676
684
685
680
684
688
690
690
688
689
688
683
685
688
690
691
688
694
698
696
688
693
698
685
680
681
674
684
687
683
679
681
685
691
691
686
693
694
696
695
693
694
689
685
681
675
672
680
687
689
691
705
711
709
709
714
706
700
697
703
704
703
702
710
716
710
709
711
709
707
699
699
697
693
688
681
689
688
688
696
706
705
700
696
699
696
688
678
681
686
688
687
687
692
698
697
703
704
700
703
707
712
708
706
719
716
702
700
701
697
697
700
699
704
703
700
706
711
706
701
705
703
698
704
705
705
702
702
699
700
697
700
702
702
700
706
707
703
698
699
696
687
687
687
686
683
693
695
694
702
716
723
712
716
716
721
707
708
702
697
690
693
693
687
679
671
670
675
677
677
677
684
688
687
683
691
696
699
700
699
696
690
694
695
697
697
701
704
703
696
697
701
696
694
702
706
707
695
702
702
701
704
711
710
701
704
691
684
689
684
683
692
694
697
690
699
702
693
692
698
699
699
702
707
707
703
709
705
704
696
702
706
702
698
698
700
692
697
701
699
696
701
707
705
705
712
706
692
695
703
701
699
704
707
708
699
706
704
695
688
695
695
694
698
698
699
693
703
699
699
690
696
693
693
688
689
690
687
685
689
690
685
691
692
689
691
692
691
686
688
687
688
683
688
690
689
684
689
688
688
688
694
696
689
692
697
699
699
702
697
688
690
690
682
673
675
675
676
668
671
730
743
726
721
720
712
707
701
693
694
695
696
698
691
677
675
670
665
668
670
662
668
668
669
672
669
669
673
676
681
685
691
701
713
718
714
713
716
722
718
705
709
711
712
709
711
712
712
705
706
711
715
717
708
718
715
705
694
699
698
693
688
689
683
678
677
675
668
672
675
680
679
683
688
694
697
694
697
701
704
699
707
711
710
705
710
711
712
707
705
711
709
706
698
704
705
698
699
702
701
697
704
704
708
708
714
717
711
707
712
713
706
712
712
711
704
711
716
717
711
715
711
705
701
702
706
705
697
703
702
696
699
702
700
695
696
696
693
690
693
692
688
688
689
688
684
677
672
672
669
672
668
662
666
664
663
669
676
678
672
682
688
689
687
691
692
698
697
702
707
713
709
711
709
704
703
703
704
698
700
701
698
693
697
698
706
700
690
692
694
691
686
688
690
689
684
688
691
689
688
693
697
697
696
693
698
699
698
694
694
687
688
689
685
686
686
691
685
685
691
694
695
695
706
710
705
709
711
706
697
693
698
700
694
700
699
701
697
705
709
704
696
702
703
701
695
702
702
700
697
703
704
697
697
702
703
701
703
699
692
693
692
691
685
688
693
694
689
701
707
710
708
721
727
723
724
729
734
729
720
727
727
726
715
709
712
713
704
700
702
703
701
699
694
688
692
698
702
700
707
712
711
703
708
713
710
704
709
708
703
693
700
700
696
688
697
698
690
696
701
696
684
695
695
700
697
703
706
698
692
698
691
686
690
694
697
698
689
678
672
703
739
711
688
689
687
678
668
670
674
677
682
682
678
683
676
679
685
689
690
691
695
694
688
689
691
691
691
685
693
701
710
717
713
726
729
722
716
723
718
712
698
703
700
701
695
701
702
702
696
689
695
699
698
697
693
694
690
687
694
699
696
691
694
695
699
686
672
671
665
661
668
671
677
681
677
677
684
687
688
694
687
688
688
686
686
683
691
693
700
694
703
707
709
701
699
705
701
692
693
695
699
698
706
708
702
706
706
710
700
701
704
703
688
686
682
683
692
686
682
689
689
683
683
687
686
683
688
693
694
690
699
700
693
686
696
700
697
691
699
704
714
707
715
717
711
716
717
720
708
713
715
714
706
716
714
709
709
715
714
704
698
700
700
693
697
696
691
678
682
679
677
682
687
686
688
690
688
683
685
688
688
689
683
690
691
690
686
695
698
699
700
695
702
702
699
695
706
704
705
698
700
699
699
698
704
687
691
686
685
676
680
675
666
675
676
676
673
670
678
681
680
672
681
684
682
682
690
697
690
690
696
698
696
694
698
692
687
683
686
680
679
683
685
683
675
675
684
681
682
679
680
688
691
695
690
695
690
683
680
683
683
684
687
688
695
699
704
697
697
699
698
694
688
695
699
701
700
704
704
695
684
689
688
668
666
677
674
667
658
665
660
660
654
657
650
649
652
655
656
656
648
653
657
659
663
661
664
665
666
664
667
667
669
667
667
675
682
694
704
709
713
720
711
708
714
720
727
733
740
734
717
722
724
729
727
727
734
742
742
733
731
730
719
720
715
699
712
716
718
701
711
710
711
707
710
712
722
708
705
713
714
710
702
710
712
719
716
711
726
724
725
718
726
722
713
694
712
704
701
693
711
713
709
698
706
702
707
704
697
696
704
711
706
719
726
727
723
730
729
728
723
731
736
735
737
728
722
729
730
731
721
722
724
726
716
719
707
707
714
709
709
720
728
727
720
735
744
750
739
752
760
762
752
740
753
750
735
717
731
875
807
770
753
720
717
707
691
691
691
683
692
697
696
696
701
704
705
705
708
703
697
702
706
710
712
711
719
713
726
732
742
747
740
737
741
737
727
729
732
730
730
723
731
730
729
724
736
737
742
729
738
741
738
740
745
749
744
737
737
739
739
733
720
720
721
696
874
477
646
653
646
643
643
642
636
646
645
644
643
643
645
643
641
638
634
627
621
628
621
616
611
615
615
615
617
618
623
632
632
627
638
639
640
642
643
649
646
650
650
645
646
646
639
643
650
649
644
633
644
637
633
623
629
628
622
620
618
620
613
618
618
613
608
611
611
608
605
603
609
611
607
605
606
616
614
611
608
605
603
606
609
602
601
607
610
606
606
619
613
614
611
610
617
617
608
614
615
611
614
610
612
612
614
606
610
608
607
603
602
604
608
608
605
600
604
604
604
600
607
607
604
602
606
604
606
603
601
606
606
599
596
604
608
603
602
601
597
599
600
597
596
598
600
598
602
602
602
599
604
607
605
603
610
608
608
604
611
609
610
604
611
613
610
608
612
1210
618
612
611
615
610
606
614
611
609
603
602
604
640
634
638
638
642
643
634
630
621
618
617
614
613
608
604
607
608
605
604
609
611
614
611
613
625
624
622
621
628
624
621
626
627
628
620
623
624
623
616
615
625
622
622
614
622
619
617
614
610
609
615
611
610
611
606
604
612
610
609
602
608
612
619
612
607
599
612
617
616
614
616
617
605
605
606
609
610
610
608
611
613
612
604
611
606
606
607
604
604
613
615
618
631
627
638
637
625
631
634
634
620
629
630
626
614
628
631
618
618
628
629
615
624
622
622
613
621
618
617
615
620
618
609
616
614
616
607
620
626
622
617
620
620
615
604
614
613
612
606
609
611
610
604
607
612
613
613
606
611
611
611
610
609
604
604
607
604
602
597
601
605
608
600
602
607
604
600
595
601
603
603
601
595
601
604
604
598
598
604
603
598
600
605
606
598
604
608
608
602
601
606
610
600
604
611
612
606
603
610
618
618
621
612
612
615
612
608
603
596
600
603
597
594
603
604
599
595
601
601
603
596
602
599
597
617
625
625
623
616
617
614
604
610
612
608
598
609
604
604
606
599
602
608
608
601
603
610
610
602
603
616
616
615
607
614
617
618
613
612
611
611
617
618
610
603
599
601
633
649
643
644
644
640
633
622
620
620
617
612
608
608
604
604
599
599
595
604
604
608
603
599
604
616
618
611
608
621
621
613
603
615
618
611
607
616
618
618
609
617
618
614
605
616
613
608
600
613
619
615
610
604
615
607
608
598
603
603
601
592
593
602
606
609
604
598
602
615
616
619
608
604
614
614
608
601
606
612
609
606
601
607
608
608
604
601
595
595
598
600
599
595
591
598
604
605
604
608
612
611
607
615
612
605
602
609
608
611
604
604
609
609
603
606
610
612
604
608
620
615
606
606
607
612
606
602
607
609
603
598
604
606
605
598
604
603
601
592
598
603
601
591
594
598
600
594
598
607
602
602
605
611
603
607
606
609
603
615
611
606
608
611
604
602
604
609
599
597
596
609
608
610
597
603
602
604
597
593
596
604
602
602
594
600
604
604
601
599
605
599
599
602
605
605
604
599
599
605
612
608
605
607
611
606
611
605
610
610
610
602
614
610
606
598
597
599
605
602
602
597
602
604
608
604
599
608
611
604
598
604
608
612
599
611
611
610
604
612
608
602
600
605
604
602
597
603
604
594
593
603
600
600
597
590
601
599
596
593
600
599
598
592
600
598
599
595
601
599
594
599
604
604
597
600
603
604
601
593
611
610
611
604
598
595
624
630
619
611
630
634
624
620
631
631
636
632
628
625
618
608
601
604
605
607
608
611
613
624
635
648
663
667
668
680
682
673
674
679
678
676
677
671
665
654
654
678
682
673
652
665
669
665
668
668
654
643
657
651
642
643
651
657
669
649
655
677
694
698
700
698
685
661
657
661
658
649
636
639
643
647
657
668
672
656
648
632
628
619
616
606
601
605
620
631
626
627
630
630
628
628
645
657
660
674
678
676
672
667
646
646
644
639
642
648
654
647
655
676
690
683
688
703
711
714
712
686
689
691
688
681
667
659
648
640
643
648
642
652
675
687
702
706
700
701
691
695
693
696
696
695
679
684
684
674
667
688
695
685
665
665
665
660
663
659
646
653
652
646
647
658
652
670
691
704
707
695
692
686
680
658
664
658
660
663
665
663
652
659
661
663
660
660
656
649
646
641
630
636
636
622
624
631
636
641
662
689
710
714
727
714
688
716
715
707
695
685
669
659
665
659
657
657
643
646
656
660
653
658
666
669
672
667
665
659
657
640
648
644
638
644
646
651
653
650
650
652
653
649
656
660
666
678
668
682
679
664
667
666
659
656
652
653
649
646
642
641
317
335
671
686
695
699
692
688
680
666
660
658
652
643
647
648
647
648
640
655
672
661
659
659
655
649
657
650
647
646
645
643
641
647
648
655
658
658
666
672
668
663
660
665
665
656
655
655
652
647
644
640
638
635
633
634
637
641
652
662
675
675
675
678
671
697
696
707
708
704
695
686
674
659
653
646
647
648
651
653
657
673
678
686
691
685
675
666
739
812
792
771
743
723
700
705
698
690
683
671
665
656
645
1267
637
633
630
630
628
626
619
613
611
617
621
627
640
653
674
692
706
703
697
707
707
699
691
686
675
663
654
649
640
643
658
673
687
703
706
704
688
688
684
680
676
672
665
664
671
672
674
678
677
674
667
670
666
671
669
668
666
665
657
658
664
664
669
672
681
680
683
687
686
685
684
677
674
678
677
678
679
677
672
681
683
685
688
690
688
686
694
702
707
705
701
708
705
700
689
690
695
694
688
690
694
691
693
687
684
690
689
688
683
680
691
695
694
699
695
703
702
693
697
706
693
676
698
698
692
694
692
692
688
681
661
771
372
764
624
619
617
614
615
613
616
625
625
629
627
630
635
636
637
635
641
645
648
657
659
670
680
678
682
697
704
697
691
694
694
693
684
675
674
693
706
712
680
685
684
670
676
688
685
685
679
676
662
656
654
646
645
644
645
656
671
690
695
686
678
672
669
663
662
661
665
664
667
670
672
673
677
678
679
688
688
694
693
688
682
688
684
688
688
686
679
687
689
697
698
700
706
714
718
719
724
718
711
704
711
710
715
707
709
714
715
723
716
714
717
713
704
698
705
694
682
688
688
689
685
685
690
693
688
691
690
686
685
690
695
693
699
703
709
704
704
706
697
700
701
696
690
694
698
699
698
707
698
690
687
690
691
686
689
691
692
690
693
700
696
696
697
700
694
696
700
696
694
698
701
696
695
694
691
685
688
687
680
680
684
688
681
680
680
676
667
667
665
659
662
654
651
653
653
655
658
659
662
665
673
670
672
673
678
674
672
673
674
676
682
687
684
684
688
693
689
686
685
688
689
691
701
700
705
697
703
701
696
690
692
689
681
687
690
694
688
688
695
703
698
695
700
704
700
695
696
699
700
698
702
697
696
696
698
699
696
692
688
688
688
690
692
686
676
681
682
671
667
659
657
659
659
659
666
668
668
676
681
684
683
688
688
689
683
679
685
685
688
689
686
685
692
681
676
682
685
689
697
706
696
677
683
679
677
670
680
686
689
693
702
709
705
693
701
707
710
701
703
706
708
709
713
708
701
688
697
700
702
698
698
682
685
687
691
690
688
679
683
667
672
671
669
674
680
684
683
677
676
690
698
707
706
710
706
706
702
701
697
690
694
697
697
700
683
725
747
729
716
704
707
708
702
697
688
681
691
700
701
701
703
695
698
697
698
699
697
702
701
700
697
695
697
692
690
694
697
696
693
691
688
672
665
666
671
668
653
645
644
647
642
639
640
641
641
644
645
646
644
646
651
653
654
653
653
657
659
661
663
659
661
663
664
669
681
688
694
708
702
706
696
683
704
713
724
725
717
710
710
691
681
684
695
683
681
686
685
675
665
668
669
673
670
668
663
670
666
663
665
663
660
656
656
659
659
658
655
662
660
655
653
668
672
674
663
668
673
676
677
681
682
679
687
688
683
687
688
690
690
687
694
692
691
690
688
673
678
678
674
678
686
685
689
698
705
714
721
728
725
722
728
723
723
721
718
719
721
716
704
700
710
730
749
749
744
741
731
721
695
681
680
678
682
689
701
689
698
709
723
737
749
749
736
743
747
744
736
740
744
743
747
748
748
732
724
733
737
743
748
746
741
744
749
744
744
731
715
725
725
726
725
724
739
744
744
734
741
743
748
744
738
748
743
741
735
743
739
736
722
729
732
729
722
723
721
721
713
702
716
720
729
724
719
729
726
724
714
722
724
725
720
727
729
729
722
720
729
733
728
722
734
735
737
729
729
732
732
723
722
726
727
716
721
723
717
707
719
722
723
717
726
729
729
721
722
728
725
721
715
722
721
721
715
721
728
729
716
712
723
721
716
709
709
714
711
708
712
716
713
709
720
719
718
714
726
718
707
688
690
697
696
688
682
688
697
699
703
708
711
700
705
705
705
712
711
698
697
689
683
678
685
685
680
678
684
687
680
682
688
691
689
691
697
705
704
693
708
718
720
715
718
722
725
720
723
734
735
724
717
710
708
716
718
707
718
723
728
724
726
729
732
737
719
723
726
732
725
728
731
731
722
727
731
722
725
729
719
725
729
729
728
716
725
728
732
729
737
742
745
741
749
751
757
745
752
752
749
739
741
740
738
732
738
741
746
731
739
737
735
729
737
744
747
735
749
752
744
736
730
705
708
709
711
712
707
689
698
702
710
725
734
732
742
753
758
766
751
753
748
750
739
724
731
732
734
729
725
733
734
735
712
721
722
721
711
718
722
720
719
733
733
740
723
706
711
723
728
723
711
714
719
711
700
712
719
726
726
721
732
741
749
729
718
728
748
752
746
732
707
715
715
714
693
694
699
709
711
709
701
690
698
704
710
692
706
706
709
702
713
714
703
726
731
737
729
722
716
708
706
701
701
698
701
702
707
710
731
745
752
758
737
736
739
729
730
731
729
733
726
733
737
739
745
752
729
731
755
759
741
737
733
726
721
723
709
726
752
751
743
749
749
748
746
745
719
721
716
694
703
688
689
689
689
693
697
698
696
693
688
680
672
651
649
651
648
653
661
667
673
674
682
678
676
671
666
665
665
665
664
668
666
654
662
662
661
661
646
647
655
656
664
668
671
663
652
647
643
645
648
655
663
669
670
676
671
673
662
646
653
647
650
646
297
338
640
633
727
525
627
628
628
627
626
613
627
630
630
631
633
630
634
619
627
626
622
616
620
628
631
633
635
637
635
637
637
638
635
636
631
630
628
619
623
624
623
617
608
619
622
622
619
611
618
613
611
611
616
625
626
627
632
632
636
639
645
645
649
649
658
665
674
675
663
666
665
663
663
661
661
664
667
667
673
680
674
682
690
697
703
702
718
716
700
690
701
773
741
729
715
703
690
692
686
684
689
697
702
700
701
704
708
707
700
699
696
690
685
683
675
667
664
668
664
662
663
670
677
668
679
677
675
665
663
667
667
671
675
675
679
688
701
704
706
707
688
691
696
693
690
680
669
661
655
652
646
635
632
489
277
491
628
617
613
609
613
614
607
603
607
607
606
602
596
593
597
597
595
595
600
596
592
588
585
584
580
567
574
576
582
581
576
581
576
577
579
577
581
578
581
598
598
604
602
604
609
610
606
604
602
598
604
597
598
591
589
592
597
594
594
597
591
585
591
590
586
577
587
586
586
585
587
593
587
584
589
584
578
575
578
576
576
581
583
584
584
584
586
585
586
586
587
587
586
593
598
592
597
595
594
589
588
587
587
587
583
581
584
585
585
582
581
587
589
589
586
589
592
591
590
589
593
595
596
595
599
604
604
603
611
604
599
600
602
598
595
598
599
599
599
602
602
598
588
590
597
590
588
587
583
585
598
619
631
620
620
615
613
604
604
599
592
586
584
580
578
579
575
578
579
577
575
574
573
576
575
577
580
583
582
580
581
579
583
582
582
583
584
587
591
596
606
612
618
619
626
632
631
626
628
625
619
616
619
617
616
613
619
621
622
618
614
610
611
607
606
602
600
598
596
597
599
595
594
601
604
602
609
624
625
623
624
622
621
618
616
614
613
612
615
610
607
600
603
602
603
605
601
598
604
600
602
601
600
601
601
603
607
609
610
608
604
605
607
609
610
610
612
613
616
618
625
632
635
628
629
633
634
632
632
622
623
620
615
612
606
599
610
608
608
610
607
596
603
599
604
600
598
602
601
599
598
599
601
597
594
591
590
587
589
594
598
604
611
613
610
618
615
613
617
622
623
616
623
628
627
633
635
637
647
648
651
648
651
648
645
646
644
642
637
642
640
639
633
630
631
639
641
640
635
636
641
638
632
620
619
615
614
615
613
615
617
618
624
620
616
624
624
625
621
616
613
615
611
612
608
607
607
606
606
609
611
612
612
609
615
617
618
615
614
623
625
627
628
626
618
623
626
625
623
619
620
618
616
615
614
612
612
613
613
616
617
615
619
619
616
616
618
622
620
622
616
616
620
620
620
618
616
609
605
601
594
594
589
580
582
583
584
577
574
578
578
599
615
635
639
625
629
627
635
654
656
660
659
649
646
644
645
644
651
646
638
634
624
639
642
619
618
608
605
610
604
602
604
604
603
601
594
586
577
577
569
567
571
569
573
567
570
569
566
567
566
567
572
563
564
570
573
572
574
571
568
575
563
563
563
564
565
563
566
559
566
566
565
565
563
559
558
561
564
563
560
559
559
562
559
560
558
564
563
563
559
563
558
559
