731
737
734
775
2168
730
732
729
734
731
725
723
723
718
722
725
724
716
722
728
723
721
727
725
721
728
728
727
728
730
731
736
733
737
736
732
732
735
734
729
729
731
734
740
736
739
736
739
746
745
747
749
744
752
754
746
744
748
747
750
752
752
750
753
748
750
750
746
748
749
742
748
743
737
733
735
732
730
730
729
726
731
726
726
727
722
727
739
729
729
730
733
740
732
735
732
737
735
731
733
738
741
743
745
749
742
746
751
751
751
752
751
753
753
756
754
750
756
760
758
759
759
756
754
753
748
755
749
754
757
754
749
752
747
742
746
745
747
747
742
740
737
735
737
736
735
739
738
741
735
736
737
736
736
740
736
739
741
746
744
744
739
743
739
737
733
732
746
740
742
743
721
726
737
738
729
737
734
745
744
740
737
738
739
735
733
738
732
725
730
739
735
739
742
744
748
747
742
745
737
742
734
742
736
739
750
742
745
740
741
741
742
743
757
749
745
753
751
745
737
740
743
730
731
724
727
720
717
711
717
728
725
729
729
726
728
730
732
732
729
731
738
737
734
733
739
739
737
738
737
734
733
738
738
734
730
731
733
731
730
729
733
730
730
728
727
721
727
721
725
719
722
721
716
714
711
706
708
706
695
699
698
702
704
707
707
713
713
717
718
726
729
728
734
731
739
738
735
741
739
738
736
734
736
740
741
739
740
746
746
748
747
747
748
741
742
741
741
738
737
737
733
736
738
736
738
733
729
734
729
731
735
738
732
739
735
742
741
734
743
743
739
744
741
744
741
732
730
743
730
729
733
738
741
737
739
734
737
737
737
739
735
736
730
726
730
729
731
729
728
304
423
715
720
716
718
721
720
721
724
719
717
715
727
727
717
723
714
717
719
711
710
701
712
702
707
714
714
728
723
730
734
729
733
741
739
746
752
749
754
744
743
750
753
750
761
764
765
782
781
793
807
809
827
816
822
822
818
813
808
795
807
812
804
810
814
809
821
823
821
839
819
828
831
825
827
835
831
834
828
820
835
834
828
832
824
839
856
836
859
868
873
854
862
868
850
860
854
854
870
866
857
866
876
850
858
869
844
850
852
841
834
845
835
837
857
850
842
852
854
842
859
875
856
861
858
862
865
873
858
870
881
868
884
893
869
876
890
871
885
887
888
872
883
902
906
889
876
892
883
878
881
880
870
889
871
875
879
870
882
885
875
869
896
884
868
877
895
872
880
889
885
879
887
886
882
890
898
886
885
898
896
888
888
889
873
870
861
882
872
882
878
872
883
878
860
870
883
873
865
860
879
880
870
849
904
896
879
854
900
906
895
875
890
886
881
889
865
895
891
881
879
873
897
886
884
889
880
874
920
887
885
873
888
881
884
878
868
889
894
882
874
896
888
887
879
924
902
896
924
915
904
909
914
903
900
919
914
911
905
911
917
910
903
910
917
919
896
893
923
910
893
902
917
894
898
913
911
909
904
933
928
928
917
925
933
921
916
894
944
910
913
912
909
902
909
912
910
902
917
942
931
906
923
937
909
904
913
910
892
891
932
918
898
915
908
896
888
908
903
889
885
894
862
890
887
890
890
876
888
866
889
893
896
854
892
898
876
890
872
843
926
898
892
905
883
921
909
901
920
889
931
904
922
921
923
921
939
948
908
944
926
935
903
913
933
932
907
908
896
940
907
915
939
940
918
932
927
895
930
929
924
908
904
917
908
902
926
923
914
918
937
941
933
933
940
948
943
935
940
949
956
940
944
953
927
953
929
937
941
903
912
966
952
918
908
936
955
948
919
930
951
955
932
904
962
945
926
922
919
919
895
929
946
943
935
914
923
938
929
915
933
935
926
918
912
922
922
904
915
912
896
915
916
972
950
926
945
900
947
950
946
928
943
940
953
943
926
918
937
933
898
925
918
924
923
892
929
914
889
881
874
877
912
926
918
881
947
949
951
922
929
968
947
936
951
949
938
933
902
969
935
944
946
952
967
940
948
922
934
929
916
879
938
940
919
922
918
919
927
903
902
892
933
921
913
916
918
912
917
908
916
904
888
942
888
943
927
915
920
906
911
896
907
897
908
893
906
891
906
871
919
909
896
903
910
902
912
918
911
958
933
936
939
937
941
940
932
942
952
970
964
955
954
974
980
955
952
962
958
930
951
933
934
946
948
929
900
965
951
922
925
949
945
888
899
945
923
895
913
891
891
873
873
872
883
873
896
880
895
908
889
883
889
906
892
895
903
941
907
913
947
922
922
934
924
939
949
934
941
947
913
968
947
962
946
950
974
966
961
975
968
952
957
973
966
962
946
929
946
923
898
909
939
906
909
915
892
899
929
909
917
938
955
947
953
958
959
973
949
971
984
971
977
983
977
976
964
968
983
972
963
941
954
982
976
968
942
945
968
963
970
942
940
980
954
926
953
961
914
922
947
940
896
921
925
912
918
925
915
906
911
886
879
857
964
917
919
919
909
895
917
878
966
927
918
927
921
933
912
916
924
909
910
906
891
899
876
917
901
908
902
893
870
894
876
863
885
862
936
959
937
918
959
934
934
901
972
936
951
941
957
948
940
942
956
954
974
965
946
963
969
971
957
967
954
942
928
959
928
963
971
934
965
932
947
928
932
906
910
938
952
933
941
938
911
915
925
940
936
916
918
961
924
925
942
927
920
981
954
953
957
980
967
941
956
961
960
929
984
944
951
944
931
914
966
960
913
964
951
936
919
921
974
936
936
944
907
953
938
926
938
929
893
956
947
946
925
979
969
964
952
954
978
960
952
952
965
970
969
977
948
940
994
943
928
917
900
858
852
843
834
821
806
813
793
808
786
789
773
789
783
788
784
784
783
775
781
791
774
787
770
772
773
755
755
747
744
755
752
753
759
758
756
763
757
768
753
766
759
754
752
746
743
742
746
752
746
733
741
742
738
733
726
733
733
730
720
726
726
728
723
722
720
724
718
730
728
724
728
719
725
726
726
722
713
714
718
719
718
718
714
720
716
717
718
717
712
710
712
710
712
707
712
707
707
707
702
703
700
701
701
703
703
694
698
700
703
703
698
700
695
701
700
698
699
694
701
701
698
704
699
706
702
703
700
697
701
699
697
700
696
699
699
695
698
702
701
693
700
697
700
703
705
700
701
702
692
700
698
700
700
695
698
695
703
701
697
699
693
696
699
696
693
688
700
701
695
698
698
702
702
702
702
698
705
702
707
705
712
714
708
712
707
710
706
707
707
707
703
709
707
711
714
706
713
709
705
709
707
700
701
711
713
714
709
699
704
703
708
710
707
709
704
709
708
704
708
711
713
714
705
715
718
717
713
717
716
716
714
714
718
717
724
714
717
711
717
715
714
715
722
715
718
712
718
719
715
719
718
719
720
714
719
722
723
721
719
722
719
721
726
717
722
720
720
728
719
721
720
726
725
721
722
723
724
725
724
727
722
726
724
725
728
721
717
719
714
722
719
720
723
718
717
720
719
723
719
716
721
715
718
727
723
720
719
712
718
718
716
720
719
729
729
731
731
723
723
723
723
716
720
723
726
720
723
729
723
721
728
722
722
722
716
714
715
715
717
704
707
710
719
714
720
731
732
731
736
738
738
725
730
733
737
735
742
746
752
760
761
756
767
760
759
767
759
757
763
757
757
759
755
757
760
753
758
760
757
751
749
755
756
748
751
750
750
753
751
743
755
756
753
748
753
754
748
760
752
753
756
753
761
764
764
760
767
774
780
777
775
775
773
772
774
775
767
771
762
771
768
765
765
773
765
761
765
764
766
759
764
767
764
775
773
768
764
767
773
772
767
764
763
766
765
762
761
758
761
762
764
764
753
764
763
760
769
770
758
762
765
759
763
765
766
769
761
760
762
760
765
762
761
762
755
751
752
763
768
766
762
765
763
736
740
736
733
749
750
742
741
733
742
734
726
721
725
736
741
735
748
743
746
739
752
757
762
772
778
781
808
798
805
798
822
831
820
835
840
836
848
843
847
854
863
866
875
894
876
886
886
887
894
883
879
873
874
846
853
847
845
850
844
855
858
853
863
855
862
863
858
869
876
862
885
895
881
896
888
872
895
905
910
889
914
927
929
919
923
925
915
920
911
898
910
887
880
892
867
836
842
845
854
855
842
855
850
849
839
897
876
891
878
904
859
899
898
891
884
916
909
926
898
914
930
928
916
918
938
938
910
919
945
951
930
926
930
941
916
907
913
871
871
854
830
885
870
875
882
863
882
879
875
885
923
888
900
918
905
895
906
912
905
892
932
938
922
917
935
922
916
920
907
900
889
900
967
929
928
936
947
934
931
924
933
917
916
917
927
915
923
935
892
904
907
882
963
934
938
935
922
892
952
939
919
915
930
949
929
918
953
955
925
933
952
915
966
933
968
962
951
929
956
949
925
920
927
917
912
948
957
957
941
934
938
986
951
932
948
952
929
891
892
878
902
919
875
912
925
952
906
905
942
920
914
934
928
891
939
956
952
936
908
973
964
970
946
952
963
922
974
950
967
968
955
951
930
995
964
947
941
981
972
951
951
962
951
929
970
967
979
957
945
924
914
996
975
938
931
944
965
947
941
975
988
996
966
955
974
969
1008
973
973
1009
989
956
946
941
1051
972
953
971
982
969
928
950
979
991
938
946
965
950
976
983
969
977
976
934
939
1027
1006
943
930
938
929
922
937
950
940
960
972
976
953
996
1019
1003
958
951
986
972
949
1013
979
989
971
934
954
960
942
933
929
945
931
923
918
958
951
929
935
954
958
947
944
950
994
965
933
943
945
968
944
918
951
943
936
917
914
1009
990
955
949
957
956
928
977
983
966
926
931
963
921
918
952
943
915
922
935
907
925
953
925
896
963
960
938
937
962
961
951
943
973
974
942
981
959
975
972
956
938
931
976
954
940
951
959
922
987
953
965
975
955
956
980
978
962
973
979
962
957
975
982
979
925
980
987
983
971
960
975
978
962
953
981
985
970
961
951
965
946
968
968
983
949
962
984
976
970
933
995
986
999
955
948
983
978
988
952
965
1021
997
966
989
1000
985
959
960
1028
1005
994
995
997
1005
973
976
1014
1020
1010
978
967
1002
988
963
957
977
979
962
950
958
958
1028
984
955
977
999
971
961
992
994
999
964
959
990
1002
966
951
982
976
950
947
950
975
948
1007
991
1017
999
975
961
987
983
960
955
969
971
941
937
964
972
935
936
961
944
934
945
961
950
926
989
991
971
952
975
987
976
958
973
991
991
981
989
992
991
982
981
1002
998
975
991
1004
989
968
984
995
985
952
957
993
993
971
962
1021
997
966
981
992
975
966
996
1007
987
974
984
1004
1004
966
981
998
998
971
980
1004
1000
994
978
1021
1013
1002
986
1000
999
997
967
958
979
1019
1023
979
993
1007
1018
977
995
1016
1008
979
988
993
995
981
975
992
995
975
974
999
1004
970
986
989
988
987
978
984
996
996
966
977
998
986
967
964
977
997
971
967
980
1012
990
980
1004
997
976
974
990
1000
997
985
972
1001
999
986
973
996
1011
984
974
1001
1002
967
963
979
984
981
965
971
1003
991
995
978
975
1002
1004
991
983
990
1004
993
978
1000
1006
986
979
994
1003
961
969
993
997
951
952
981
1000
960
952
1012
1008
1018
991
985
1019
1015
986
995
1030
1031
1014
990
995
1021
975
1015
1003
1003
999
976
984
926
1041
993
1010
1024
1012
988
997
1021
1023
1000
981
981
983
957
952
986
939
928
957
1001
977
974
953
1013
997
979
980
994
981
960
977
997
953
960
986
1000
963
954
979
991
952
977
994
994
940
1013
1004
1004
1006
986
1001
1035
1042
999
1003
1023
1038
1015
1004
1008
1024
1021
1003
991
1018
1011
994
992
1015
1009
993
985
1004
1006
966
978
985
955
953
959
935
918
933
932
919
892
894
914
896
889
862
868
882
867
897
894
873
896
899
898
891
878
871
861
899
896
910
922
933
920
939
945
931
953
947
948
964
944
972
940
935
947
933
958
954
927
943
951
952
952
938
962
954
960
960
990
993
999
1001
1006
1002
972
980
979
980
959
946
993
978
965
967
986
949
948
979
950
943
952
977
948
946
996
1002
977
971
994
1009
993
989
999
1032
1026
1000
1011
1009
1013
990
977
1003
1012
988
972
977
1014
1025
1013
988
1018
1017
1023
987
998
1022
1033
995
995
1018
1007
989
998
1020
1020
1007
996
1003
1020
1013
980
990
1023
1015
987
978
989
974
949
967
952
938
949
932
931
933
935
931
956
950
935
941
979
979
955
982
1014
1003
981
1025
1008
998
1016
974
1013
1007
1008
1000
974
938
966
919
933
920
906
911
914
912
912
916
917
909
914
922
942
935
948
939
967
962
960
965
964
979
981
965
988
991
981
984
999
1000
983
996
987
1000
1021
1011
1013
995
994
1020
1021
1015
981
1021
992
975
981
989
944
949
967
929
943
955
943
945
956
938
956
947
950
966
967
959
983
992
963
987
998
982
978
998
1016
1014
1007
977
1006
1023
1011
989
989
998
998
968
975
1023
1022
1003
984
993
1027
1015
990
993
1021
1005
990
994
1018
994
997
1000
991
985
964
974
995
1003
987
973
987
1007
1031
993
1004
1034
1031
1003
999
1030
1003
987
1001
1021
1034
1015
1035
1044
1052
1020
1004
985
1046
1045
990
1001
1021
1026
991
999
1017
1003
979
973
1000
1001
973
977
1018
1005
995
1014
1031
995
989
996
1010
1000
986
992
1015
1005
979
977
1008
1021
1009
984
994
1003
979
971
1002
1005
989
998
1002
990
982
987
1024
1039
1010
1002
1037
1057
1022
1016
1038
1040
1017
1011
1036
1044
1011
1003
1020
1000
983
1005
1008
984
991
1017
1014
986
1009
1032
1032
1008
1029
1028
1016
986
987
999
1006
987
965
972
1005
1006
974
977
989
984
967
980
1009
991
985
989
1004
1000
977
979
989
984
972
990
1012
991
983
998
1007
985
976
967
988
992
980
987
1010
1014
989
983
1015
1013
990
987
1012
1051
1012
995
1006
995
949
954
943
949
941
930
879
878
900
908
903
859
871
870
859
854
823
840
819
847
832
812
813
838
829
829
809
804
808
800
799
793
801
785
792
793
789
776
774
779
766
767
771
759
770
762
764
757
770
766
761
762
765
752
763
762
759
762
750
746
759
757
748
755
760
744
752
752
742
742
748
748
740
746
735
746
748
742
745
744
733
740
743
741
733
739
743
728
742
740
740
735
727
734
733
734
725
730
732
725
729
730
721
728
729
721
727
727
723
724
718
729
723
716
725
723
709
716
703
712
716
708
718
715
712
719
723
711
712
716
716
710
717
713
709
714
721
720
710
716
723
727
727
722
723
725
719
722
715
725
735
732
735
731
736
735
727
739
739
735
735
726
735
732
720
727
726
732
726
731
734
738
736
730
718
728
723
725
728
723
729
731
727
720
723
718
723
719
714
718
711
719
722
729
722
713
719
715
719
721
714
721
720
721
725
716
724
720
724
727
714
723
726
717
725
729
723
728
731
723
728
726
718
723
729
720
726
726
717
725
719
719
726
720
721
721
719
713
712
714
718
711
715
715
714
720
720
714
718
715
718
719
716
720
715
705
717
716
711
715
714
708
709
714
724
723
716
714
715
710
719
717
712
708
711
721
722
725
719
717
722
725
720
726
722
715
720
723
719
720
718
727
721
717
725
728
722
726
726
727
723
721
724
724
718
723
717
723
720
720
723
721
715
719
714
717
714
723
729
727
723
724
728
720
719
718
710
721
726
712
714
717
706
715
717
707
717
716
707
713
716
707
716
721
713
719
711
718
729
725
727
718
721
722
719
726
726
723
727
730
723
728
729
733
733
732
733
726
733
741
736
729
725
727
722
723
723
728
728
720
727
725
721
725
728
728
721
726
729
724
728
727
725
728
728
725
728
725
731
730
725
728
729
729
732
725
735
733
729
733
729
723
730
729
728
734
727
733
730
726
729
724
730
727
729
733
729
729
732
733
741
735
736
736
732
734
736
733
736
741
735
742
751
737
741
738
729
732
732
731
736
728
735
741
730
734
732
729
734
737
737
726
741
745
744
742
742
738
732
743
745
746
740
729
735
724
725
737
752
740
730
737
739
732
738
748
749
756
759
754
760
753
744
746
745
741
743
740
744
745
735
734
730
729
731
724
731
731
729
730
731
738
738
733
740
736
735
736
734
736
738
735
743
741
739
743
742
740
747
750
744
749
746
750
750
745
747
744
744
741
735
741
753
751
750
752
750
749
739
746
749
745
745
741
746
739
739
741
736
739
743
736
741
737
734
740
734
740
742
747
748
741
746
751
753
755
749
756
749
754
752
742
747
747
748
749
743
737
754
749
747
749
755
746
751
753
751
755
751
765
759
758
757
756
753
745
750
748
739
743
739
742
746
736
740
743
745
745
738
746
748
738
746
741
743
744
746
746
747
744
749
740
745
744
736
741
742
737
741
741
738
739
730
742
741
738
742
741
746
745
746
745
747
742
746
746
742
749
744
745
740
737
742
735
737
736
737
736
739
726
732
735
728
733
730
731
737
733
732
736
730
733
733
729
730
729
729
726
726
728
727
724
729
728
725
729
724
731
731
728
733
730
733
732
726
726
723
725
728
729
720
726
718
725
726
723
724
722
718
724
719
720
725
725
719
702
708
715
715
708
709
716
711
707
712
716
713
723
724
720
729
735
729
725
726
735
732
734
737
732
730
735
736
737
737
735
730
732
737
734
736
740
740
740
741
741
737
731
735
734
746
747
739
747
748
743
748
739
743
740
736
739
740
767
758
759
759
756
754
767
769
770
760
756
748
741
743
743
741
732
731
732
738
738
754
768
796
785
770
768
753
740
747
742
739
732
737
745
743
747
740
749
747
746
747
750
744
750
746
755
744
746
754
749
762
762
760
781
758
757
765
762
754
759
756
746
750
744
742
743
740
740
740
745
746
754
775
772
767
767
762
752
750
744
742
750
744
734
728
731
729
728
722
723
723
724
724
724
722
716
728
719
717
717
720
717
720
719
717
717
720
723
713
717
724
712
716
718
718
719
723
720
723
721
726
726
724
729
719
724
724
715
716
724
724
725
722
725
719
722
726
728
729
739
733
738
745
749
744
739
757
749
749
750
749
751
746
751
758
748
755
748
748
746
751
753
741
752
747
736
746
742
741
745
747
747
756
744
745
748
737
740
750
747
732
741
737
747
749
742
748
749
741
753
751
759
758
747
762
759
766
755
754
758
750
768
770
763
770
767
751
759
765
773
773
775
772
765
771
766
770
763
766
765
761
747
754
759
754
752
758
752
762
756
755
756
761
763
749
749
754
751
750
750
743
750
752
747
754
750
737
742
744
762
761
750
750
755
749
755
753
761
767
759
766
763
754
761
766
752
755
747
756
755
751
750
744
752
747
748
755
740
748
747
736
739
742
742
723
731
738
732
728
733
731
729
729
729
738
730
735
740
734
735
737
739
741
739
734
742
746
747
735
743
739
742
744
744
742
744
751
743
749
751
742
737
746
743
734
739
734
725
729
724
730
726
728
729
725
730
727
729
729
722
729
724
726
726
721
729
728
718
727
728
719
722
720
720
722
724
718
726
725
730
729
729
731
725
725
727
718
728
726
722
723
713
719
716
711
714
707
711
716
706
707
712
704
714
716
714
720
715
714
712
722
714
718
717
709
721
717
718
723
711
722
713
719
712
715
722
712
717
719
717
717
712
711
707
706
703
708
704
711
713
701
704
707
701
709
705
711
711
708
714
710
720
712
712
712
711
712
707
713
712
708
712
705
711
710
702
711
712
713
715
712
716
712
715
716
713
718
719
708
716
716
717
720
710
715
709
713
710
705
712
706
704
710
706
714
710
702
710
706
703
703
699
697
698
699
700
696
701
706
709
707
708
709
706
712
709
706
711
723
728
718
718
715
711
709
716
708
716
714
702
711
709
702
700
699
700
711
702
699
704
710
708
703
703
701
702
701
693
698
702
699
697
702
702
700
700
698
701
703
695
706
706
710
711
706
706
703
700
706
702
706
708
704
712
705
703
706
706
709
701
708
703
703
702
696
701
701
699
705
692
699
694
704
707
696
702
701
707
706
707
711
700
707
709
706
711
701
706
708
705
710
702
712
708
707
708
703
707
697
702
703
694
700
695
703
699
695
698
694
698
699
697
699
695
703
703
705
700
705
702
702
706
705
713
708
706
698
707
707
706
709
706
709
712
713
712
713
720
716
720
718
716
713
710
718
714
712
716
710
715
711
708
711
709
717
705
714
714
711
708
701
710
710
711
706
697
703
704
702
700
698
701
707
701
710
703
712
711
708
711
701
710
711
709
715
703
709
705
706
714
707
711
705
708
711
706
706
701
704
704
701
702
702
705
705
708
702
707
710
706
702
709
707
706
711
711
715
713
710
718
710
714
707
703
708
708
703
709
705
700
707
704
703
708
711
709
709
704
701
709
707
705
712
724
709
707
712
704
712
717
702
706
705
706
706
701
708
711
708
699
712
723
710
711
711
706
707
703
703
712
718
708
703
706
696
699
701
697
706
703
698
700
698
699
702
697
699
699
706
706
702
704
704
706
708
704
705
704
712
711
702
707
707
712
707
705
704
712
711
712
709
710
709
706
707
708
711
703
709
707
706
714
705
712
706
701
706
705
709
706
710
711
704
706
704
709
712
713
713
706
712
705
707
704
704
708
708
705
710
705
709
712
712
709
707
711
707
714
711
710
712
718
710
710
725
723
722
712
719
712
719
727
729
722
716
723
720
718
718
719
720
721
716
725
723
720
720
717
708
707
706
702
702
710
708
711
707
707
708
714
708
714
709
706
707
699
710
708
706
708
705
709
703
703
711
706
713
711
712
718
714
711
714
710
716
721
713
720
720
717
718
706
714
718
714
712
715
715
708
710
710
705
705
695
699
702
698
706
698
704
706
704
706
700
710
697
706
706
706
710
700
705
709
705
708
698
699
698
703
702
709
704
699
709
702
709
708
705
708
703
708
709
702
709
707
708
707
705
710
707
703
699
700
700
701
705
697
701
695
700
702
705
702
697
699
699
697
698
707
699
704
699
696
703
698
700
695
704
701
699
701
702
701
707
694
703
703
707
706
695
700
694
704
702
710
703
707
699
703
702
700
701
701
706
699
701
696
696
695
696
689
689
694
691
696
694
697
700
697
688
696
691
695
693
692
691
703
699
697
695
699
703
694
708
701
699
706
702
698
699
699
697
695
697
709
705
706
700
702
704
706
703
697
707
705
707
711
708
711
697
711
708
706
705
703
709
703
706
709
704
703
707
701
701
700
698
705
707
695
702
690
696
700
703
704
709
707
712
707
707
699
709
702
695
702
707
704
703
703
697
696
695
701
695
690
693
690
693
696
695
701
695
703
700
695
700
698
700
695
696
700
700
694
699
699
696
698
694
700
702
700
706
701
705
711
701
706
700
705
707
701
704
702
707
707
704
707
705
704
703
699
699
706
698
700
702
704
697
702
702
705
700
701
697
692
688
688
683
692
694
694
704
699
701
710
707
709
710
707
700
701
703
696
707
702
708
704
712
707
707
704
710
705
711
709
706
706
706
714
707
712
709
707
711
710
712
709
705
711
709
708
709
727
714
709
712
716
721
718
716
715
716
712
713
714
706
708
713
711
710
708
703
704
698
705
702
703
698
698
704
696
701
697
694
696
691
692
687
693
688
688
686
683
692
690
694
692
688
691
690
695
696
691
697
696
704
703
699
698
695
704
697
703
706
706
707
704
705
705
700
703
696
705
703
701
709
701
702
697
700
701
702
706
701
695
702
703
701
702
706
702
708
711
703
704
706
708
704
704
700
695
701
700
711
709
708
714
709
709
707
709
708
700
701
698
707
701
695
703
700
699
702
693
702
699
697
706
701
696
697
694
694
698
695
704
701
695
698
697
697
699
698
698
691
697
698
695
701
700
697
696
690
698
696
696
703
696
699
696
691
698
698
690
697
696
702
701
696
702
696
699
702
695
699
697
688
691
696
686
693
690
688
691
688
692
688
695
691
694
694
696
700
698
701
696
700
701
696
703
701
705
699
700
705
704
704
708
698
699
697
695
698
697
694
697
690
691
697
691
692
691
687
694
688
682
689
687
688
695
694
694
691
690
693
692
692
688
690
692
692
702
699
706
698
700
700
703
701
695
705
700
697
697
694
698
702
697
696
692
698
695
691
692
690
693
692
699
696
700
700
699
703
703
704
705
700
699
699
702
693
695
696
700
700
697
695
701
698
704
697
707
708
704
701
704
704
708
701
701
700
705
698
703
699
699
698
703
707
695
706
694
706
699
704
704
703
708
710
704
709
717
709
717
719
714
714
716
710
714
711
709
711
704
702
697
701
699
701
708
697
698
707
713
712
709
716
713
711
715
701
708
698
693
708
706
707
708
706
701
697
698
701
699
699
697
695
700
699
698
700
696
698
696
693
693
694
692
695
695
694
695
689
692
692
689
693
688
688
695
690
693
697
690
695
693
692
698
697
691
693
692
693
696
696
695
690
694
692
693
693
696
697
699
695
704
703
707
713
711
714
714
712
714
712
709
710
711
712
710
709
708
715
708
717
715
712
713
712
713
710
709
710
703
699
706
704
703
702
704
700
708
709
701
705
709
711
711
702
702
704
704
709
709
706
707
710
711
716
719
717
716
707
711
707
706
709
711
713
711
712
717
718
718
720
714
715
714
711
714
717
723
726
726
720
715
724
729
729
729
726
727
719
726
732
734
734
729
724
713
719
729
728
722
712
711
720
728
731
726
731
735
731
737
737
731
734
730
729
737
735
727
732
736
733
745
746
735
732
735
740
739
738
734
730
725
729
725
722
721
721
715
714
717
724
722
710
700
707
710
710
717
710
711
706
715
726
724
724
717
720
714
716
718
721
725
719
721
717
714
709
700
700
695
693
680
691
689
682
686
703
700
699
698
704
703
704
711
713
715
730
733
736
730
732
744
738
750
755
758
765
771
773
792
785
788
799
796
813
793
808
793
801
808
793
803
802
788
789
790
788
786
797
782
769
778
772
795
790
795
800
812
818
809
822
819
806
818
825
830
822
838
829
817
831
826
820
824
825
810
828
833
820
834
836
825
826
823
838
816
825
829
814
815
800
811
799
813
815
813
829
804
838
824
827
843
837
847
854
845
838
831
818
832
821
820
816
815
827
817
821
835
826
855
840
827
844
846
859
844
875
875
854
863
859
862
859
876
874
874
874
886
892
876
873
887
885
867
863
864
848
859
849
833
833
827
820
841
838
841
844
827
836
837
842
849
851
849
860
869
864
893
904
886
885
887
878
880
884
892
886
883
880
882
870
892
880
869
878
871
859
862
880
845
848
855
848
854
880
857
859
883
885
868
877
879
884
864
881
862
830
831
813
806
800
801
813
851
854
851
854
844
867
851
845
870
848
872
868
855
880
881
881
910
911
907
912
908
911
899
904
893
906
917
898
902
918
900
897
899
889
887
902
912
896
888
896
908
909
897
904
919
893
889
896
909
915
902
895
898
891
886
896
901
886
886
917
901
902
914
912
901
884
891
887
856
869
875
852
866
864
874
873
867
881
898
901
890
897
896
895
891
906
915
908
900
920
912
902
911
911
920
927
891
885
881
854
866
854
869
849
845
848
837
840
832
834
825
844
848
845
836
842
836
843
851
837
861
848
864
845
865
846
874
861
856
836
861
843
833
843
847
843
838
858
843
837
841
834
835
849
832
843
848
834
839
823
836
839
828
845
833
833
841
839
837
854
836
850
858
842
854
843
843
826
821
818
838
847
833
853
849
841
855
855
845
872
860
856
855
865
876
867
869
872
868
861
876
885
879
874
895
899
886
878
892
900
879
881
899
901
883
900
906
893
891
896
900
889
874
890
891
886
898
899
892
890
904
908
897
912
891
895
905
896
902
887
901
885
890
877
895
887
885
906
915
888
909
910
905
902
931
921
936
924
940
933
941
913
903
931
927
906
899
886
882
880
859
869
854
854
861
839
861
858
842
848
872
855
878
852
866
873
865
866
881
873
893
882
888
896
891
895
896
892
906
891
889
914
922
913
908
917
932
932
922
932
939
943
928
926
952
933
918
917
911
908
892
893
875
886
875
861
857
879
858
864
872
864
885
892
881
880
905
905
903
901
914
911
901
911
899
895
891
894
897
878
889
884
890
876
893
874
875
892
881
894
895
884
897
895
903
914
900
913
909
908
919
915
905
917
928
929
940
919
929
933
929
910
931
931
927
913
905
905
882
874
876
863
869
870
875
870
879
895
888
903
903
904
903
913
913
929
922
927
938
930
932
949
944
943
944
926
930
918
908
898
907
912
907
898
901
891
897
890
897
883
879
895
871
891
884
889
901
889
906
910
905
912
919
910
902
920
938
940
927
920
954
950
960
947
921
935
953
930
924
933
927
910
908
920
908
909
929
903
902
927
944
927
911
926
926
913
927
914
919
926
912
924
934
916
937
931
931
943
938
934
926
949
948
948
935
938
942
946
929
943
931
941
947
929
949
938
928
922
917
927
927
918
899
908
950
945
929
937
949
939
959
944
935
947
944
947
939
948
951
943
930
924
944
955
963
934
954
951
934
932
942
917
925
927
901
921
907
902
911
896
896
913
884
890
910
896
904
879
899
896
881
894
876
877
894
881
895
882
901
902
894
910
896
914
910
899
920
924
912
894
918
939
930
927
915
940
943
939
936
924
919
935
910
909
920
902
893
923
888
894
897
883
886
898
900
896
902
896
898
927
923
923
914
928
920
910
940
960
948
945
960
962
946
940
956
964
963
959
972
969
962
941
947
962
951
927
939
950
955
938
939
959
962
944
951
975
957
943
938
945
944
942
932
952
968
937
937
958
943
938
963
964
940
926
958
963
945
971
976
978
958
969
983
993
950
960
977
985
959
989
996
980
966
976
988
994
956
971
977
978
958
957
974
977
964
979
984
973
958
974
980
967
956
963
952
933
950
936
929
940
920
927
903
922
914
922
922
900
933
922
919
926
927
929
938
922
942
968
958
943
960
968
970
950
939
951
954
953
938
945
970
956
941
954
971
947
939
940
964
939
927
947
946
940
925
958
948
947
940
955
967
957
954
970
956
949
969
964
948
970
982
971
945
963
983
973
961
978
989
976
953
954
986
974
988
986
963
972
988
979
970
992
997
982
964
976
982
976
957
972
983
960
957
975
958
947
969
951
949
956
935
944
939
936
949
936
937
958
938
944
960
973
964
951
953
980
979
956
961
978
959
968
973
988
962
953
968
963
952
940
968
955
946
945
938
922
937
914
927
925
929
937
927
937
969
942
946
947
956
946
971
974
973
985
957
984
984
979
956
958
978
1010
1002
989
977
986
985
955
964
981
974
960
955
994
984
987
964
984
983
955
948
971
966
957
941
941
976
965
945
966
975
977
960
970
982
977
958
958
983
992
957
963
980
973
953
974
965
948
950
954
931
943
947
943
947
936
954
942
944
965
955
956
976
993
983
969
965
974
971
946
958
963
947
952
972
966
948
966
977
968
943
945
969
976
975
952
955
979
970
950
976
982
976
946
958
959
922
928
940
922
884
901
886
886
877
869
860
855
856
859
877
884
907
915
926
924
901
911
911
914
912
901
919
911
900
921
909
915
925
900
917
920
904
920
912
903
906
896
899
905
898
913
920
913
931
916
911
915
915
896
929
921
922
938
909
920
936
924
931
926
927
938
948
939
925
928
939
943
919
930
947
935
931
962
954
932
918
942
953
921
939
925
900
915
901
918
917
900
919
907
916
928
902
921
912
910
922
903
933
937
921
933
922
905
932
920
896
900
902
869
881
893
873
866
906
900
903
876
863
878
871
868
872
870
855
848
839
833
822
819
824
818
817
813
813
809
809
813
787
779
775
770
774
757
767
760
760
756
748
749
749
757
755
748
743
746
735
743
730
740
737
723
732
739
734
716
727
725
720
711
716
717
710
724
715
709
714
722
723
722
718
705
715
719
717
713
704
712
712
716
722
714
708
712
716
721
709
711
709
710
714
714
710
698
702
696
709
703
695
703
701
699
697
693
694
692
702
698
700
698
696
693
698
699
691
697
690
698
696
690
695
687
700
700
703
703
698
698
695
705
694
706
699
706
698
707
702
706
701
699
704
697
703
701
700
700
701
703
699
689
703
699
689
694
689
693
689
681
693
692
692
698
689
684
688
693
696
685
691
690
690
684
686
688
702
702
691
682
689
691
706
703
707
691
693
689
689
691
687
695
691
694
701
694
685
687
688
691
689
687
688
688
691
688
