699
699
676
677
2874
728
722
771
806
853
769
821
833
855
885
838
790
853
904
931
912
881
892
905
879
862
877
895
903
896
915
929
935
881
899
914
923
923
907
867
882
888
853
872
890
859
868
874
882
900
909
919
894
896
903
920
937
913
912
917
923
915
917
938
936
911
923
919
889
917
921
875
887
859
863
854
832
833
833
835
837
813
810
819
852
806
838
847
1354
534
4270
688
688
690
694
688
685
670
669
685
698
709
715
695
693
723
735
755
707
745
764
748
712
805
804
818
765
817
830
928
873
880
915
909
895
839
785
813
793
779
764
811
905
864
918
930
922
880
879
889
913
937
921
895
924
924
928
907
916
939
952
963
937
948
961
967
979
989
956
949
953
951
961
953
922
892
904
924
937
952
949
921
936
962
961
973
962
962
965
970
973
970
949
967
971
961
947
934
943
948
953
913
916
929
943
897
901
896
858
860
863
866
863
880
864
873
830
841
843
854
866
866
893
911
927
914
923
923
914
881
878
878
902
921
937
920
923
949
965
942
905
917
912
926
897
906
922
924
901
896
900
915
927
908
923
938
952
963
926
937
946
944
920
923
963
985
977
955
961
977
983
963
934
953
952
942
921
917
889
878
848
877
868
918
932
921
902
914
928
927
873
869
866
871
877
846
835
827
848
853
872
917
920
936
925
935
937
956
953
948
955
966
957
942
952
943
948
937
900
899
907
931
948
951
922
941
955
962
947
924
940
954
961
942
956
920
922
933
892
907
893
885
858
854
850
831
838
811
821
824
849
838
839
818
796
791
797
802
828
863
845
819
843
857
840
820
816
790
777
766
768
770
744
728
729
731
725
697
718
717
714
704
712
738
755
788
794
801
816
812
773
817
893
928
896
785
808
829
754
753
729
734
729
718
701
690
698
687
679
666
657
649
627
626
616
617
609
613
604
600
599
594
590
586
588
574
577
581
576
577
574
574
565
567
570
568
563
563
566
563
566
565
570
571
576
577
576
571
573
578
577
580
577
574
572
577
574
581
589
601
610
613
632
640
628
647
650
655
653
646
636
639
637
641
647
646
637
629
627
634
634
630
630
630
619
617
624
631
642
649
642
645
664
666
650
656
725
588
664
674
672
664
678
692
692
2692
649
648
644
651
657
636
655
660
664
660
654
662
675
676
691
679
719
714
707
386
319
701
680
667
691
684
679
709
715
701
686
694
679
675
663
680
674
669
665
686
686
687
682
691
699
701
687
687
703
703
697
667
677
692
701
712
698
707
711
735
756
751
723
732
727
724
707
707
716
727
739
727
705
730
727
745
716
714
730
716
725
696
733
718
720
728
702
695
699
703
708
685
700
711
702
706
683
677
683
684
677
677
672
682
676
683
667
660
685
675
680
662
660
662
667
675
688
687
682
677
669
676
681
678
683
677
678
658
670
654
655
643
664
661
649
648
645
662
663
670
673
666
686
698
701
697
702
685
680
663
658
681
688
690
676
718
698
683
675
683
679
649
655
644
645
634
638
645
653
635
651
652
656
668
685
653
670
669
692
727
736
747
711
752
769
752
702
721
715
739
713
705
705
714
704
693
683
694
692
699
694
681
697
680
696
691
698
697
679
663
680
682
685
674
675
688
696
720
686
709
697
704
697
682
716
724
731
703
693
705
708
700
675
685
685
700
682
685
682
667
672
657
652
677
669
651
671
657
644
661
655
651
653
650
642
470
829
649
654
655
655
674
667
675
665
661
677
670
657
672
672
671
657
672
688
687
667
654
672
667
677
658
661
685
673
687
681
698
702
725
726
712
768
793
813
786
807
737
762
738
742
750
698
708
712
719
701
692
680
684
691
685
671
671
683
673
670
667
710
729
750
737
707
749
751
747
737
736
695
730
725
742
736
727
717
729
710
702
681
669
673
663
647
649
659
663
682
690
680
676
705
703
710
691
687
679
662
656
649
648
634
648
641
644
638
639
635
621
638
633
648
659
676
688
686
686
701
702
705
686
688
673
693
689
700
691
675
672
670
673
670
665
672
681
683
678
670
679
680
695
642
667
667
673
697
717
711
717
735
718
729
700
688
693
681
675
654
648
648
617
626
620
616
635
633
690
714
762
795
760
826
819
742
979
293
921
682
678
651
640
631
641
625
628
616
616
359
438
415
589
591
596
616
651
726
760
742
747
746
732
295
428
700
690
691
278
415
679
674
641
647
633
639
607
611
608
616
596
609
603
615
614
608
612
614
628
634
624
641
640
630
626
353
286
636
635
622
616
631
623
609
611
605
617
623
615
611
606
616
608
610
596
603
604
610
599
608
604
621
625
633
631
642
661
676
674
699
684
695
706
712
702
676
696
704
707
681
674
683
685
682
673
674
681
689
669
679
665
674
677
676
669
670
674
669
674
670
653
647
666
658
658
677
701
712
711
679
702
700
707
710
680
685
691
673
684
685
698
696
695
683
688
689
682
669
689
693
717
686
697
706
693
695
676
722
739
733
719
762
758
725
771
783
769
742
734
752
747
736
717
702
703
739
762
752
771
744
761
758
742
752
715
716
716
723
714
711
703
674
679
666
661
652
648
627
634
621
618
613
627
622
632
618
619
615
616
607
613
619
627
626
632
634
647
667
680
681
689
694
696
722
736
749
719
724
734
751
759
762
717
753
747
757
719
715
713
700
686
682
700
702
681
684
697
715
718
691
698
704
707
704
698
702
685
672
694
704
695
749
767
749
728
771
803
757
734
758
737
726
706
728
732
756
730
742
744
758
729
723
750
748
756
728
729
742
757
773
745
734
760
754
746
728
751
740
727
712
727
744
754
739
734
759
751
736
751
756
757
727
771
773
763
723
749
731
732
724
720
705
713
685
680
703
686
676
702
708
702
691
696
692
685
678
670
674
673
682
670
678
686
701
702
709
712
744
768
744
746
760
746
721
711
720
726
698
710
713
723
718
718
748
734
717
708
741
741
736
730
759
780
780
731
729
741
743
758
732
721
754
756
743
716
740
752
762
727
720
740
729
730
711
715
726
735
731
709
717
455
949
778
778
771
761
752
692
710
714
719
715
732
744
753
753
747
767
757
763
732
721
736
729
723
706
726
715
714
708
689
699
712
724
727
702
710
708
728
709
697
717
707
721
717
697
704
711
717
718
706
727
757
774
760
752
795
806
791
749
746
758
753
736
710
750
753
773
751
738
752
751
766
726
723
729
727
729
722
718
700
723
721
729
726
705
717
704
713
705
690
687
694
694
700
681
687
696
687
686
671
680
695
706
705
691
707
732
739
730
714
746
722
702
721
718
711
689
693
703
683
693
677
675
678
689
700
709
698
702
694
679
671
656
639
655
648
648
645
647
643
654
657
656
667
671
675
664
669
653
671
674
681
688
669
694
708
729
703
716
717
717
715
702
694
712
720
725
738
705
698
722
735
741
737
704
720
691
716
711
717
718
698
706
694
680
689
691
688
695
672
684
675
655
670
659
667
674
673
667
648
671
672
675
675
671
652
674
667
667
661
651
646
639
655
661
670
681
675
671
678
659
653
666
659
665
646
660
656
660
657
641
650
644
646
643
636
624
635
628
627
624
623
613
625
627
633
636
626
626
631
637
648
652
665
669
672
678
688
687
696
685
691
681
688
667
679
676
679
675
668
657
677
677
680
680
670
694
702
711
727
707
718
697
705
718
728
729
729
700
714
706
713
708
703
699
693
674
686
682
692
704
706
700
690
678
680
688
691
680
698
711
721
787
790
768
754
724
751
717
715
713
698
697
665
663
651
654
664
672
687
667
676
705
721
716
719
706
702
720
716
733
747
753
716
768
743
741
734
729
703
694
704
700
699
680
671
685
683
684
674
672
698
687
690
679
681
674
674
667
668
659
661
646
636
654
663
678
682
692
733
760
770
725
775
768
746
727
741
753
775
743
760
787
792
784
754
720
763
739
718
720
738
737
734
717
735
768
769
746
734
725
737
737
728
712
725
739
740
742
720
728
734
739
717
730
735
739
740
711
735
741
731
711
718
717
727
710
706
698
731
764
767
741
786
774
784
752
762
770
773
747
727
750
748
738
724
733
738
730
711
718
727
725
718
720
745
741
712
720
711
714
688
680
675
698
696
686
680
701
705
710
695
702
725
734
742
727
767
768
787
804
746
787
789
794
775
759
771
744
712
694
691
696
693
686
664
668
676
681
687
673
671
672
688
684
720
719
735
708
738
758
751
703
782
778
797
762
758
755
732
712
696
690
695
697
688
678
695
700
704
696
667
695
692
670
670
660
683
690
686
697
688
717
732
754
748
734
755
778
793
765
769
781
769
779
726
716
710
717
717
712
730
729
740
735
727
756
764
748
736
758
751
764
739
738
742
732
713
714
700
698
674
678
687
688
693
683
684
705
704
700
688
692
697
710
715
706
696
722
720
725
712
716
719
730
715
703
719
734
748
728
772
775
771
747
740
745
736
722
718
732
725
719
726
748
740
738
721
716
711
715
732
737
745
755
749
740
728
712
720
717
714
707
695
705
704
706
689
682
692
686
694
682
687
684
683
688
690
682
673
680
667
664
653
688
682
686
672
666
673
650
648
634
654
656
659
648
643
651
650
657
656
637
639
649
661
671
677
662
667
682
674
678
661
674
679
689
668
664
674
682
670
684
668
712
721
744
746
767
824
883
801
808
824
800
764
733
748
725
723
729
710
699
724
729
722
721
750
721
741
753
753
734
707
726
726
706
703
730
741
746
731
734
750
768
771
738
773
782
778
744
765
776
799
765
782
795
801
740
729
734
744
741
735
743
771
766
742
736
787
767
756
725
731
741
746
727
719
722
712
708
694
726
714
692
691
688
685
683
659
662
682
674
658
665
662
671
671
670
666
660
652
647
660
655
660
682
688
704
688
689
688
683
668
689
688
676
671
679
676
673
667
693
697
691
679
678
692
697
691
680
675
699
690
689
679
674
668
667
673
663
659
658
692
696
707
689
695
704
709
695
700
738
758
749
746
717
756
753
758
736
722
739
722
711
701
699
707
695
694
698
721
752
746
744
775
786
758
753
761
758
759
735
724
727
728
727
707
715
686
687
688
673
668
671
680
665
658
648
673
654
656
649
650
671
688
710
686
710
705
708
688
675
662
680
668
673
664
655
668
666
667
668
658
648
641
647
654
652
646
644
653
653
656
644
660
676
676
674
671
685
698
699
677
684
695
698
694
690
714
708
723
721
726
742
751
736
725
759
757
745
725
745
739
722
710
737
753
735
712
739
740
748
722
726
724
741
736
717
726
718
723
709
699
720
736
760
745
758
767
736
723
744
738
738
729
713
705
738
766
770
753
758
761
740
720
743
733
721
714
748
771
788
790
757
781
747
741
763
754
753
726
729
710
711
706
702
681
688
688
673
715
705
711
700
728
726
698
687
715
712
701
695
709
725
736
730
757
755
729
739
729
729
735
718
703
704
721
718
707
709
727
729
728
701
691
705
713
709
702
736
757
770
742
749
771
756
738
743
729
723
694
681
670
677
696
684
707
698
674
674
669
678
683
673
672
699
704
700
709
727
719
732
717
718
730
727
717
702
725
726
714
719
735
740
720
742
717
719
742
730
715
718
721
709
707
686
712
709
708
704
695
707
715
700
694
707
708
705
693
698
701
703
690
702
709
691
695
719
711
707
699
706
698
693
694
703
715
716
708
727
721
727
710
722
733
722
718
720
704
732
738
737
724
734
731
708
733
747
728
718
725
723
716
729
715
712
718
723
707
688
723
707
691
699
708
702
700
702
723
700
693
716
718
731
711
703
711
722
741
722
729
737
732
721
721
726
700
694
683
701
707
699
694
699
700
688
688
695
685
687
668
686
706
697
719
724
699
712
720
704
688
690
691
673
671
687
679
666
681
664
693
680
682
688
708
725
707
705
745
715
694
700
697
686
680
665
696
675
675
677
691
690
685
668
693
678
671
675
700
705
687
695
717
713
702
703
684
712
702
687
686
689
699
698
697
711
721
716
724
709
692
715
693
696
687
686
698
698
689
684
694
699
683
679
671
693
692
684
684
668
697
697
702
682
693
711
715
706
699
712
722
703
697
695
697
701
694
688
708
705
695
685
705
717
708
701
693
712
712
698
690
704
688
703
688
688
693
709
718
684
688
682
681
679
684
705
700
702
697
725
719
708
709
718
722
729
709
742
748
737
724
723
725
724
729
717
730
744
739
730
715
693
689
709
690
690
720
713
701
691
724
705
691
699
708
718
714
703
730
747
733
727
741
758
730
728
756
739
726
724
714
682
689
686
700
681
676
676
694
691
672
686
696
675
693
680
692
678
662
669
681
702
683
686
698
718
734
713
712
718
697
696
677
705
705
691
683
695
702
705
691
688
719
714
702
703
696
704
687
696
713
707
709
691
722
706
690
677
703
712
703
688
687
712
718
721
705
721
727
703
701
691
704
708
690
691
710
723
742
732
747
767
774
734
728
748
767
749
727
743
758
738
716
746
770
761
738
751
749
744
728
730
733
708
706
711
731
745
726
761
774
729
710
733
732
727
733
748
750
753
726
740
737
728
715
710
746
747
766
738
716
755
747
766
727
765
772
740
724
733
737
715
702
720
717
707
688
711
714
687
695
693
720
722
708
706
721
734
710
704
720
726
718
683
681
697
681
686
675
708
742
713
715
715
720
716
719
734
713
704
713
714
722
700
692
690
696
705
700
684
687
686
696
697
692
703
707
700
696
689
715
708
700
697
693
680
691
692
697
686
688
713
722
717
705
722
736
737
709
701
701
717
704
693
682
712
717
720
704
706
716
721
702
697
706
705
696
687
689
702
687
697
683
704
710
714
703
691
727
739
730
718
732
734
718
695
703
706
700
688
712
724
707
697
716
726
729
708
710
718
713
720
701
690
688
694
685
705
680
690
702
719
713
717
704
729
724
724
720
704
701
710
713
709
723
737
724
704
736
736
722
715
722
708
690
687
694
686
672
678
688
684
688
677
710
709
683
689
681
688
681
704
675
693
680
699
712
686
696
683
701
708
685
691
705
712
717
703
731
729
729
711
720
729
738
721
712
688
714
715
703
697
724
729
726
714
701
738
746
757
733
716
716
724
719
703
715
720
721
715
716
745
738
719
704
735
745
739
728
746
735
727
720
700
728
725
711
701
710
712
722
722
719
710
688
682
678
692
695
682
678
687
700
676
678
677
683
665
671
676
668
669
670
666
674
681
686
699
690
686
678
667
655
646
652
644
654
658
664
658
661
665
650
651
646
654
656
639
645
657
662
644
653
673
676
676
668
670
672
688
680
681
673
709
685
685
693
708
716
685
697
700
691
679
682
700
703
700
687
691
719
714
711
716
694
698
702
709
697
684
705
718
699
691
713
713
711
688
690
704
697
686
678
709
712
736
735
712
756
756
745
719
752
762
768
742
763
780
770
741
786
773
760
730
743
746
759
734
719
749
756
756
730
744
758
767
746
724
731
749
731
720
720
724
705
700
685
709
713
693
696
696
709
716
712
717
748
737
709
705
726
727
710
700
708
705
715
698
732
734
741
727
724
755
744
733
718
734
747
741
721
714
698
679
685
670
673
676
701
701
691
688
698
699
681
687
697
685
695
697
675
674
693
696
688
678
677
689
703
691
690
708
698
698
707
721
738
723
761
764
765
737
722
748
743
726
700
729
726
741
730
713
720
730
744
729
714
745
773
775
748
721
756
756
733
719
736
740
725
715
721
713
714
706
729
733
735
709
743
732
721
689
696
702
707
710
693
676
686
686
722
736
752
800
779
772
740
776
762
772
736
750
754
739
721
714
728
731
708
696
727
724
706
697
716
698
686
673
682
688
691
660
672
689
684
663
669
664
684
678
681
699
709
708
716
770
772
752
726
758
747
742
730
716
729
738
728
723
707
732
731
721
709
733
735
725
711
747
741
748
713
755
753
767
736
738
726
727
721
693
733
704
683
681
686
696
687
691
698
716
709
693
691
694
698
693
698
695
693
679
673
685
682
685
712
719
723
705
727
728
718
697
730
739
726
713
734
754
729
735
745
736
720
729
749
751
741
729
753
752
737
735
751
717
764
752
749
724
742
694
732
715
703
694
695
674
698
693
675
682
673
662
660
662
654
650
642
653
650
642
646
648
650
663
674
688
698
728
736
737
729
744
729
745
731
713
745
734
715
688
707
711
716
705
697
707
721
705
702
706
725
735
722
717
731
747
747
732
773
770
753
795
803
747
769
783
790
789
758
746
762
755
722
718
742
742
713
714
721
726
729
703
701
727
729
729
711
726
734
720
702
722
729
720
687
700
675
671
674
681
685
691
682
678
695
694
703
707
683
686
694
709
680
690
693
730
742
786
752
738
771
755
726
733
758
779
755
762
781
784
821
749
753
771
782
801
782
759
782
784
781
781
739
734
748
769
758
748
766
789
791
808
767
770
782
803
831
798
781
840
873
892
841
884
888
895
881
854
902
892
895
911
930
924
901
908
908
912
903
920
932
938
942
936
901
908
905
913
896
878
855
854
839
856
883
915
885
898
905
924
893
898
925
912
868
870
861
870
856
864
871
878
893
870
877
884
889
893
884
875
855
866
874
882
896
858
849
854
859
864
851
860
869
880
863
869
863
876
506
907
799
780
763
729
714
705
687
688
680
672
647
650
641
634
627
604
610
606
602
609
620
648
667
677
707
719
738
732
737
737
730
723
719
707
720
729
730
728
732
704
722
718
710
698
692
707
697
689
688
691
698
690
699
719
725
706
700
708
691
691
682
669
679
664
664
652
661
648
651
652
659
661
658
669
682
685
689
683
692
703
699
714
706
714
704
709
710
705
700
687
706
704
687
688
677
688
688
686
686
683
697
696
689
698
719
725
722
699
738
726
720
704
695
710
681
684
673
690
679
681
681
671
679
681
689
685
675
686
670
672
667
679
681
715
718
730
732
714
759
744
736
732
706
691
706
701
696
683
678
696
693
700
680
682
707
713
730
703
717
727
726
729
724
708
701
720
721
726
759
776
810
792
742
794
817
831
820
760
809
783
757
761
764
800
837
778
771
829
834
816
771
844
840
892
839
794
888
902
941
891
908
919
903
912
916
922
916
907
851
848
813
793
786
781
782
772
779
774
772
766
751
752
732
729
725
700
680
683
692
694
716
711
698
742
757
754
723
727
729
714
706
692
694
690
700
674
683
699
713
711
703
738
743
760
766
737
772
796
794
803
784
833
853
786
769
782
794
785
788
746
776
776
781
778
782
812
810
807
777
813
804
789
783
752
780
783
777
771
742
749
748
742
744
745
717
738
738
746
742
723
756
755
772
747
729
746
732
725
700
730
724
726
716
711
716
719
727
718
727
728
731
714
720
730
737
734
723
741
735
737
725
746
758
748
740
735
744
727
723
714
709
685
691
691
699
692
734
730
720
701
727
713
709
682
685
690
705
702
693
697
720
720
713
698
713
704
711
712
703
685
713
715
718
716
699
728
723
700
692
677
676
690
702
726
744
738
738
739
736
717
730
729
740
780
767
770
790
779
771
769
734
772
766
760
739
754
756
727
707
729
727
728
710
691
702
693
690
688
683
686
697
694
685
673
681
705
697
684
691
687
706
703
710
702
714
724
737
762
776
750
777
775
776
771
747
775
776
755
743
751
734
718
733
719
719
707
707
714
716
704
711
735
725
724
712
705
729
723
729
729
762
783
797
755
800
780
791
742
762
761
757
752
738
775
760
752
729
723
722
713
723
709
707
718
729
741
727
725
750
766
736
722
745
754
735
738
749
717
720
752
736
701
715
712
692
688
689
709
686
695
697
694
679
675
688
676
677
672
704
689
689
682
696
696
686
677
680
681
676
674
655
659
655
679
691
690
681
674
699
706
709
703
707
724
716
708
695
730
735
742
729
712
750
757
771
757
738
764
764
743
726
727
730
732
735
722
727
751
756
764
752
766
774
749
741
747
737
731
707
706
697
694
684
674
671
670
661
651
657
659
650
670
678
675
672
670
697
686
687
675
670
687
698
699
697
750
768
803
781
776
789
776
771
741
772
779
767
748
723
758
761
770
734
732
769
779
778
752
766
772
769
743
756
753
755
725
735
733
729
713
711
725
718
715
714
690
706
707
700
687
692
702
695
682
671
675
671
657
660
665
680
684
699
685
701
708
721
698
709
717
725
701
694
697
702
692
680
697
716
722
705
713
724
724
703
702
697
722
737
736
741
766
758
765
734
762
748
737
729
721
699
696
689
711
722
702
706
704
704
677
684
679
689
671
678
673
687
681
683
682
710
713
727
711
711
743
751
782
758
759
793
811
872
780
790
802
796
806
771
751
779
778
799
763
771
792
820
786
779
795
786
768
737
745
729
732
726
722
714
724
729
734
746
720
738
755
775
736
736
736
755
773
751
738
789
778
743
760
753
765
771
750
736
764
746
725
705
697
725
727
705
704
738
749
738
737
756
754
741
723
689
694
700
697
699
678
691
685
711
718
708
702
755
752
752
800
760
829
816
826
844
851
821
834
769
753
723
701
649
648
639
642
629
623
620
609
610
604
605
596
602
602
609
616
606
612
617
624
631
632
638
640
642
665
672
661
658
673
681
677
676
646
667
659
652
645
645
645
639
629
632
633
632
645
658
673
654
666
677
670
670
660
664
662
653
641
643
651
677
701
726
749
739
744
729
727
710
726
726
740
724
751
745
752
731
717
700
728
734
738
698
724
719
718
687
710
713
710
685
674
680
675
672
675
666
672
654
663
673
681
684
697
711
701
688
724
722
732
722
696
721
714
721
694
697
708
716
721
701
688
698
696
691
676
674
679
683
696
669
676
668
703
703
735
720
713
726
728
742
730
737
739
729
721
712
707
701
706
723
723
715
701
736
715
750
761
762
747
704
722
704
695
665
653
655
664
658
646
650
671
681
697
680
713
716
724
712
697
704
703
675
680
677
689
675
678
652
658
650
646
659
646
674
686
688
688
714
722
729
706
706
703
682
669
706
693
688
684
666
653
646
644
641
637
650
654
651
645
677
671
672
670
643
652
645
645
641
634
633
632
633
640
635
635
635
638
646
666
704
741
782
791
827
765
763
703
701
695
688
653
672
656
671
679
678
678
665
691
685
678
663
670
675
676
676
677
687
689
665
659
684
689
690
679
696
710
706
687
696
688
691
665
686
688
691
671
666
672
668
675
674
658
649
644
640
637
629
623
620
614
606
609
617
615
615
616
620
649
636
666
665
658
649
660
662
648
653
661
650
640
638
650
654
663
650
657
666
661
665
660
645
675
676
677
656
668
670
668
662
657
649
637
631
614
621
627
641
651
645
691
689
680
671
654
683
661
654
650
668
676
665
662
679
640
666
647
666
673
669
695
720
699
738
740
752
754
753
720
725
712
705
682
666
661
646
637
667
668
675
660
661
673
671
664
652
688
688
682
675
691
697
679
666
668
666
661
636
644
656
659
648
673
708
725
744
722
729
723
715
707
695
658
671
679
668
671
646
666
657
707
724
736
723
725
749
718
716
717
709
712
684
683
668
659
657
654
674
680
676
667
660
659
662
666
661
679
686
686
685
667
639
653
670
662
655
665
690
697
705
698
697
686
667
665
657
652
657
660
666
673
678
671
664
653
651
654
646
636
656
655
684
704
706
686
676
679
652
662
655
679
682
694
697
685
680
672
660
639
649
671
689
720
724
739
738
740
728
732
698
697
677
679
688
708
712
719
745
742
730
712
697
695
692
687
677
678
677
685
681
716
689
690
721
718
719
692
696
686
679
674
714
680
702
709
706
708
705
682
673
664
673
658
674
666
680
681
691
673
661
665
661
682
659
675
701
696
700
698
691
673
664
656
658
651
652
673
669
674
676
664
647
653
670
671
663
668
701
703
714
710
707
693
669
660
678
661
670
689
700
699
702
702
682
679
661
667
656
667
669
670
673
659
651
638
644
652
642
646
657
661
657
659
644
650
642
655
658
663
668
656
656
637
654
646
659
644
665
674
672
671
667
656
637
644
648
651
666
662
663
659
659
635
656
673
686
695
709
700
695
678
656
660
673
672
676
683
668
664
641
658
663
670
681
677
679
666
667
644
652
671
671
687
686
684
668
638
651
654
652
662
646
644
646
644
609
639
631
640
640
632
654
649
659
665
660
672
675
672
670
676
668
683
682
671
695
696
700
704
692
657
676
681
674
668
674
676
672
640
656
666
665
656
672
677
672
654
671
676
678
672
671
663
661
640
653
647
664
652
674
676
681
650
668
668
664
671
663
663
655
635
653
661
667
674
676
674
669
682
683
677
674
667
687
680
674
663
666
643
647
639
646
646
641
659
666
664
653
657
678
662
669
677
675
676
670
642
661
671
659
685
696
698
704
705
705
702
685
665
687
688
673
696
718
667
772
722
694
704
657
683
680
671
683
689
691
687
680
687
681
677
669
670
672
687
691
700
705
696
668
694
693
680
688
689
690
696
687
687
679
686
676
688
688
689
665
677
689
681
675
686
686
669
681
685
697
683
690
693
674
678
688
665
677
669
672
674
691
679
675
658
665
654
646
638
612
617
602
604
602
595
604
603
599
597
593
590
587
583
580
575
570
567
564
560
548
546
549
548
544
549
554
563
570
577
574
579
584
592
602
600
604
602
606
604
618
618
609
607
605
605
611
608
608
605
604
598
597
594
594
593
593
575
591
585
595
600
598
605
604
623
613
624
635
639
638
633
628
619
624
619
617
612
594
606
604
616
623
632
642
633
634
670
653
652
662
656
659
656
650
642
634
633
622
620
613
612
611
602
612
605
620
630
638
633
643
646
652
649
646
668
660
662
649
647
652
650
656
651
652
626
639
627
637
639
642
633
629
637
620
627
621
635
634
639
643
644
641
620
630
634
642
651
662
680
672
655
656
670
671
676
674
656
658
655
649
647
648
633
629
628
645
658
665
666
677
666
657
666
664
657
652
645
656
655
656
646
655
654
655
659
646
658
654
654
648
654
644
641
648
645
655
661
671
668
676
647
662
671
658
662
646
661
653
648
631
628
624
625
639
645
657
653
652
664
664
663
655
647
644
631
628
636
633
630
631
623
650
644
657
655
652
653
641
651
639
648
655
671
686
693
693
690
676
692
703
689
685
680
692
685
674
670
667
675
677
670
661
665
656
654
647
630
636
632
645
647
648
648
642
657
645
654
643
644
643
642
660
653
662
658
657
642
644
672
648
657
652
671
677
675
662
675
661
651
628
630
629
623
615
612
611
612
610
619
612
611
607
605
602
599
605
607
614
610
607
616
613
653
675
689
670
666
665
672
661
649
642
653
642
628
628
619
628
617
616
611
607
606
603
607
607
613
607
609
603
614
619
621
626
627
624
618
642
626
629
624
612
631
641
638
627
624
638
633
632
614
615
613
624
638
647
642
632
643
628
639
629
623
620
613
613
606
613
613
617
613
610
604
615
627
626
625
628
652
660
652
647
634
629
627
615
625
618
607
613
605
614
614
619
613
627
630
646
639
639
639
629
620
645
639
638
630
622
639
646
631
627
619
633
625
632
622
613
613
604
605
597
595
589
593
585
586
597
606
616
628
625
631
651
686
705
734
712
682
662
665
644
640
633
620
626
616
639
644
659
655
658
648
638
626
642
630
633
625
617
620
612
630
631
637
631
638
633
633
631
624
625
630
638
658
658
646
656
641
645
624
636
639
632
629
630
640
629
636
686
781
817
732
707
719
707
727
747
740
713
691
659
658
644
640
632
629
614
628
622
628
623
621
616
629
633
650
628
641
639
648
650
652
655
660
664
671
648
655
665
663
666
656
653
656
646
642
638
626
620
616
618
621
621
617
614
603
607
600
614
605
609
604
614
613
633
635
641
642
663
674
674
661
641
635
620
628
622
620
617
604
608
620
617
617
616
621
619
616
624
630
639
658
647
642
635
631
618
633
619
615
612
611
619
613
612
611
607
613
605
604
605
601
600
583
599
589
589
581
572
573
570
578
576
577
590
599
604
603
619
610
621
615
611
610
610
605
601
592
614
612
631
625
613
605
627
621
622
612
605
595
602
592
588
582
583
578
583
586
591
610
608
616
620
618
620
611
630
628
634
629
637
629
646
654
667
681
717
764
771
718
680
665
678
689
697
699
690
665
672
657
643
631
628
622
618
644
638
675
674
675
672
662
657
693
704
715
729
722
745
753
745
746
748
745
706
713
692
677
661
641
654
648
646
627
625
612
633
622
627
617
618
621
619
619
618
633
631
623
620
613
638
631
641
639
641
636
648
650
650
656
641
658
648
657
605
633
612
611
611
613
591
596
596
584
580
566
571
563
550
542
543
544
533
531
523
527
523
525
519
515
516
516
513
514
511
514
515
519
515
517
517
520
521
524
523
521
524
524
526
523
521
517
523
527
520
520
521
521
517
522
521
518
524
527
530
531
539
530
539
546
561
565
568
567
575
579
580
574
574
579
582
579
581
580
586
587
583
593
580
580
579
576
581
581
576
581
565
563
570
580
569
567
562
565
566
566
573
561
572
569
579
573
575
574
585
592
596
583
593
603
600
606
596
591
604
590
595
580
587
573
590
602
582
585
581
563
563
567
563
557
557
559
559
556
556
546
553
551
542
543
546
547
543
539
543
543
545
551
543
544
544
542
542
542
545
540
547
550
552
557
560
560
560
563
565
568
569
567
556
556
562
560
560
554
561
550
556
556
556
558
556
562
558
561
560
559
554
567
560
571
560
558
570
561
556
554
553
531
534
538
536
535
533
526
535
532
531
529
528
528
534
537
554
549
538
551
557
558
568
564
549
556
554
564
563
544
546
554
555
558
560
551
562
563
591
590
599
590
586
598
591
578
585
587
577
581
587
602
617
598
608
623
616
634
612
614
618
627
611
619
617
638
619
619
622
632
649
648
634
636
639
638
640
633
640
646
646
634
645
627
656
642
622
643
641
647
633
651
644
668
648
642
639
644
638
610
619
605
608
595
620
617
621
608
611
599
611
604
602
582
581
584
575
588
580
572
563
572
573
573
572
574
577
576
577
585
586
583
575
590
588
589
576
577
580
588
572
572
577
576
581
571
561
576
569
587
583
586
572
584
586
595
610
598
598
594
591
594
590
582
571
572
588
573
574
565
563
557
555
546
550
547
547
542
533
540
538
545
548
558
570
581
595
605
629
619
622
617
624
623
614
603
611
612
616
610
621
622
651
641
621
621
635
631
632
616
627
631
624
629
623
620
636
630
631
630
645
658
674
648
651
659
646
631
635
635
635
622
632
626
635
623
637
642
653
656
670
673
693
671
649
644
652
635
622
635
635
655
634
652
658
676
689
673
701
725
694
675
674
675
665
648
637
638
636
640
613
619
621
628
619
613
623
626
628
617
622
622
631
611
622
618
636
632
619
612
602
611
607
589
592
592
597
582
586
589
595
603
594
601
591
587
582
580
576
573
578
584
583
580
576
586
589
612
618
616
608
638
609
603
599
587
596
584
571
581
577
579
581
563
571
565
573
563
562
561
558
535
539
542
548
550
548
553
554
564
573
576
585
583
590
598
616
615
604
609
601
617
617
627
623
623
613
614
617
617
618
611
607
614
617
610
604
596
599
596
585
591
585
584
581
574
576
571
575
569
572
568
567
570
564
551
560
556
559
555
548
551
551
553
551
553
568
568
573
576
578
578
592
599
605
620
618
615
602
601
597
601
615
641
677
722
703
659
642
636
639
628
619
627
622
607
614
600
606
602
618
665
690
695
684
655
660
675
688
713
693
655
677
661
616
613
620
613
615
593
601
606
597
599
595
596
601
604
624
621
616
615
614
610
613
597
600
592
598
596
590
585
581
579
581
582
585
589
603
599
599
592
590
612
592
589
580
590
596
590
586
593
594
608
624
610
610
624
637
627
611
623
621
622
621
617
610
605
603
620
616
618
615
616
612
634
624
607
610
617
612
618
612
616
622
617
596
605
600
605
604
602
595
591
598
598
609
608
610
622
624
621
619
611
615
616
599
598
604
614
621
620
623
623
637
611
620
608
615
615
606
585
592
588
583
576
573
575
564
566
562
571
569
568
550
555
559
561
561
545
550
553
564
557
554
547
558
557
561
555
552
557
556
561
557
556
555
561
553
546
547
541
542
541
537
540
541
540
538
536
539
533
533
537
538
539
537
531
535
535
533
532
530
533
526
531
530
529
527
525
525
520
524
526
526
525
524
519
522
521
521
520
515
520
521
522
522
523
521
524
524
527
525
524
528
529
532
531
531
534
537
539
536
534
541
540
543
541
547
551
552
554
555
554
556
554
552
552
561
565
571
574
578
576
580
582
566
577
568
586
575
570
566
565
563
568
569
571
567
565
563
556
558
564
557
565
563
569
571
586
592
606
595
603
607
611
603
598
612
611
613
616
614
637
632
642
619
644
619
615
612
608
613
620
621
617
616
633
641
648
645
636
649
646
642
615
632
626
642
620
614
616
612
618
601
607
619
602
614
603
595
596
598
601
604
589
587
593
611
597
603
609
619
600
622
616
627
626
622
630
636
633
624
627
623
636
619
611
621
632
622
616
622
627
617
616
620
613
599
597
617
613
638
635
626
643
644
665
634
651
639
638
613
626
619
624
598
609
612
623
619
604
619
611
632
600
602
603
608
602
595
606
609
613
598
607
604
613
607
603
609
611
620
609
597
607
600
604
592
591
591
603
598
590
581
586
585
582
570
571
565
563
553
553
552
548
555
555
541
553
552
561
558
548
549
553
564
554
550
544
550
551
546
537
543
544
551
547
535
545
545
552
551
543
551
552
564
558
555
563
563
570
568
564
573
578
581
584
585
584
601
593
583
600
600
614
606
639
636
637
656
634
692
664
666
667
650
651
640
649
625
612
619
623
621
621
626
625
620
617
621
639
625
627
627
638
648
653
626
636
630
628
622
607
617
622
623
610
624
629
633
627
627
626
625
623
614
622
624
640
621
622
620
638
636
640
634
627
624
622
607
608
607
609
604
575
589
588
586
585
568
572
577
570
575
560
573
575
575
569
566
581
579
574
574
585
597
601
599
607
611
626
611
618
627
622
615
621
622
627
630
622
635
645
634
636
639
645
642
635
633
630
657
629
631
639
646
629
633
631
648
623
615
617
635
620
619
625
635
646
631
646
634
661
660
643
642
634
663
654
647
646
638
673
661
642
642
649
643
644
615
633
645
624
621
633
638
639
631
635
632
631
641
607
625
614
639
622
618
619
626
629
622
617
625
627
623
613
623
619
625
631
620
615
614
603
606
598
606
617
639
614
622
620
643
618
620
617
620
614
610
602
605
614
624
607
611
618
624
625
616
625
627
644
631
639
641
654
630
642
633
653
646
631
641
650
650
643
639
644
639
634
617
628
628
622
619
605
621
613
608
639
618
620
622
626
627
610
616
617
637
641
620
634
640
645
632
628
625
637
635
630
614
625
635
630
613
618
611
637
624
630
611
614
633
616
609
611
614
620
615
616
622
632
629
624
627
634
637
645
622
629
626
639
627
621
627
640
647
630
632
626
651
638
639
633
641
645
651
626
623
623
633
617
613
610
587
597
589
593
584
569
580
580
580
585
579
585
580
591
597
597
572
582
583
587
593
596
577
584
582
582
580
574
576
574
581
583
580
576
572
580
582
581
577
580
590
589
587
586
594
596
600
602
603
612
621
623
625
627
632
633
635
628
637
647
650
649
655
661
660
659
651
659
671
669
667
669
676
676
683
678
680
699
687
695
680
675
689
688
684
665
652
663
658
642
636
632
630
629
616
619
610
627
622
619
617
609
609
592
593
593
604
607
611
618
616
629
634
636
630
621
631
638
632
639
636
658
655
647
644
642
667
649
636
641
661
647
633
646
645
646
629
627
621
647
635
639
633
632
621
645
646
646
636
626
636
636
631
624
616
615
609
618
583
611
588
604
609
607
598
593
590
594
584
586
578
578
564
573
568
566
556
568
576
576
585
608
609
620
627
649
634
624
632
628
616
605
614
621
605
608
608
598
600
603
601
588
590
592
601
600
591
594
597
595
589
593
590
601
594
586
599
593
594
577
585
593
588
581
586
583
589
582
580
579
582
582
566
579
575
578
581
14286
338
674
452
450
360
359
540
360
539
315
720
271
403
360
361
358
361
721
314
723
721
723
313
270
447
360
357
359
360
943
496
311
274
450
1036
359
765
313
359
315
854
307
277
360
676
360
270
498
316
768
267
992
265
275
538
405
360
720
269
451
360
808
947
361
569
825
360
720
360
313
361
268
542
269
270
586
586
313
360
360
360
271
445
315
769
315
718
676
360
362
358
