617
592
583
569
570
573
568
565
557
560
566
569
580
607
610
586
587
597
596
593
578
580
587
592
599
597
581
574
571
586
632
688
731
756
736
755
798
780
724
724
700
654
634
646
654
646
631
666
752
796
773
797
765
716
678
664
655
648
637
653
668
657
650
630
637
637
649
650
639
662
1420
731
740
753
752
763
769
771
756
715
727
718
676
679
675
687
661
663
676
697
748
750
776
816
841
825
798
738
715
692
678
656
635
633
639
647
640
662
681
691
687
685
692
703
702
690
681
665
641
642
646
653
671
672
677
641
675
694
695
724
761
730
669
680
672
651
652
665
674
656
673
679
664
651
654
643
625
627
627
605
610
618
614
592
600
615
620
592
589
601
590
629
685
678
681
656
659
631
624
624
612
596
571
1141
583
614
586
589
634
681
693
668
706
736
735
737
673
636
641
633
631
613
604
614
619
622
619
609
606
598
575
572
576
582
1168
559
558
595
664
648
744
765
712
713
691
366
309
663
656
664
646
619
613
600
616
602
590
305
306
641
661
625
608
665
656
652
641
669
670
660
630
646
656
651
668
680
698
664
674
687
727
726
742
724
733
724
745
719
762
782
793
806
757
737
717
702
680
658
619
611
608
592
580
585
582
605
614
634
655
640
614
618
626
615
612
644
665
692
711
729
711
689
694
693
678
660
679
700
705
688
704
689
1287
614
588
572
560
559
548
539
538
538
531
524
518
514
514
515
508
503
505
507
509
516
516
534
577
609
625
623
605
613
619
587
567
580
583
581
562
559
560
561
563
562
553
537
530
526
523
536
594
650
632
612
601
650
717
623
605
613
605
594
576
567
567
573
569
561
582
587
565
558
574
563
557
560
568
573
560
548
557
563
564
557
563
570
583
568
569
578
587
577
567
579
582
595
595
575
603
614
610
585
630
655
646
609
640
623
595
590
592
585
572
563
572
567
554
546
564
575
572
563
581
606
600
590
621
637
603
582
617
617
599
584
563
568
568
563
547
543
546
552
550
1097
553
548
547
553
560
554
550
551
566
570
554
546
559
563
556
548
551
556
559
546
554
563
551
549
561
554
539
542
548
544
540
530
535
538
539
532
523
538
564
561
552
563
577
584
557
556
571
576
566
546
546
546
533
544
538
536
529
544
555
562
539
564
593
610
584
581
616
634
619
595
611
628
604
580
583
597
603
581
566
575
598
614
591
583
626
661
656
640
609
647
617
578
618
656
640
614
668
704
652
621
646
688
648
608
640
732
679
632
612
627
662
694
703
656
631
653
634
607
646
631
593
624
674
654
606
608
653
684
675
665
763
759
700
675
690
687
646
621
645
653
654
615
609
639
661
668
645
607
629
652
649
609
616
644
653
640
627
652
666
656
610
603
628
649
668
634
593
602
621
660
628
591
589
631
666
693
621
607
651
611
610
623
608
576
579
604
644
642
591
615
657
692
659
610
619
646
656
648
595
607
646
643
625
589
604
611
637
621
595
589
612
646
648
622
599
603
625
671
652
620
596
647
651
662
622
609
597
570
568
579
601
653
646
595
606
645
656
648
598
570
592
605
621
624
590
576
619
677
688
668
612
615
622
594
623
657
653
609
629
693
682
682
615
629
662
689
687
636
624
674
766
718
688
681
738
744
698
661
685
680
674
643
639
653
680
676
640
634
679
722
704
642
659
694
683
645
655
685
666
645
698
727
740
678
655
703
712
709
652
634
663
720
740
719
693
729
741
685
647
662
703
711
706
648
646
678
737
763
701
658
695
717
735
699
673
715
782
729
723
677
645
674
684
680
695
723
687
657
648
662
663
621
625
669
725
680
662
714
704
741
673
673
732
765
710
665
676
673
689
661
632
615
605
621
687
723
688
682
643
685
707
707
664
688
667
679
629
630
635
609
595
590
589
600
595
593
619
629
618
606
624
646
626
607
630
649
634
602
604
630
646
630
593
607
650
644
642
623
616
648
657
677
626
605
589
601
636
631
598
592
590
629
691
643
625
634
701
670
719
624
620
646
673
685
660
638
675
729
699
672
657
686
696
703
661
657
672
701
681
647
695
715
718
680
675
708
727
702
657
687
712
725
678
659
688
703
685
657
665
686
711
718
747
711
705
720
715
731
688
654
648
668
682
682
654
718
721
729
720
665
655
668
694
729
753
722
679
683
705
694
662
646
657
675
668
693
736
725
678
701
687
688
705
688
664
691
697
676
666
679
654
640
633
646
679
668
659
711
725
717
698
727
749
708
669
691
719
698
681
701
727
741
689
691
719
713
689
680
700
700
664
646
686
734
734
702
676
716
756
727
694
683
704
746
721
696
729
722
690
665
705
715
686
669
699
752
717
692
681
701
713
685
664
669
689
724
714
680
683
722
744
697
704
742
771
743
716
775
775
758
717
744
753
738
707
721
753
750
699
700
710
723
732
708
697
708
682
679
705
686
682
731
733
692
665
693
715
707
685
724
755
720
689
702
720
696
667
677
686
688
667
672
682
667
649
646
664
660
651
680
709
728
695
687
704
722
700
693
700
712
692
670
662
680
707
708
678
690
725
708
676
703
726
703
693
731
753
734
712
705
698
660
664
648
624
601
604
608
612
616
610
629
625
634
621
650
697
700
680
726
751
734
697
700
689
657
653
648
635
632
657
647
628
652
681
687
665
706
730
713
688
731
749
725
689
714
729
718
696
706
709
691
678
693
711
706
679
687
694
723
684
694
701
720
688
690
728
732
702
696
720
729
710
690
700
707
684
674
689
707
710
694
708
721
717
692
688
707
694
676
677
709
718
697
689
701
688
710
704
668
678
686
681
660
661
676
669
658
652
660
672
672
660
681
687
705
683
688
701
703
687
662
678
687
678
655
670
689
687
675
684
712
703
676
673
671
660
645
648
656
668
658
654
673
688
673
662
674
678
659
651
668
664
661
651
672
695
683
671
688
691
673
656
670
657
640
650
659
673
662
642
658
684
689
668
690
700
691
668
674
688
691
669
675
683
676
665
675
688
692
679
669
686
694
686
669
688
693
693
682
705
718
702
688
703
708
697
676
694
704
711
689
673
688
694
688
672
674
692
694
677
673
700
717
708
704
727
728
695
686
690
690
680
678
702
704
687
710
725
723
718
742
760
734
699
715
713
688
667
670
687
686
696
708
712
685
702
709
690
681
695
703
692
674
700
722
716
695
712
727
719
688
698
702
689
668
679
686
684
678
686
704
683
676
714
736
714
711
717
707
685
664
646
646
647
642
634
642
666
668
667
645
651
661
667
644
657
664
673
659
681
712
704
688
700
699
691
664
678
685
670
653
667
677
688
667
687
707
692
676
686
707
686
672
685
693
692
681
699
718
703
678
692
709
706
688
698
708
715
687
682
694
686
664
653
660
662
646
644
665
680
684
662
686
711
696
690
709
693
685
676
673
656
643
657
661
654
661
650
660
651
656
677
680
677
659
647
665
670
648
650
670
678
652
651
682
690
688
659
667
671
663
648
654
674
686
681
677
708
708
695
686
704
704
694
667
674
684
696
695
699
714
700
673
684
682
684
684
696
691
678
663
666
677
679
678
672
695
713
699
712
726
738
715
703
716
725
722
711
728
725
711
681
693
702
679
674
691
691
681
674
689
691
675
672
673
672
688
680
658
665
676
681
651
646
656
657
648
630
619
636
659
665
658
681
713
714
701
714
743
727
710
729
733
714
701
722
698
680
691
714
707
683
696
716
708
701
713
751
749
750
768
738
709
714
715
729
703
686
704
726
713
726
741
738
713
729
759
735
706
704
709
688
666
679
671
655
654
675
664
664
690
705
714
690
714
722
703
674
688
700
700
678
695
693
683
656
663
666
662
665
681
705
704
698
721
741
728
695
713
699
670
667
668
677
650
640
656
662
666
646
652
662
672
659
634
649
668
674
658
679
688
680
654
653
670
674
658
643
651
665
673
655
649
640
632
648
646
640
633
645
660
648
638
646
655
662
644
638
658
665
664
643
658
669
668
655
670
679
665
649
648
631
626
638
643
627
625
646
653
635
660
693
700
682
710
723
703
707
702
668
646
638
636
636
622
621
626
634
622
612
610
608
600
621
636
638
618
655
681
663
649
648
661
656
634
647
676
660
649
679
677
667
648
661
663
652
634
649
644
639
629
649
647
648
631
646
670
659
644
660
672
656
648
666
658
644
643
654
647
637
633
657
666
657
662
680
672
646
669
675
659
658
681
681
675
696
695
689
678
688
686
679
689
699
682
665
682
673
665
668
656
646
674
672
654
677
706
733
698
681
697
675
646
655
686
676
654
700
728
707
713
723
727
711
715
742
750
727
716
721
699
675
656
667
657
646
634
671
699
673
690
741
750
707
727
704
676
649
651
652
636
624
635
633
632
651
687
710
701
678
665
694
681
653
651
673
680
646
633
663
674
649
626
645
659
651
631
647
665
666
657
674
688
690
650
648
669
674
664
645
658
677
675
667
689
716
707
686
719
732
713
690
708
713
721
702
697
717
712
694
673
696
699
686
672
676
687
673
654
648
658
662
654
642
672
675
700
678
658
657
670
684
688
673
690
687
698
665
652
664
662
651
637
647
663
658
643
654
667
669
666
685
690
690
678
706
735
722
714
726
706
680
687
699
688
666
685
697
695
677
690
721
716
693
713
722
707
692
711
708
688
703
715
696
687
703
694
670
674
694
690
668
689
693
688
673
679
689
675
663
712
734
724
692
724
724
703
673
685
688
669
664
692
714
696
711
741
753
751
771
736
703
703
698
674
653
640
631
644
643
630
640
657
667
660
639
657
649
635
638
656
673
646
651
670
675
661
676
687
676
660
671
672
646
632
648
655
643
627
647
646
635
638
657
670
653
651
662
654
643
646
663
657
634
647
647
647
635
647
654
646
629
643
652
641
623
638
649
645
620
623
619
621
606
626
628
622
625
637
633
615
637
637
636
618
629
633
625
616
631
625
613
605
608
601
594
588
591
579
581
583
574
564
566
563
559
558
563
566
556
561
572
575
568
564
585
585
572
571
570
560
559
567
570
565
551
548
540
561
594
589
602
593
584
584
586
581
569
573
571
570
563
560
567
559
553
559
560
551
546
558
571
561
553
563
566
561
561
577
570
566
564
568
553
544
541
536
532
525
528
528
525
516
519
519
521
516
520
535
566
574
572
604
591
582
608
610
588
581
601
586
571
563
572
564
555
546
549
539
532
527
529
537
540
537
545
570
576
570
580
575
563
568
562
554
558
567
575
564
564
590
605
597
599
643
646
625
618
627
625
612
632
633
631
618
625
622
607
598
611
600
587
580
580
594
598
589
585
593
589
577
569
563
563
562
555
543
541
548
547
547
541
537
545
548
551
544
540
549
546
546
543
547
552
551
551
568
604
642
707
735
729
721
697
669
658
647
648
645
669
672
659
737
771
727
720
786
771
727
804
765
713
716
707
681
688
691
693
700
715
711
721
724
727
719
700
691
655
645
646
654
653
644
609
586
595
592
581
564
578
578
569
572
572
575
597
630
610
644
648
646
653
669
663
648
668
663
666
683
672
711
746
729
777
834
830
858
849
809
754
789
822
854
858
845
846
822
793
794
798
781
773
808
803
764
729
737
748
742
742
753
760
741
689
677
647
613
600
584
577
577
578
563
555
556
556
550
542
540
539
535
538
563
681
726
726
747
845
836
928
937
893
875
778
709
718
726
710
689
728
718
687
679
704
735
704
685
700
700
677
680
693
682
651
650
651
653
640
635
658
670
653
632
643
660
651
633
644
652
646
618
610
621
622
617
606
612
610
601
588
591
603
602
599
596
623
642
676
806
804
827
868
900
886
837
821
817
794
756
754
754
751
762
814
823
790
832
836
807
786
832
817
775
808
832
806
797
804
796
767
793
808
789
783
798
797
787
793
805
801
799
825
811
776
746
735
702
713
712
699
690
705
703
697
688
678
668
670
677
687
693
704
710
715
709
705
707
699
697
680
670
710
757
795
778
752
776
772
749
716
733
738
715
696
715
719
704
697
706
716
706
693
721
722
720
729
735
732
723
726
735
742
749
753
763
771
768
783
788
792
791
792
780
763
764
781
750
715
747
779
751
747
777
768
742
743
764
767
742
736
724
692
675
678
679
687
700
718
731
715
705
681
674
676
685
692
711
707
706
698
700
716
722
713
691
686
693
685
690
725
729
743
737
701
691
692
694
683
682
678
662
656
686
722
760
782
802
801
783
757
750
741
737
737
742
748
743
746
746
745
728
737
763
758
724
722
727
706
671
696
745
774
778
770
798
785
757
715
696
699
688
684
697
685
682
679
679
670
672
672
696
704
712
722
718
726
720
699
706
727
741
764
747
725
741
743
728
710
706
714
695
688
688
701
687
669
672
691
691
688
691
716
723
711
705
711
711
701
694
699
705
693
686
671
678
708
715
732
733
751
753
731
697
680
675
684
687
711
752
801
806
784
716
730
679
646
639
630
621
613
602
597
593
584
579
583
586
585
575
588
613
621
594
602
613
610
589
575
579
575
571
567
573
571
567
565
578
584
578
571
578
579
586
594
607
617
601
601
614
604
597
598
586
578
586
588
589
576
580
593
594
579
584
595
610
600
590
604
623
615
604
617
619
607
607
611
618
606
605
629
657
646
632
654
650
628
646
649
644
614
619
625
604
598
604
617
602
600
617
628
615
624
642
635
633
635
629
609
594
590
602
601
580
573
584
604
611
607
588
579
588
584
568
578
581
583
575
578
583
586
582
592
611
635
628
642
672
667
651
646
641
633
623
621
608
607
602
601
602
605
599
597
605
609
604
588
589
596
598
590
575
587
587
580
575
580
604
651
681
655
626
626
651
647
663
675
648
625
620
610
602
588
573
568
575
576
563
566
610
705
783
763
947
955
882
879
832
770
704
699
675
658
642
657
696
746
766
804
865
897
954
946
874
818
784
759
766
776
749
732
740
761
766
770
774
722
732
748
753
724
742
756
749
734
750
766
729
763
778
805
767
750
753
711
721
717
710
699
720
706
697
730
724
723
741
729
681
705
713
702
664
687
681
687
646
657
706
742
687
728
748
724
695
716
719
693
686
692
675
672
678
708
685
662
698
722
697
688
705
729
684
674
693
675
707
718
726
705
701
707
699
715
704
685
689
710
692
706
727
708
681
696
704
689
735
777
750
765
753
701
694
698
681
646
666
677
688
680
720
729
702
683
709
693
659
658
655
634
654
658
638
679
723
679
729
743
686
685
705
678
651
662
666
685
725
742
687
689
665
654
653
640
634
646
635
611
624
646
644
626
663
670
647
663
688
681
684
714
687
682
685
675
667
685
677
651
672
687
649
636
648
640
620
634
656
653
653
687
707
678
681
682
661
661
675
673
650
644
652
627
615
625
639
615
605
655
689
651
664
725
708
676
728
717
671
686
681
647
644
641
633
618
627
617
618
657
703
677
688
723
680
668
702
696
667
703
734
707
696
736
753
740
741
734
702
698
700
688
701
700
685
652
674
695
688
703
731
725
763
767
708
677
674
680
691
669
653
679
702
683
715
739
705
685
685
674
655
671
680
664
676
678
673
664
671
652
642
653
643
654
676
681
664
672
696
681
646
662
682
679
664
705
699
681
696
680
680
668
682
681
667
666
682
666
646
636
638
637
610
624
616
604
601
623
641
633
629
677
686
659
701
707
681
652
644
639
625
609
623
619
630
611
629
642
646
621
654
661
649
651
648
630
621
621
616
618
621
635
631
615
607
628
646
631
651
681
664
628
665
669
616
613
631
630
592
588
601
625
632
627
621
606
614
622
605
590
615
623
631
624
609
605
594
577
575
579
602
625
629
579
594
657
715
678
760
798
766
777
795
741
704
696
697
697
681
667
682
667
682
688
688
663
678
695
705
704
678
661
646
657
671
665
640
658
663
678
656
633
647
660
666
662
634
652
672
664
661
680
701
684
676
655
678
684
661
664
686
693
697
668
648
661
647
639
646
643
619
644
677
740
730
693
685
673
652
662
648
645
653
659
645
657
636
631
637
637
615
610
613
624
604
631
646
636
650
668
646
644
639
618
600
595
586
585
604
603
596
611
639
638
633
658
642
621
620
622
633
619
615
627
612
593
580
568
559
549
544
550
549
548
554
577
584
576
570
625
625
595
613
630
624
602
620
622
606
601
602
598
585
575
580
578
565
574
577
582
585
595
611
609
635
654
632
612
631
637
612
604
612
600
583
593
597
587
575
576
577
585
583
576
582
593
592
584
572
576
579
564
567
574
587
579
568
568
576
574
567
559
567
571
563
557
564
574
576
564
578
593
582
579
588
593
573
574
581
581
568
564
571
569
563
560
562
567
562
555
547
556
567
568
558
561
568
562
569
576
559
561
569
566
553
560
563
553
545
535
543
572
593
586
583
580
573
564
559
558
554
545
537
533
531
533
529
525
533
535
525
524
531
536
534
530
540
548
549
542
554
554
547
553
556
557
551
554
551
550
537
541
547
540
531
526
532
532
527
522
524
531
528
527
526
532
539
536
535
546
548
538
541
544
541
540
540
532
523
520
516
513
513
510
505
500
500
499
494
491
489
492
492
491
494
496
514
527
536
550
557
565
572
577
597
576
571
574
563
560
564
566
555
550
555
546
546
544
539
540
546
556
547
545
558
559
549
550
561
560
553
558
563
575
561
558
562
570
570
561
561
566
563
560
566
563
556
544
558
560
556
551
561
568
558
555
575
583
567
563
565
581
566
555
559
559
555
541
538
540
540
538
532
531
534
539
527
532
545
538
528
523
530
530
528
523
525
533
523
521
528
527
521
519
524
530
523
521
520
530
528
521
519
525
531
522
517
521
521
518
514
519
512
511
507
507
506
505
505
511
507
502
509
511
510
502
504
505
503
507
513
507
511
514
520
515
512
517
525
524
523
521
527
524
520
523
521
528
524
519
521
528
527
526
526
537
542
534
536
549
558
552
554
563
560
545
545
552
553
547
537
537
537
525
518
521
527
522
519
514
526
534
528
520
542
562
559
560
582
592
569
561
569
550
546
556
560
557
543
547
559
557
548
543
554
554
541
541
547
554
542
542
548
546
542
541
545
548
539
536
546
555
556
549
557
567
566
554
568
578
573
558
568
562
562
563
574
570
557
551
556
560
554
543
540
555
554
541
546
556
564
551
549
557
560
543
541
539
541
530
521
523
524
537
525
524
537
544
533
525
532
547
535
531
537
529
521
522
531
533
524
521
528
534
529
521
535
551
545
538
546
554
547
540
537
548
549
543
537
537
542
537
528
529
536
531
527
528
541
544
540
547
563
557
554
550
565
564
551
559
557
558
542
544
545
539
536
533
539
546
539
534
543
557
559
552
552
561
575
578
559
574
582
576
572
580
577
570
566
574
583
581
567
571
574
563
557
555
554
539
540
552
557
550
540
551
552
547
541
539
549
555
545
541
551
557
554
547
553
566
563
554
565
572
575
553
553
562
565
556
548
557
568
567
558
556
572
576
577
577
583
585
568
569
575
582
575
567
574
574
567
566
571
574
563
557
568
574
571
561
565
572
567
564
569
579
573
565
577
585
571
563
567
576
568
562
559
557
560
568
561
554
553
561
563
557
548
557
562
562
550
547
557
565
561
555
569
583
575
567
582
589
585
568
575
578
569
572
577
576
566
573
580
573
571
580
581
575
578
588
592
585
576
585
584
577
575
587
577
573
579
586
581
577
592
590
576
579
588
586
577
584
591
582
575
575
577
568
554
553
560
559
559
567
578
580
563
573
592
601
588
572
590
583
572
584
581
571
563
569
569
562
559
564
567
557
564
578
563
557
560
561
561
549
544
551
555
552
550
561
570
568
569
579
585
575
586
590
585
577
581
591
582
571
585
595
586
574
586
592
590
595
606
604
592
592
602
597
592
606
622
624
608
612
627
609
604
616
613
600
607
612
602
594
600
600
593
588
597
601
599
577
587
590
589
588
601
605
591
576
574
561
554
562
563
563
554
553
563
564
563
563
589
595
575
588
597
601
580
584
596
594
582
582
588
578
571
585
583
587
573
580
595
592
579
582
599
592
584
599
607
599
581
599
593
586
593
592
586
572
579
583
579
576
581
585
573
577
593
600
586
578
588
597
583
576
586
592
587
573
588
589
584
584
604
616
605
601
614
602
591
613
609
602
590
599
593
581
590
594
597
593
600
622
631
620
637
621
619
625
618
604
614
623
624
629
647
640
619
630
627
625
616
629
632
625
647
646
644
668
652
646
659
666
642
642
641
626
620
635
629
628
620
630
614
602
608
604
614
615
611
601
613
615
600
606
597
583
593
607
611
594
601
619
617
609
621
644
638
613
624
638
626
611
623
639
629
610
629
630
617
606
621
625
622
602
608
616
607
593
589
605
604
599
620
649
647
653
672
672
647
652
652
636
617
622
611
604
604
609
607
606
604
608
602
594
608
607
599
617
619
612
614
637
635
624
622
626
608
596
608
612
606
601
606
617
618
597
592
588
592
580
571
585
598
596
586
603
591
585
592
603
604
595
605
617
607
590
593
597
605
593
585
600
606
612
613
629
646
642
636
647
653
637
614
624
633
620
607
600
603
598
587
586
599
604
606
599
623
648
647
634
633
648
648
622
612
612
602
587
588
583
582
569
564
574
583
582
584
614
634
622
603
621
621
608
595
604
600
588
593
603
601
597
598
607
610
599
595
604
615
610
604
617
632
621
617
615
612
604
582
589
596
594
585
601
614
604
599
615
621
600
602
621
618
610
604
614
597
591
602
596
592
583
598
603
598
589
604
603
590
605
615
611
612
621
635
621
623
638
627
622
635
638
618
616
623
615
599
598
602
606
596
590
604
610
609
610
628
641
626
636
649
635
622
634
630
606
610
613
608
599
611
607
615
638
671
667
683
713
681
677
677
652
641
654
646
638
642
656
638
637
647
637
628
641
642
630
646
643
640
662
678
643
640
641
634
608
609
615
606
596
600
614
622
612
608
616
609
596
597
596
590
581
586
591
579
583
596
608
606
604
591
595
613
613
623
652
666
645
646
665
651
618
620
625
612
600
608
621
613
605
618
632
615
631
641
632
619
629
631
622
612
609
617
607
592
603
606
610
606
623
637
647
625
638
635
627
612
623
639
635
622
645
654
649
641
646
647
628
618
618
627
618
612
626
632
625
621
641
644
630
638
646
635
622
626
626
616
613
621
621
612
606
617
625
621
614
612
607
608
611
616
615
604
608
620
640
616
607
615
618
601
591
594
597
604
585
584
605
618
613
601
606
608
615
599
593
597
594
582
579
574
563
561
564
568
555
561
573
578
564
563
578
578
572
566
589
595
578
575
592
589
581
574
580
583
582
569
571
579
576
573
566
575
586
576
577
590
594
582
587
595
599
577
588
598
594
581
587
598
587
580
596
600
590
583
590
595
591
583
590
597
586
581
595
601
593
589
607
608
608
593
610
606
604
626
632
625
607
621
615
608
596
603
604
607
604
619
616
603
607
623
622
611
611
620
609
604
614
613
609
601
609
609
606
594
593
588
585
601
631
654
621
649
653
650
620
630
635
627
610
620
622
610
613
627
632
622
622
639
644
629
624
634
629
609
623
631
616
617
625
632
627
630
641
636
633
643
640
628
605
607
604
604
581
580
576
578
571
589
593
576
582
589
580
571
593
597
582
601
611
607
584
587
604
603
586
580
578
575
567
567
578
586
590
591
610
625
589
606
615
610
595
593
604
604
589
604
613
598
587
592
587
578
567
570
586
584
569
580
593
587
578
596
612
611
599
621
638
624
608
624
634
620
599
614
613
611
597
586
592
613
613
598
587
602
619
604
591
601
620
616
608
632
638
629
638
652
650
622
626
632
624
610
603
625
640
637
642
659
665
650
656
658
646
630
610
630
626
620
634
653
640
620
648
645
634
626
648
638
627
636
643
625
620
629
617
612
630
649
656
661
674
675
650
659
653
640
622
638
627
615
636
646
646
641
657
670
655
639
648
654
649
628
626
631
617
607
626
655
651
632
665
680
652
648
657
654
625
623
635
636
622
621
634
646
645
647
653
648
639
651
652
627
614
613
604
591
596
608
614
604
608
633
632
611
614
628
615
604
601
600
587
581
593
604
604
592
610
608
607
618
637
639
641
668
669
650
638
652
639
622
614
623
610
598
603
619
604
593
622
621
611
604
619
620
606
591
595
604
595
587
600
609
607
607
612
615
590
598
607
604
599
588
597
594
595
579
600
599
601
589
592
593
585
575
576
572
572
565
573
572
576
573
573
566
575
585
574
571
581
584
568
567
573
571
559
571
573
569
560
573
582
571
571
582
587
581
577
588
590
580
598
602
592
585
591
592
585
600
606
603
592
601
604
600
590
592
583
575
590
600
595
589
609
588
568
561
555
548
545
548
554
553
552
566
598
599
597
624
639
620
611
624
618
604
594
601
608
600
585
592
589
587
589
581
565
564
571
578
562
567
589
589
573
611
632
638
644
686
650
623
657
646
635
618
628
621
605
639
642
628
628
640
634
621
642
644
642
628
640
646
625
616
634
641
637
653
675
664
639
662
658
653
650
671
660
650
680
665
631
642
643
639
612
617
611
594
575
576
573
566
558
556
554
546
537
544
582
636
677
807
825
851
859
804
798
781
728
732
717
697
697
722
703
699
720
714
682
708
722
693
693
703
672
668
668
668
650
644
628
632
646
651
665
671
664
656
667
661
645
669
667
651
637
652
654
653
664
673
681
649
651
664
671
656
648
669
677
666
640
661
675
653
650
672
661
662
684
708
688
689
684
665
646
646
656
646
630
643
649
636
623
635
633
639
664
682
669
640
661
655
632
621
628
619
606
604
607
604
604
617
625
613
608
619
603
593
610
610
596
602
611
607
587
590
599
592
577
590
601
596
583
590
595
593
576
583
594
588
577
598
613
605
591
605
626
618
617
632
626
614
629
638
616
615
622
606
595
601
610
607
599
595
614
616
604
609
619
630
607
616
630
620
619
627
623
607
612
616
609
607
620
637
618
628
612
602
596
578
567
571
580
583
568
567
590
603
600
584
604
631
626
611
628
695
707
736
703
664
680
699
687
656
658
657
636
610
601
596
589
570
563
557
554
556
549
559
588
582
570
581
579
573
595
611
604
589
598
609
602
584
599
611
601
581
600
595
577
569
581
589
575
566
571
579
569
558
560
567
568
560
553
570
570
561
563
572
570
558
557
565
566
557
558
561
568
554
552
556
565
570
563
558
572
572
564
563
570
569
556
546
557
556
551
547
559
565
563
554
560
567
566
552
546
551
552
544
544
535
537
582
624
597
601
591
584
573
558
553
549
536
527
524
521
517
524
521
516
518
531
530
522
524
535
536
535
529
551
562
569
556
569
568
565
553
550
551
544
540
535
538
532
526
523
528
535
528
528
536
537
533
533
544
550
546
544
555
556
546
543
549
551
543
541
541
550
544
539
542
541
536
528
537
541
537
533
531
527
534
535
532
527
531
534
531
524
530
534
530
524
524
530
531
524
524
527
531
525
518
517
527
525
518
518
526
528
523
520
534
530
524
521
532
532
528
527
523
518
519
515
512
509
510
517
518
524
517
520
549
570
563
558
581
596
577
563
557
553
543
556
548
548
556
559
553
542
543
546
544
537
533
539
539
540
530
547
555
555
556
563
573
583
583
575
562
564
564
556
548
551
556
560
544
546
557
560
551
544
554
563
561
557
550
549
557
566
557
557
562
570
567
553
551
557
563
557
553
552
560
563
553
548
554
558
566
563
560
552
546
545
545
541
546
556
556
546
539
549
564
558
551
576
604
604
575
585
594
595
583
570
563
555
548
543
545
544
540
534
541
547
540
537
550
570
567
552
553
571
588
581
580
576
582
582
569
561
559
554
546
551
553
547
539
542
544
543
536
531
529
549
547
546
556
561
567
556
548
549
555
544
538
533
538
537
534
529
529
538
547
551
552
553
561
571
549
549
557
558
546
542
543
549
546
541
547
553
552
546
540
539
541
534
532
540
542
535
527
534
534
539
532
541
548
547
544
534
546
551
550
544
545
555
558
556
552
546
551
547
545
540
542
544
540
537
537
546
553
551
551
548
552
553
543
540
540
538
533
538
542
535
531
540
543
538
531
532
535
532
526
525
532
534
526
529
538
540
532
526
533
533
527
529
534
535
535
528
536
533
530
527
530
532
526
527
535
532
534
530
533
538
539
529
537
534
533
529
536
535
536
529
530
534
529
528
527
534
532
532
526
532
538
538
539
534
531
534
536
536
532
520
524
529
529
524
519
519
525
526
526
524
519
531
536
538
531
536
542
551
543
541
549
548
543
536
544
546
539
533
533
538
529
529
535
536
531
527
536
538
536
532
534
541
537
534
534
537
537
534
532
537
531
527
527
526
526
521
521
525
527
526
518
519
526
525
521
517
526
523
521
521
525
522
517
514
521
524
522
515
515
521
522
516
515
520
520
515
508
515
520
517
512
511
525
526
526
520
532
530
527
522
529
526
521
522
523
525
520
521
528
527
525
527
532
532
524
531
539
544
540
540
550
542
542
548
544
537
527
531
532
532
521
521
525
524
521
526
530
527
525
528
530
532
527
528
530
528
522
521
525
519
515
521
523
519
516
516
522
528
520
520
535
542
531
528
541
547
535
537
543
547
542
533
540
542
540
534
537
542
538
531
538
532
530
527
532
533
529
525
527
529
528
519
525
529
528
521
524
534
526
521
526
526
527
518
520
522
516
516
514
523
527
525
526
538
544
541
534
540
545
540
530
525
527
523
515
513
513
515
509
511
510
511
509
515
520
521
515
518
521
518
513
511
518
511
509
511
516
514
507
507
516
515
514
515
524
523
515
519
521
515
520
518
520
514
514
516
517
508
516
522
521
516
520
522
527
520
523
526
525
525
527
527
524
519
518
523
520
515
514
520
516
516
514
529
528
527
524
533
531
526
521
524
523
524
519
524
533
541
529
536
549
553
555
545
550
554
546
537
538
549
554
551
555
571
562
551
562
573
563
558
563
565
551
552
552
547
542
546
549
544
541
550
542
538
533
543
539
540
555
563
555
545
553
557
556
544
546
537
534
529
534
535
531
526
536
547
541
528
546
553
549
546
553
566
557
552
554
564
562
553
553
559
551
540
540
543
537
530
530
537
532
528
538
544
540
532
540
554
550
547
562
552
543
542
555
549
545
541
553
552
544
552
558
546
537
541
538
536
535
541
543
537
532
546
556
553
551
566
564
559
547
553
557
558
548
556
560
545
541
542
538
537
544
549
544
541
549
556
549
542
546
563
563
553
564
577
573
566
591
584
578
579
580
580
563
563
563
563
552
562
564
557
550
554
570
563
570
581
592
588
582
596
590
565
576
573
565
561
568
568
566
577
570
568
561
562
567
575
568
575
583
572
580
583
575
566
564
571
560
552
553
548
539
545
562
560
550
566
570
572
566
570
582
578
561
577
573
567
578
585
585
571
569
569
572
562
570
580
581
574
592
591
584
579
595
592
578
593
583
580
596
604
600
593
606
607
599
591
600
585
588
591
585
577
575
581
583
574
583
591
577
576
584
584
572
575
588
593
590
597
604
595
588
580
592
575
565
564
571
582
574
571
597
603
584
567
569
580
574
559
562
569
570
561
563
576
576
560
571
574
563
554
561
568
563
559
568
571
564
561
563
565
568
559
572
580
580
574
575
581
575
564
565
559
552
559
567
571
557
555
563
564
557
550
551
546
542
546
558
548
546
562
565
553
567
577
572
566
585
593
596
582
604
606
601
582
599
601
583
584
601
596
583
593
601
597
593
592
576
573
571
579
575
584
592
593
591
575
575
585
579
569
570
588
598
590
578
608
611
606
597
615
613
599
621
619
599
589
595
587
579
573
570
573
556
547
553
555
553
549
556
570
579
560
565
575
566
555
565
572
560
565
578
580
571
552
551
562
568
570
565
561
554
538
544
551
546
533
531
545
540
532
552
563
559
545
563
582
584
582
579
570
559
538
535
536
529
528
526
526
531
532
540
539
546
542
543
540
524
521
522
556
661
620
604
577
579
572
562
590
606
614
613
598
589
585
590
580
567
574
573
562
550
564
560
547
548
552
557
546
552
564
560
558
556
564
566
549
551
556
548
550
554
556
542
549
550
554
544
553
560
562
557
562
566
565
561
555
557
552
543
541
551
556
551
547
567
567
557
552
555
548
558
556
554
566
569
564
561
572
571
569
563
572
577
574
564
581
582
584
581
596
587
589
588
584
580
577
581
574
569
576
582
572
572
581
578
574
570
580
578
573
586
586
581
570
580
589
592
578
576
585
593
584
577
582
583
569
569
577
586
587
580
581
582
584
575
572
587
591
579
589
598
592
568
583
578
572
563
570
581
577
573
592
602
590
591
605
597
586
576
583
573
563
556
561
556
546
548
547
545
540
542
538
537
538
542
543
531
535
540
532
530
530
539
535
531
527
538
535
530
530
536
536
528
526
536
538
536
535
543
544
541
544
550
555
550
541
538
541
542
537
539
550
544
540
545
557
555
549
551
567
566
562
564
564
561
549
557
564
565
566
567
569
561
551
551
546
537
533
528
525
521
536
533
531
530
551
548
540
538
548
552
537
539
549
557
550
539
543
546
553
545
541
545
546
547
542
536
543
542
539
536
535
541
553
540
541
545
549
551
548
540
539
551
550
549
544
553
550
547
535
1082
528
529
521
520
514
521
515
512
510
512
514
511
511
516
525
523
519
526
532
530
521
522
529
531
527
519
521
525
522
515
513
521
523
518
514
516
522
521
516
514
515
517
514
512
515
513
511
512
510
509
504
509
512
511
506
507
516
517
508
505
510
512
508
503
502
506
503
500
495
504
505
500
497
499
506
505
501
502
505
509
504
502
507
505
504
499
496
504
498
497
491
491
494
489
486
486
494
492
487
485
488
490
491
496
495
489
484
480
479
477
472
479
479
475
472
480
479
473
473
482
480
477
474
479
480
477
475
476
478
474
476
476
473
474
473
474
472
470
473
471
466
472
474
470
468
473
474
469
465
471
472
470
466
470
470
471
470
469
467
472
472
468
467
469
472
470
463
471
473
468
467
471
472
470
474
472
472
472
475
469
475
473
473
467
472
474
467
464
469
469
461
464
470
468
466
467
467
469
472
469
466
471
472
468
463
468
468
466
466
463
460
463
461
461
458
464
461
459
453
464
473
496
499
504
495
491
485
491
488
486
479
484
485
478
474
478
479
473
471
474
471
468
466
469
467
461
465
471
468
463
467
470
467
465
470
472
465
469
468
466
467
468
465
465
466
463
459
461
460
458
456
460
460
457
456
461
456
455
455
457
453
453
456
454
451
456
460
457
459
463
463
465
465
464
464
465
465
462
459
461
461
459
458
463
462
457
462
462
460
458
460
460
458
459
460
457
457
457
459
454
455
459
452
450
456
454
451
455
460
457
458
460
464
461
463
462
455
458
460
461
457
460
459
453
454
456
450
451
453
453
444
448
447
447
450
449
449
450
453
455
455
453
457
462
456
454
457
459
459
455
458
464
464
460
460
464
466
464
464
461
461
462
460
460
462
457
462
463
455
462
461
456
457
460
456
459
459
461
463
464
464
467
465
472
470
470
472
470
471
469
474
470
469
469
472
469
470
469
468
474
471
468
468
473
471
468
465
469
472
470
467
469
464
464
467
466
464
470
470
470
466
474
477
477
472
477
481
479
476
479
489
484
479
477
484
483
476
479
486
483
476
479
481
479
474
474
480
477
478
487
480
473
473
475
474
470
471
475
474
474
474
472
476
479
481
479
477
485
489
484
480
483
488
486
479
483
486
482
476
479
480
479
475
476
483
480
480
475
477
472
468
473
473
470
469
470
471
473
470
473
472
477
478
472
469
478
477
477
477
480
479
474
475
478
473
476
474
472
473
476
471
467
470
476
471
473
473
475
478
479
475
470
477
479
478
473
480
484
479
482
483
485
492
490
486
491
495
494
493
488
491
491
488
486
486
486
486
483
481
482
479
477
474
475
473
470
471
467
471
473
474
472
479
484
479
482
484
489
484
483
483
488
487
481
482
483
484
484
487
487
482
486
486
486
486
484
486
482
482
481
486
486
479
477
484
482
479
478
477
476
475
477
474
474
476
480
479
482
484
482
488
494
496
494
490
488
493
490
489
487
492
494
491
488
492
493
485
483
483
481
485
481
479
478
483
485
482
487
490
492
488
485
485
489
483
481
478
475
475
474
465
467
462
458
454
450
448
455
462
462
463
470
476
479
471
470
472
477
475
478
472
478
486
487
489
487
491
495
497
496
496
506
503
500
503
514
510
499
503
505
502
499
503
514
517
514
509
522
531
530
521
529
531
524
520
513
513
507
496
492
487
480
475
468
470
467
465
463
463
458
463
458
456
459
455
460
466
469
465
468
464
466
468
466
460
460
462
457
452
450
451
454
454
452
448
449
450
448
446
443
444
442
