1346
505
516
518
520
524
524
524
520
523
515
511
510
516
511
508
515
513
513
516
516
521
524
526
525
518
516
506
507
512
514
514
527
536
540
548
558
556
551
547
544
537
527
528
525
521
521
525
533
527
528
537
536
532
538
540
535
529
532
524
521
523
523
521
516
522
524
522
521
526
533
530
530
526
531
529
526
525
532
526
533
531
533
530
527
531
526
523
525
527
521
517
514
515
512
512
518
518
518
523
520
518
521
522
524
521
523
520
521
520
522
521
518
518
520
514
510
508
505
501
502
503
504
502
504
510
506
503
507
507
502
505
506
503
500
503
503
502
508
513
514
508
514
512
507
507
508
508
504
511
510
504
508
507
505
503
502
501
498
498
497
497
499
504
511
514
520
521
509
509
506
501
497
495
492
488
487
484
480
479
477
475
474
473
468
467
468
467
466
466
464
463
463
467
469
471
476
482
481
491
495
501
505
507
506
499
500
497
492
492
487
480
480
484
479
482
485
487
489
488
483
486
487
484
485
486
484
482
479
479
476
479
482
482
480
478
479
477
474
479
482
478
478
479
482
483
484
484
479
481
483
486
481
482
483
487
485
486
489
489
488
489
491
489
489
486
488
487
487
482
485
490
486
483
482
481
483
482
481
476
474
475
475
477
475
477
479
486
479
480
484
487
483
482
482
480
480
481
482
478
481
483
481
477
480
482
479
476
476
476
472
473
472
468
468
468
464
466
470
471
472
476
485
483
483
483
482
483
486
490
485
489
487
481
482
480
481
479
480
483
480
476
472
475
472
473
473
471
468
462
459
463
458
457
455
455
456
457
918
459
460
458
457
458
459
458
457
457
453
452
452
452
452
452
449
449
447
448
444
449
450
454
454
460
467
467
464
466
467
471
474
482
491
489
486
486
488
487
488
488
485
481
477
478
476
475
474
480
482
489
492
497
514
520
529
532
537
539
533
523
515
509
500
496
491
485
486
486
486
491
496
507
524
532
543
560
566
568
567
560
555
553
545
540
530
525
519
522
517
518
520
520
524
529
538
544
551
549
549
543
543
537
534
528
523
521
520
522
521
524
528
529
524
530
527
528
523
525
524
523
522
529
530
532
529
536
538
539
533
531
526
518
516
515
517
526
536
538
546
557
551
545
538
530
529
526
524
527
527
529
531
537
542
543
539
547
543
545
538
540
537
532
530
529
530
529
534
538
538
541
536
532
529
524
523
521
519
513
506
498
498
492
491
488
484
483
483
482
479
479
479
481
489
503
514
523
531
544
544
538
535
530
520
515
514
516
512
509
519
526
524
532
544
551
547
548
551
545
538
541
537
534
530
540
543
541
542
545
537
533
532
530
528
523
522
521
517
520
517
514
514
512
508
510
514
522
529
531
530
530
536
530
524
517
513
507
503
499
496
497
501
510
514
520
521
517
513
512
511
511
515
510
515
518
518
516
516
519
518
514
513
514
513
508
509
508
510
511
505
510
510
510
514
517
521
530
536
541
547
544
543
536
534
529
522
517
514
512
509
505
503
504
503
500
498
497
499
499
498
498
499
505
513
514
518
516
523
527
526
524
518
517
518
519
523
524
523
520
521
521
522
528
530
527
521
517
512
506
499
495
493
487
487
479
480
479
472
468
469
471
466
464
468
467
472
486
500
504
509
513
508
505
503
498
497
495
491
489
487
484
490
492
491
491
494
490
489
496
496
491
498
498
492
491
494
487
480
484
479
473
479
478
477
475
475
474
473
477
473
470
473
466
471
477
470
476
475
476
477
476
474
476
474
474
473
471
474
471
475
469
467
467
464
464
462
461
463
465
475
494
498
499
505
515
518
517
518
519
520
517
512
506
507
504
497
492
489
489
487
487
489
487
485
484
485
483
484
490
486
488
492
495
497
502
502
499
502
503
504
506
509
508
508
513
512
510
513
513
515
516
521
520
521
524
523
522
526
533
530
528
530
531
526
527
526
525
529
530
531
534
541
543
543
548
554
553
558
559
552
548
546
548
540
541
551
548
559
569
558
544
540
538
535
531
532
530
530
536
539
537
536
540
543
548
548
545
541
544
540
540
537
539
535
540
541
537
536
538
536
533
529
528
526
529
527
524
521
522
522
520
518
521
524
531
533
538
543
547
556
552
549
549
548
544
547
547
543
548
550
547
554
553
561
562
565
574
569
570
563
563
564
563
571
563
563
556
555
558
557
554
555
551
551
550
556
556
563
557
554
556
554
556
553
548
551
554
550
548
556
554
560
558
558
555
552
553
546
547
542
549
542
543
546
547
549
551
561
560
560
559
561
564
559
564
561
556
561
556
551
551
552
554
557
563
564
564
563
562
561
563
558
557
560
560
558
558
559
560
560
561
563
562
562
563
563
560
566
563
566
571
574
575
574
567
566
565
562
565
559
564
557
548
554
551
550
551
554
555
554
555
555
554
551
563
561
565
566
572
575
571
570
569
563
566
567
557
553
554
551
551
554
559
562
565
568
564
563
564
565
562
562
562
563
560
560
558
560
563
557
556
563
562
562
565
563
563
571
575
574
568
567
564
562
566
564
558
563
563
553
556
554
553
553
557
557
552
557
558
554
558
564
558
560
563
563
563
563
565
562
565
564
563
566
573
570
566
570
570
567
557
550
543
547
540
532
532
523
525
521
517
512
509
504
498
493
488
484
479
477
472
471
466
464
459
456
454
450
447
446
443
440
438
438
438
438
438
438
439
438
438
441
442
441
444
449
450
451
453
453
459
458
462
462
467
466
471
471
475
476
479
479
477
485
484
482
485
490
490
495
490
489
491
493
492
487
486
487
484
482
484
483
489
493
494
495
499
501
508
512
509
508
505
496
493
491
490
490
498
493
495
492
493
490
482
490
488
489
488
493
495
490
499
497
493
497
498
496
497
499
502
496
501
497
496
489
490
489
480
484
484
482
481
491
488
490
487
487
487
489
485
482
482
484
485
498
497
498
494
497
493
491
490
493
488
486
489
486
483
480
488
484
482
489
486
483
481
482
480
475
474
477
478
479
480
479
482
480
476
477
473
473
473
471
477
475
476
468
472
472
470
466
472
474
476
475
477
477
476
473
473
475
477
477
476
479
479
480
474
476
475
472
467
469
466
466
467
465
458
462
462
456
458
461
460
455
453
457
458
455
455
455
456
454
455
460
459
454
453
457
460
465
468
465
468
468
473
470
472
474
478
472
470
471
470
473
468
475
472
471
467
466
465
465
463
463
468
467
467
464
466
465
465
465
469
472
472
473
469
470
472
479
479
474
476
472
470
469
466
466
467
465
466
461
467
466
465
468
465
465
465
467
465
466
460
462
463
463
460
462
462
461
464
463
466
468
468
471
473
474
476
478
478
479
480
479
479
479
482
483
490
495
496
500
505
507
508
511
515
516
516
515
516
516
518
517
519
518
519
521
526
528
525
527
529
526
525
525
524
524
523
523
524
525
524
524
531
534
533
537
538
537
536
536
541
543
539
541
546
547
544
550
555
556
553
549
550
548
545
542
541
544
543
544
548
550
553
551
550
549
550
548
546
550
548
548
551
551
553
553
556
557
554
552
548
548
542
540
542
541
544
545
546
548
551
556
561
560
562
562
558
552
548
547
549
548
550
553
556
555
549
540
537
536
531
533
538
538
542
543
551
551
549
546
547
545
547
550
550
547
548
548
552
547
550
549
549
550
546
547
547
543
540
539
537
538
536
539
540
540
547
546
546
548
548
546
550
556
557
560
561
564
569
570
570
571
571
572
573
582
583
582
580
582
581
575
573
577
579
573
574
574
578
576
577
576
577
583
581
586
583
577
578
570
567
565
560
563
561
554
552
550
547
540
537
539
568
589
595
586
580
576
572
568
569
568
576
578
585
593
607
614
612
609
605
604
592
589
585
583
579
573
573
568
565
560
565
563
569
564
561
556
552
550
547
547
546
548
549
552
557
557
561
561
562
563
565
566
568
569
567
567
569
567
569
574
574
572
574
570
564
564
564
568
572
573
576
573
570
576
573
569
568
573
574
579
578
575
572
573
570
569
571
576
572
577
587
584
584
585
584
577
571
567
564
563
562
560
563
564
574
577
582
577
578
573
572
569
563
563
560
560
562
565
569
570
580
580
579
583
586
582
582
579
581
582
577
577
576
577
576
574
577
579
582
579
585
585
583
582
579
573
571
566
569
567
566
564
564
568
569
569
575
578
583
593
595
599
595
597
599
590
585
586
592
598
588
588
595
598
596
590
584
587
579
578
571
578
578
577
577
582
588
589
592
601
597
595
591
584
584
577
573
576
573
576
570
580
580
586
585
586
586
582
577
578
574
583
582
587
586
592
588
595
604
606
617
614
607
602
591
585
584
582
585
598
597
595
595
589
585
582
587
591
588
588
595
598
596
589
590
587
590
589
592
594
590
586
586
588
588
585
591
601
600
590
593
596
583
577
579
578
584
580
582
584
584
589
588
585
581
579
579
584
580
578
579
586
587
587
586
595
593
585
579
579
579
582
585
583
583
584
591
591
590
586
589
592
591
584
586
576
573
577
575
577
578
583
585
589
593
603
598
595
588
596
592
586
590
590
588
580
583
584
586
589
588
586
583
582
583
583
575
575
575
577
575
579
587
593
593
594
599
605
600
597
596
599
594
588
594
596
594
595
599
604
599
599
599
592
586
585
589
590
588
591
595
597
599
600
606
601
599
590
593
593
585
580
589
590
589
583
585
595
598
594
602
610
636
629
623
618
619
621
610
600
600
595
591
589
595
600
599
601
607
622
622
623
634
636
633
623
617
606
605
604
603
597
603
605
600
596
593
602
597
603
597
592
596
597
591
593
588
587
584
590
596
602
605
615
620
611
612
604
607
609
606
602
600
592
597
599
606
607
610
614
610
608
607
611
605
610
601
600
602
599
600
603
606
608
603
602
603
602
602
600
601
597
594
594
594
594
593
600
608
614
620
612
600
598
596
597
593
606
621
624
631
636
642
628
613
604
605
610
604
600
609
608
604
599
597
598
605
602
593
593
597
597
591
588
591
588
587
583
583
587
587
591
598
612
621
621
610
631
639
624
610
610
604
602
601
598
613
611
608
607
613
614
604
599
609
612
609
602
602
603
596
593
591
593
599
603
609
618
627
621
614
615
609
607
598
600
595
593
589
591
593
599
599
606
599
598
599
602
601
596
596
597
599
600
606
606
604
607
606
612
607
609
604
602
597
592
595
597
598
594
590
593
595
591
597
600
591
588
582
581
566
562
558
557
555
561
561
560
559
560
563
564
566
565
577
582
584
579
585
595
591
580
574
571
574
581
576
576
586
588
592
584
594
601
602
594
602
604
601
603
601
611
611
616
605
612
592
600
605
603
598
609
603
596
591
582
580
589
589
596
587
598
613
625
616
609
627
620
613
613
606
601
592
589
588
592
590
593
596
605
603
597
591
598
596
602
601
593
583
588
582
580
584
580
582
585
585
598
604
600
597
599
602
601
599
590
592
590
590
584
583
587
590
593
592
590
600
596
591
590
586
592
590
587
582
587
589
592
593
584
591
597
597
595
593
604
611
614
610
602
602
603
604
596
591
597
598
601
597
593
601
604
604
600
599
595
601
601
600
593
584
596
609
599
592
589
600
592
593
586
581
589
593
589
593
594
604
605
604
601
604
605
597
586
587
587
581
580
579
587
590
583
585
584
590
595
607
598
595
602
603
598
587
589
586
580
569
563
560
574
590
596
595
604
605
616
615
611
617
614
627
645
636
630
630
631
629
617
610
603
603
600
594
596
588
592
586
578
573
583
592
594
597
602
603
613
607
602
599
596
587
583
580
581
585
586
588
601
613
605
602
605
604
602
601
596
594
595
601
607
612
624
639
645
643
630
641
637
628
618
613
623
611
609
600
604
609
613
615
604
615
624
612
604
597
601
604
605
601
606
619
611
615
604
607
602
599
592
602
593
590
589
591
597
605
602
600
596
601
604
597
588
592
590
584
578
581
588
591
578
576
582
582
586
586
582
600
607
611
609
615
616
623
636
631
628
629
620
603
593
594
589
586
580
578
580
585
583
585
591
596
589
580
574
575
570
569
567
572
580
590
591
599
599
597
593
590
590
588
581
579
577
577
587
585
589
596
596
599
604
602
600
609
603
599
603
603
603
604
606
598
602
604
597
589
598
602
609
611
600
594
601
598
591
586
597
595
587
577
576
581
581
588
590
603
622
616
605
608
607
604
593
594
596
591
591
585
586
591
592
594
612
614
607
610
617
616
607
602
595
593
587
588
585
584
601
612
620
615
605
609
614
625
620
617
612
615
604
596
594
597
594
586
581
579
587
596
600
603
599
609
624
619
630
633
635
639
638
629
626
609
607
605
606
616
607
596
588
583
583
587
591
590
606
614
628
624
618
613
623
638
625
615
602
586
573
563
558
552
553
553
552
557
563
559
558
559
556
559
561
566
570
568
565
570
576
582
575
573
573
573
571
565
572
576
576
578
572
570
568
569
564
565
562
563
564
563
563
573
577
587
595
587
591
592
591
586
583
581
582
579
572
569
571
572
575
575
576
594
603
598
594
581
593
591
587
582
590
591
595
590
587
588
586
591
591
602
607
604
606
604
615
607
605
597
595
598
597
587
582
577
579
577
581
577
579
581
579
582
579
584
592
584
583
588
583
582
580
583
587
589
585
585
592
590
591
588
592
594
597
586
586
586
581
581
578
580
581
581
575
579
586
583
591
593
595
600
599
597
593
603
604
597
588
582
580
578
573
570
573
576
585
587
592
594
601
603
594
587
588
580
574
572
573
574
576
580
584
590
595
594
591
591
585
583
585
589
598
596
592
590
603
600
603
604
606
595
591
585
588
590
587
589
585
591
591
586
585
582
587
587
584
588
592
593
589
594
597
598
590
592
595
593
593
591
596
598
597
600
595
593
597
599
597
589
584
590
596
595
595
595
604
610
606
608
600
603
604
598
590
585
584
581
578
573
574
572
575
572
576
584
579
577
576
583
584
578
579
582
581
582
578
578
591
596
594
582
573
572
574
574
572
570
576
576
573
574
573
581
577
575
572
581
581
584
582
587
586
585
581
579
582
583
586
582
589
587
590
592
597
601
597
596
601
592
583
573
569
569
573
569
560
556
552
551
566
577
583
580
577
582
582
582
581
582
585
589
584
583
584
586
582
583
580
578
578
577
576
575
575
573
575
570
566
567
571
569
567
568
574
579
579
578
588
602
594
589
588
590
580
575
570
561
556
555
551
546
549
551
551
552
552
556
554
554
560
560
560
560
561
561
562
560
559
562
565
563
564
569
574
571
570
573
572
571
573
575
574
573
576
580
590
598
598
595
596
605
604
603
594
595
595
592
588
588
600
606
607
604
592
596
599
602
598
598
602
604
607
606
611
610
608
608
602
598
588
586
596
591
594
593
603
610
612
612
625
639
623
618
613
612
612
604
596
597
594
589
583
580
575
573
568
566
567
569
570
569
571
571
565
567
574
575
581
582
592
607
605
606
615
633
639
626
620
611
605
599
592
596
593
593
593
600
604
601
605
606
619
619
610
605
613
621
619
612
605
613
620
613
611
618
629
631
628
623
641
644
643
636
622
621
620
615
605
600
596
604
597
593
591
596
601
601
595
609
607
606
596
601
590
590
590
587
591
599
599
604
611
607
602
592
594
590
587
581
584
582
578
583
583
589
595
590
588
592
599
600
602
613
618
627
616
609
609
614
608
606
613
613
615
604
608
612
616
608
616
614
615
605
604
602
609
598
595
595
601
607
602
603
595
607
601
596
592
592
596
592
588
591
603
604
598
600
600
601
601
600
603
601
600
598
601
606
602
606
602
611
606
600
601
607
606
604
597
601
604
602
602
593
597
599
594
588
582
586
581
574
580
581
581
587
584
598
609
609
613
619
627
624
628
625
635
639
635
627
618
621
615
607
604
605
616
614
621
626
660
656
647
655
661
652
636
628
631
618
619
615
611
613
610
605
611
613
615
612
605
614
621
611
616
619
616
611
604
609
608
606
604
612
608
606
607
615
622
626
617
614
616
620
608
604
591
579
576
569
563
563
560
561
558
556
552
545
543
545
545
544
544
544
545
547
548
548
550
551
554
558
557
561
566
575
579
584
587
590
594
596
597
597
602
599
600
600
606
604
603
596
597
604
600
599
596
598
607
606
603
608
608
616
609
605
603
605
606
608
604
598
609
624
620
609
601
603
602
599
593
598
603
601
600
597
603
611
608
605
609
615
611
606
603
610
620
612
611
608
606
610
606
603
600
604
607
602
604
605
611
621
617
613
610
612
609
606
597
601
594
597
591
594
604
607
604
602
604
608
610
615
619
622
622
620
621
626
623
618
613
612
616
612
610
607
610
613
610
606
609
612
612
605
609
615
623
613
607
608
620
642
630
630
628
626
627
623
627
628
620
609
603
596
598
596
598
597
594
601
604
598
587
595
599
603
599
593
604
610
619
618
606
616
616
632
609
601
590
582
578
579
586
599
614
633
648
650
639
637
631
630
626
614
618
621
613
613
606
607
604
602
602
607
614
607
605
599
603
600
596
592
593
592
587
589
589
595
600
597
594
598
600
594
591
591
595
593
592
589
593
590
587
585
584
583
585
582
581
585
587
583
588
587
589
594
593
593
589
595
599
597
585
584
583
579
585
581
591
590
592
591
598
602
597
590
595
598
604
600
594
599
609
609
605
600
604
597
587
584
589
590
590
592
599
605
604
597
596
606
607
607
600
604
611
613
609
606
613
611
611
604
597
600
604
601
597
597
603
604
609
604
607
614
613
607
604
600
603
597
593
588
588
586
593
588
588
591
590
591
594
592
588
592
588
593
600
599
604
604
605
603
598
595
600
601
600
600
600
601
607
603
599
588
585
585
587
591
602
605
609
613
604
599
594
594
591
590
590
589
587
590
588
590
596
591
587
586
591
588
586
588
589
591
590
593
596
592
597
597
592
592
591
591
591
592
597
596
593
587
585
591
592
588
587
594
606
607
600
590
595
592
593
590
589
597
605
605
599
601
604
607
603
603
600
605
614
606
601
592
603
608
604
599
589
589
593
592
589
589
588
594
592
593
593
585
576
578
574
576
568
567
565
564
567
562
561
559
563
564
563
559
558
558
559
559
557
558
555
555
557
560
565
568
573
577
576
582
593
600
606
598
596
597
599
591
593
593
599
604
603
601
599
604
609
607
599
593
593
595
596
591
589
599
602
594
589
585
590
588
586
589
601
612
618
620
621
628
631
620
610
608
602
593
587
583
575
573
569
565
569
574
583
590
606
612
611
606
602
597
590
581
582
573
574
569
571
571
572
571
573
577
579
578
570
569
572
570
566
566
567
567
566
567
579
582
584
581
580
584
581
581
586
579
574
569
568
565
561
564
567
569
566
571
576
576
566
565
561
553
545
544
542
537
539
542
545
545
545
552
558
559
560
564
565
572
572
575
574
581
584
585
591
594
595
592
591
593
592
586
583
585
589
592
592
587
594
589
585
584
587
594
592
586
582
585
587
592
595
593
596
596
599
596
591
593
603
604
607
607
602
595
592
587
588
591
589
590
595
602
615
620
620
621
624
618
614
609
610
616
615
611
617
614
615
609
604
614
619
624
617
609
615
615
611
604
600
604
612
611
604
606
610
607
617
614
605
605
604
601
600
599
609
610
610
607
624
629
632
633
633
636
632
631
626
619
619
620
611
606
602
604
605
605
604
599
606
620
627
620
615
609
615
622
608
607
600
601
602
596
599
593
601
608
604
601
595
602
603
599
594
598
596
598
600
594
590
587
585
589
594
602
615
618
616
631
633
629
628
633
629
626
617
603
595
591
585
589
597
607
628
634
638
640
648
659
639
633
623
622
617
608
603
602
604
605
599
598
600
602
599
595
588
580
570
557
548
539
531
524
521
521
516
514
512
510
506
501
497
492
484
480
477
469
466
463
458
455
450
447
445
442
438
433
434
438
430
437
440
441
440
462
477
478
486
488
500
500
507
510
514
516
512
516
512
508
505
509
510
508
501
497
497
491
490
487
486
489
487
483
478
480
482
481
480
481
481
477
478
480
481
482
479
482
479
480
481
481
481
479
480
479
478
479
480
487
489
491
488
487
487
487
484
488
488
488
483
476
477
475
473
472
471
471
470
469
468
474
476
473
472
469
477
478
479
479
477
479
478
480
478
481
478
473
470
469
474
473
474
470
471
469
469
470
467
475
474
473
469
468
471
473
473
470
474
474
471
468
464
461
460
457
455
456
461
458
454
449
447
449
449
447
447
450
452
450
446
444
446
449
450
452
449
452
450
449
449
449
455
454
451
449
450
453
453
457
457
459
459
454
451
451
454
455
456
455
458
456
454
453
457
460
461
462
458
464
462
455
452
452
456
454
454
453
454
450
447
449
453
454
452
449
450
453
455
456
458
458
459
456
451
458
459
459
455
457
455
454
452
448
455
452
450
444
444
448
448
450
450
449
452
450
453
454
458
461
463
460
457
464
466
466
465
464
456
460
458
454
450
449
446
445
448
442
442
444
445
445
443
446
451
449
458
459
460
461
458
462
464
466
463
472
472
472
467
467
469
463
456
454
461
459
459
456
459
458
455
453
450
458
459
464
462
467
466
467
466
462
471
471
479
474
477
476
476
474
464
471
472
471
472
477
478
478
470
468
472
471
472
473
473
473
471
468
463
470
474
473
466
470
468
469
466
467
466
465
465
464
463
461
461
460
460
456
455
454
452
450
449
447
446
445
444
443
441
439
441
439
439
438
438
438
437
437
436
436
435
436
435
434
434
433
434
433
434
435
432
432
431
430
430
429
429
429
430
431
434
434
434
435
434
435
434
434
434
432
432
431
431
431
430
429
430
429
429
429
428
426
425
425
425
426
427
429
430
430
431
431
432
432
431
430
431
430
429
429
430
434
435
435
437
437
436
435
433
433
432
432
433
435
435
436
437
437
439
437
439
438
438
437
438
438
437
436
435
435
432
432
435
431
436
437
435
444
456
459
464
464
462
463
460
457
455
454
453
453
451
449
447
445
443
440
439
437
434
433
431
428
427
427
432
434
433
436
442
459
472
474
476
479
482
482
480
479
477
474
467
462
459
455
452
452
449
451
451
462
476
485
500
512
523
521
513
506
498
493
490
489
488
486
481
477
470
464
460
457
453
450
446
446
445
443
441
442
443
444
443
443
445
449
454
456
460
462
465
464
465
464
462
457
458
450
452
453
458
464
471
472
471
473
471
474
473
472
469
466
461
458
456
453
451
448
445
442
440
438
437
435
434
433
432
431
435
435
435
435
435
438
439
443
443
442
443
441
440
440
440
440
439
439
438
438
438
437
437
438
436
436
438
438
439
441
451
459
468
471
472
474
474
471
470
463
462
461
461
461
460
456
453
450
449
447
444
442
442
440
439
437
437
434
428
429
427
427
424
426
430
433
430
432
433
438
444
443
442
443
444
445
445
445
445
443
440
439
438
438
428
436
432
433
441
446
455
469
476
489
501
514
527
520
508
501
496
486
479
477
474
468
461
457
457
454
451
448
447
442
443
449
435
440
441
442
437
442
445
450
451
448
456
460
467
467
471
467
471
473
474
471
472
476
476
472
476
475
475
479
480
480
479
480
479
471
471
473
466
466
471
470
463
468
471
470
469
474
474
470
476
473
471
470
468
468
464
469
464
463
461
460
458
457
452
458
463
471
477
482
489
514
521
525
521
522
522
517
513
508
504
502
503
498
498
496
492
490
488
487
489
490
491
489
492
500
499
500
497
503
507
508
508
509
507
500
495
491
490
489
490
500
496
501
501
498
499
502
503
506
514
520
524
530
542
545
549
558
556
557
555
556
550
547
549
552
549
550
546
541
539
538
533
533
532
528
528
529
523
521
524
520
519
521
524
521
521
524
522
522
523
525
521
521
526
526
521
523
525
523
523
528
530
526
524
522
519
514
513
510
513
516
520
527
530
531
530
529
529
529
530
534
535
538
542
544
549
551
552
558
557
555
553
553
552
549
548
545
549
546
545
542
540
538
540
539
542
544
541
543
546
550
552
556
561
563
566
562
563
558
554
551
550
549
550
548
547
547
551
549
551
551
552
551
550
554
550
550
551
550
553
557
554
554
559
554
554
557
558
559
558
557
559
558
558
557
557
555
556
557
556
557
553
557
555
553
553
553
550
552
552
551
552
551
550
548
548
549
549
551
552
551
551
550
552
554
549
554
557
555
553
557
560
559
561
560
561
557
558
554
551
548
552
550
549
549
549
550
548
542
538
536
537
536
539
539
541
542
544
543
548
551
554
553
550
546
544
545
541
542
540
537
540
543
546
549
554
557
554
553
550
550
548
543
539
536
536
537
540
539
539
541
539
539
542
538
538
537
538
538
536
532
532
534
533
535
536
539
544
549
551
551
554
554
555
555
550
551
551
554
553
553
556
558
560
561
562
563
564
567
565
563
563
561
561
563
562
563
564
563
564
565
567
567
573
569
568
565
568
569
566
570
572
572
573
572
575
575
574
573
568
567
562
565
566
566
563
557
554
556
560
560
565
569
576
576
577
578
576
568
560
562
556
554
552
548
544
546
547
545
543
544
545
548
551
552
554
548
551
551
551
557
557
565
566
565
568
568
572
574
574
574
572
574
572
570
570
572
569
568
571
570
567
570
567
561
560
559
555
554
555
556
553
550
548
545
547
551
547
546
547
549
553
554
553
550
546
549
550
547
544
538
537
541
539
542
548
552
555
561
562
562
563
565
565
566
565
562
569
566
568
574
571
572
576
575
576
576
579
576
576
579
574
565
569
565
564
563
566
564
565
566
567
570
569
573
578
573
574
573
578
581
581
575
577
571
569
566
566
567
570
571
572
575
575
574
574
574
573
576
572
573
572
578
580
577
577
578
576
579
577
582
578
577
578
579
581
577
579
579
580
581
587
592
594
598
595
591
588
584
580
582
579
580
575
572
570
568
570
567
570
571
580
581
586
584
588
586
580
582
579
583
583
584
584
584
581
582
579
577
576
579
581
581
581
581
579
575
577
574
580
582
585
586
591
594
598
597
596
592
590
590
588
582
578
579
581
585
587
590
594
599
601
607
606
604
601
598
601
592
590
597
605
612
612
622
626
636
625
623
610
608
608
599
604
604
603
603
604
608
614
618
614
607
598
595
589
587
588
586
589
587
590
588
590
595
598
591
588
587
586
586
583
584
591
596
598
593
595
598
596
588
579
567
563
554
548
544
547
551
552
560
565
568
570
572
573
573
579
576
573
571
573
569
569
574
571
570
566
570
572
572
574
578
584
587
592
591
595
588
588
588
596
600
612
623
619
617
615
610
605
599
601
596
600
594
595
591
593
599
618
625
625
621
613
607
604
599
592
598
606
602
601
607
608
607
604
593
589
588
589
588
587
590
597
602
606
603
600
595
594
593
594
593
594
597
597
596
593
594
589
588
585
587
587
599
601
607
610
608
606
607
609
603
595
592
587
580
581
582
584
596
598
601
605
604
606
605
603
596
595
596
598
592
594
588
598
600
603
602
606
608
606
601
596
592
590
588
583
580
580
576
576
571
573
573
571
571
579
586
595
600
613
618
612
606
599
593
590
588
584
585
587
589
595
600
604
602
596
593
591
587
587
585
584
583
585
589
586
582
579
577
578
578
573
569
571
580
583
592
603
605
599
600
599
599
593
591
589
584
580
584
583
583
585
587
585
585
583
579
582
576
579
577
584
584
589
596
596
593
586
585
586
582
577
582
586
588
590
586
586
589
590
588
582
576
573
568
572
575
577
574
583
582
588
587
584
580
582
582
579
576
577
575
571
571
575
573
579
579
591
593
601
598
598
597
594
591
586
584
583
579
579
578
580
580
584
583
583
580
583
585
588
589
591
589
588
589
589
589
585
586
582
586
587
584
585
586
581
578
575
579
582
581
589
587
585
587
585
585
581
587
593
597
598
603
609
613
614
610
612
608
607
601
596
590
593
596
597
598
594
596
597
599
593
590
594
588
580
584
580
576
574
581
583
592
599
601
601
605
609
604
604
596
589
587
585
586
586
590
582
583
587
593
595
595
596
598
598
596
586
600
622
608
603
604
604
599
599
595
599
595
588
585
579
579
583
583
583
590
586
590
594
593
598
594
593
593
594
597
590
590
583
585
592
587
589
588
597
617
614
611
609
618
610
607
605
600
605
609
604
604
610
626
623
620
626
618
624
606
604
598
595
586
580
581
581
583
586
595
607
604
600
598
598
598
591
588
592
583
580
577
578
579
579
575
578
583
581
576
577
581
583
579
578
581
578
573
575
571
573
570
573
576
579
576
583
586
596
596
599
595
596
599
600
598
596
595
591
584
579
578
579
576
581
587
592
593
594
600
600
601
593
592
596
592
588
593
594
590
579
576
581
581
587
587
584
586
587
588
580
576
576
578
577
571
567
569
575
576
581
584
591
604
603
588
584
577
579
567
566
560
552
549
548
549
544
549
548
550
545
552
558
563
562
569
575
572
571
571
568
572
573
570
567
572
566
565
563
566
568
571
570
569
566
568
564
565
563
565
564
562
569
573
583
583
588
592
596
596
593
583
581
581
577
576
576
574
572
570
573
574
573
572
570
571
574
578
572
572
574
580
580
577
578
580
580
577
575
575
570
567
570
566
565
565
565
569
576
584
588
586
588
585
576
575
573
569
563
568
565
565
566
571
578
587
595
594
589
589
595
589
588
588
580
576
576
571
571
570
565
566
564
564
567
563
563
565
568
565
563
563
567
570
569
572
576
576
577
580
580
581
578
576
576
579
581
584
581
579
575
574
574
574
580
578
580
574
574
572
573
574
574
578
581
580
583
584
583
579
580
581
586
593
589
588
579
577
582
581
577
578
585
587
584
586
590
586
585
585
590
595
600
609
616
617
624
622
616
612
611
601
598
593
595
610
611
607
601
609
604
604
595
586
581
578
574
569
571
572
577
582
583
594
593
596
588
587
591
584
585
581
582
576
576
579
582
583
586
581
582
581
582
583
581
580
576
576
576
577
583
582
581
577
575
576
575
571
572
577
577
582
579
581
584
589
585
582
577
578
575
575
577
572
574
580
578
579
577
582
589
588
586
586
591
595
592
590
585
577
570
566
564
563
565
565
566
570
572
574
572
564
565
567
566
570
569
572
572
573
572
574
574
569
572
573
572
574
573
574
577
576
575
576
579
576
577
580
581
582
580
581
585
591
589
585
584
580
578
571
572
570
570
567
567
568
574
572
575
573
578
578
579
579
581
584
583
586
580
577
579
578
577
583
587
597
608
614
625
625
624
607
596
592
587
582
582
573
573
576
579
583
587
588
592
593
591
595
604
609
600
592
590
588
583
583
579
578
570
565
564
564
566
563
563
563
564
564
571
573
572
580
587
591
592
595
595
593
604
604
606
604
591
586
581
571
563
563
569
575
593
598
603
601
600
597
591
589
585
585
581
585
585
586
585
588
592
592
593
593
592
589
587
583
576
577
574
574
574
576
575
581
583
578
574
574
576
575
573
568
572
575
579
582
581
583
590
588
592
590
585
583
579
577
575
571
573
578
576
574
577
577
577
574
575
573
576
579
577
576
573
569
568
570
568
573
573
574
575
579
581
579
578
582
581
581
580
579
580
584
580
583
585
584
587
583
591
587
590
587
589
589
587
589
592
591
590
584
585
580
583
579
580
577
572
573
576
576
583
581
583
585
589
589
590
589
582
580
576
575
564
564
572
576
577
576
581
580
580
582
587
581
581
578
576
576
576
574
576
577
580
585
591
588
588
594
595
599
596
593
596
593
592
585
587
595
603
597
597
597
596
598
596
597
587
585
585
575
575
572
578
580
584
580
575
586
585
582
577
585
588
592
591
591
590
598
597
588
587
583
582
585
583
581
581
584
589
595
590
589
592
591
592
588
585
586
588
586
585
583
585
587
583
582
586
587
584
586
581
583
593
594
587
586
584
587
582
579
579
580
586
585
588
588
584
589
590
594
591
581
581
587
585
585
583
581
583
578
575
568
572
576
578
580
586
588
595
609
604
603
589
587
583
580
574
571
575
574
574
573
575
580
578
579
570
573
572
570
568
570
568
565
559
557
555
552
549
552
558
566
571
573
574
581
583
580
584
581
582
579
578
578
580
578
575
576
578
577
579
578
576
579
578
577
578
576
575
577
574
570
561
559
551
548
549
541
547
547
549
555
552
554
556
557
561
558
565
566
571
567
573
572
571
570
573
575
571
573
574
568
565
567
569
572
570
569
573
574
573
566
562
553
546
546
553
562
565
566
572
575
584
589
595
595
593
585
581
581
579
579
572
574
575
575
573
569
569
568
563
562
564
568
568
566
567
568
571
576
573
574
574
575
573
573
568
567
565
565
564
563
563
563
561
561
562
560
560
561
562
563
563
561
563
562
566
567
569
574
570
572
574
574
575
579
577
583
588
586
581
579
580
580
580
575
578
571
574
571
577
584
585
579
580
578
580
578
577
570
570
571
565
563
568
570
574
574
574
583
585
587
585
579
572
561
560
555
550
548
551
551
551
556
558
563
576
587
593
590
588
589
584
578
575
575
571
573
572
573
573
575
574
571
576
575
574
577
574
574
574
577
576
576
576
569
571
570
573
573
573
574
577
574
573
581
595
602
595
592
594
597
595
592
581
584
586
583
580
583
580
579
576
574
580
582
585
590
594
600
596
588
585
584
579
576
573
576
578
579
576
580
586
591
588
586
588
591
593
586
584
576
577
577
578
571
569
566
558
555
556
561
564
563
563
568
570
573
572
576
580
579
576
577
575
576
573
569
563
565
564
565
566
567
572
572
572
570
571
573
569
572
574
576
573
571
576
580
578
579
581
587
581
580
577
580
584
586
582
581
577
577
579
577
575
580
585
593
588
588
585
588
584
578
574
568
565
565
566
562
563
566
575
574
573
570
572
574
575
575
570
571
575
572
570
573
574
579
577
575
575
567
564
564
563
551
547
549
547
547
546
550
555
559
565
571
572
575
575
577
576
576
573
565
565
556
560
559
565
568
565
563
565
565
574
573
575
572
573
574
573
571
572
568
564
556
556
551
550
547
549
550
549
553
552
560
566
568
574
573
577
578
578
576
571
568
567
564
563
563
558
557
558
557
557
557
556
549
541
539
534
528
524
521
520
516
510
508
502
497
496
487
483
479
475
469
468
465
458
450
447
447
446
439
436
431
433
429
429
426
421
422
423
425
426
427
425
432
439
443
439
442
446
455
455
456
464
470
472
475
475
476
480
474
478
479
474
473
473
471
470
468
467
459
460
464
462
458
456
457
455
453
453
452
452
450
450
451
451
453
451
451
450
449
443
443
441
438
433
430
429
427
424
422
420
419
417
415
415
415
414
414
414
415
416
416
415
418
417
419
419
420
419
418
417
415
414
415
411
411
410
411
411
410
411
409
409
411
410
409
410
413
418
419
422
423
423
426
426
427
429
430
428
426
423
421
419
417
413
415
410
411
409
407
404
407
406
405
407
406
409
409
416
423
429
443
447
450
463
464
465
470
485
489
485
490
485
483
483
484
485
486
490
490
497
486
485
481
488
492
486
490
491
501
493
491
487
487
497
485
485
488
494
491
490
488
493
492
488
485
484
480
479
478
478
479
477
479
486
485
486
485
486
485
490
490
498
488
496
496
494
491
494
493
492
486
488
484
484
480
482
478
477
468
469
466
464
462
465
465
468
471
474
475
475
474
476
474
470
463
463
458
454
450
456
456
458
458
460
456
456
453
450
453
454
455
457
458
457
457
452
449
450
451
456
452
455
455
458
454
451
450
448
449
452
460
461
465
462
460
462
459
457
456
464
460
459
463
462
461
458
456
456
456
456
457
459
462
459
458
455
457
456
451
448
451
457
460
458
456
461
456
458
452
451
452
453
455
451
453
458
459
457
453
453
453
450
450
446
449
452
449
451
444
448
442
443
441
442
448
446
448
450
444
450
452
453
452
453
452
451
442
439
448
444
446
444
443
446
440
438
438
442
444
447
444
442
445
444
447
451
452
455
459
461
459
456
457
454
449
449
448
455
451
452
447
451
448
449
452
449
451
446
446
444
449
449
447
441
441
450
453
457
454
455
457
456
452
454
461
465
461
462
464
461
457
450
451
454
455
452
456
457
455
454
447
449
456
456
457
459
459
459
456
452
455
459
462
462
466
461
462
462
459
457
462
464
464
466
464
465
463
459
455
453
453
458
456
459
456
453
459
458
450
456
460
458
456
456
454
453
453
452
451
451
448
445
443
440
437
435
434
432
430
428
427
425
424
423
421
421
419
419
