648
650
652
653
1301
646
656
651
650
651
652
654
656
657
659
659
659
658
658
657
664
661
657
656
656
657
657
657
657
658
657
657
656
656
656
657
656
655
657
656
657
654
657
656
657
657
656
658
658
658
657
656
659
658
657
657
656
657
655
658
659
658
657
659
649
652
658
655
656
656
659
659
659
658
659
662
662
661
660
661
662
660
659
660
661
663
660
659
661
663
664
664
666
665
665
664
664
668
666
664
662
662
665
667
668
668
669
670
673
674
672
672
672
671
669
669
668
667
668
665
664
662
663
664
662
661
659
661
663
663
664
664
668
670
673
675
676
675
678
680
679
680
680
681
681
682
680
682
681
680
680
678
680
682
680
679
679
678
681
682
681
682
681
683
683
685
686
686
686
686
686
688
688
688
687
688
688
687
697
697
699
698
700
702
700
705
702
703
705
702
704
705
704
704
704
704
704
692
704
702
700
700
701
701
698
698
699
696
694
694
690
691
690
687
686
685
686
684
685
684
685
688
689
689
693
695
696
698
699
701
701
704
703
702
703
704
703
702
703
700
701
699
697
699
703
700
702
702
701
702
704
703
704
703
703
704
704
705
704
704
706
705
704
705
703
704
703
702
702
702
703
704
703
702
703
705
704
704
703
703
706
705
706
707
707
705
703
703
701
701
701
700
701
700
701
701
700
697
697
699
701
698
698
697
700
699
699
700
699
699
700
698
700
702
701
702
701
704
703
701
698
705
700
698
696
698
701
699
697
698
698
697
698
697
697
699
696
696
697
696
697
700
699
697
701
703
702
702
703
704
703
703
701
700
703
700
699
697
697
697
697
695
695
695
696
696
698
698
695
700
699
697
698
698
697
688
705
705
705
702
703
705
706
708
711
709
710
708
708
711
707
705
712
708
699
702
702
701
700
704
706
709
708
708
710
712
710
714
714
712
711
713
710
709
707
708
708
711
709
710
710
708
708
712
709
707
706
706
709
709
710
710
710
709
712
714
714
715
715
715
715
717
716
715
719
717
716
714
713
709
709
715
702
698
700
705
707
700
700
697
706
709
707
708
710
707
710
717
722
720
717
716
716
721
720
719
718
722
723
718
717
712
720
719
716
714
718
721
722
720
719
721
723
722
722
723
720
723
727
723
717
724
725
720
726
724
722
718
717
718
717
717
716
714
713
712
711
709
706
708
707
709
707
705
706
704
703
703
700
704
698
693
696
691
688
688
685
686
687
686
684
685
686
686
685
682
682
680
681
680
680
676
672
675
677
673
672
669
669
667
665
666
665
662
668
663
665
664
664
663
664
665
666
662
656
663
660
658
656
655
654
657
659
660
659
659
662
663
663
663
665
665
664
665
665
666
667
665
665
665
665
664
664
665
661
661
661
658
662
649
658
657
658
658
658
658
657
658
661
659
660
662
657
661
658
660
658
659
658
657
657
658
657
656
658
659
660
655
654
655
655
652
653
647
654
653
648
651
649
650
650
653
655
654
652
654
652
653
652
652
650
651
648
649
651
650
652
653
652
651
651
649
652
652
651
650
652
654
652
651
653
652
652
651
647
649
652
652
650
652
651
652
661
658
657
654
658
658
658
660
658
659
657
659
659
658
659
656
653
655
660
654
652
654
656
654
655
657
655
656
656
657
658
655
656
656
658
656
657
658
656
656
658
660
661
663
664
667
670
672
675
659
665
685
672
671
674
674
674
674
674
674
674
672
671
671
668
669
669
667
665
665
665
664
665
655
666
663
663
663
664
665
666
666
669
670
671
674
675
674
671
674
679
679
679
679
682
682
682
681
682
683
681
680
680
682
680
680
679
677
679
680
678
678
678
680
681
682
684
683
685
688
687
689
688
689
691
689
688
688
689
689
688
687
687
689
688
688
686
688
690
688
689
689
691
692
691
690
692
693
692
691
691
692
692
691
690
692
691
690
690
692
690
688
688
688
688
687
686
687
686
687
686
687
688
688
687
688
688
688
687
686
688
688
687
688
687
689
687
687
688
690
690
689
688
689
691
691
690
690
688
691
691
691
691
691
693
694
693
694
693
695
697
697
696
695
698
699
700
699
697
700
702
702
702
702
704
704
703
705
704
707
707
704
704
705
705
705
704
705
704
703
703
702
703
703
702
701
704
704
704
705
705
706
705
709
708
707
706
706
707
707
707
703
703
708
708
703
703
714
704
691
692
701
469
928
696
693
694
690
696
690
696
696
709
694
691
699
701
697
701
708
704
702
701
701
698
701
710
708
706
706
706
709
715
715
714
713
715
717
716
714
718
719
717
715
719
722
722
721
722
726
729
729
728
727
726
730
733
734
733
731
729
737
740
736
729
743
744
738
740
737
742
741
741
738
736
735
744
739
733
731
726
727
731
737
728
728
730
728
728
732
727
727
724
723
724
733
731
728
728
736
736
738
740
748
750
751
752
757
759
758
756
753
756
758
755
752
750
751
755
754
753
752
752
757
756
756
755
760
760
759
757
757
761
762
760
758
766
764
764
761
762
767
762
757
765
761
757
757
760
760
755
756
758
760
757
760
759
756
757
755
754
764
758
754
757
756
752
755
763
758
757
758
754
757
761
762
764
764
762
764
766
770
771
771
773
772
772
772
770
778
776
771
772
775
772
771
771
774
771
772
768
771
774
771
769
771
776
773
768
775
774
774
774
775
781
778
781
773
784
790
783
781
778
775
779
781
777
775
775
772
776
776
774
772
778
775
776
774
778
774
776
775
773
777
774
771
770
773
771
769
774
772
771
771
777
775
774
771
777
776
775
771
774
774
774
771
777
776
776
772
771
774
770
771
771
769
777
776
774
772
776
775
777
780
783
784
780
774
776
782
781
773
779
779
775
773
780
779
777
776
772
772
779
775
774
776
775
773
780
783
780
780
785
782
785
786
786
783
787
789
786
784
791
787
785
786
782
784
788
786
785
782
783
788
787
781
785
784
781
782
778
785
787
784
781
788
783
790
790
786
789
788
787
787
789
790
787
789
783
793
787
784
784
784
789
783
779
789
789
785
784
784
784
782
784
793
788
787
785
784
787
790
789
793
792
793
797
798
796
801
800
800
795
799
804
802
795
795
801
801
795
791
790
797
795
793
794
791
796
798
798
798
796
799
799
797
794
795
796
793
789
789
792
789
788
790
792
788
792
792
786
787
787
809
797
792
787
790
788
794
797
791
789
796
794
791
790
790
790
789
789
796
792
793
789
793
789
798
794
793
795
795
790
789
785
783
784
783
783
785
784
783
784
785
785
779
779
782
779
782
783
788
786
783
788
784
785
783
784
791
787
787
786
786
794
791
795
794
797
796
796
793
793
799
799
798
796
796
808
800
801
799
800
809
803
800
798
794
793
802
801
795
795
794
797
797
794
800
799
800
799
799
806
805
802
806
809
806
801
802
810
806
804
804
802
804
810
805
804
803
807
804
806
808
806
802
805
807
802
807
806
805
806
800
806
811
809
808
807
813
812
811
811
810
814
813
811
810
810
807
813
811
808
807
805
811
807
807
803
802
808
805
803
801
808
804
800
801
807
804
799
799
807
804
801
800
798
803
801
800
801
802
800
799
802
803
802
800
805
803
799
800
805
802
801
797
804
802
799
801
796
801
799
808
804
799
795
793
803
805
806
802
802
803
806
809
806
806
802
803
808
804
804
802
804
810
808
805
804
803
810
807
806
805
804
807
812
810
809
808
808
806
813
808
811
810
808
812
809
806
800
809
826
809
810
804
802
804
808
809
810
810
815
812
809
808
808
812
810
808
809
807
809
811
809
808
809
809
810
809
810
812
813
813
813
810
811
816
815
813
808
807
815
813
809
805
810
810
810
806
810
808
806
807
805
804
809
808
804
807
805
805
805
804
803
802
800
806
805
803
803
801
801
807
805
803
800
806
802
800
799
803
800
798
800
799
798
797
795
800
800
799
799
798
796
802
795
795
797
794
795
795
792
799
794
794
797
799
799
799
804
804
804
803
801
805
799
795
802
799
797
797
796
798
797
800
799
798
797
794
799
798
796
794
794
801
798
796
793
800
797
795
800
801
799
799
798
798
796
799
803
801
801
801
800
800
807
802
802
799
801
806
802
799
800
804
802
798
800
800
800
798
797
795
798
801
801
800
800
805
801
800
808
805
803
800
803
804
801
799
802
800
794
797
797
801
794
794
793
792
796
803
795
798
801
799
795
794
795
795
796
803
799
797
796
797
799
796
793
794
799
796
795
794
792
793
798
794
791
788
796
795
794
793
794
798
799
800
799
797
803
801
800
799
795
800
798
794
792
792
800
795
793
791
791
797
794
794
792
793
796
792
795
794
796
795
793
795
800
798
796
795
803
800
797
795
802
799
798
794
798
804
799
798
796
803
801
800
801
800
797
803
800
799
799
795
795
801
798
797
796
795
794
800
798
796
794
794
800
797
797
795
795
800
798
797
797
795
800
800
795
794
800
797
794
795
798
794
792
800
799
797
798
796
793
801
797
796
795
796
798
796
794
796
797
794
792
791
789
789
798
797
795
794
794
798
799
801
797
799
803
800
797
795
798
795
791
793
794
791
787
786
792
787
784
781
782
785
782
781
779
779
784
781
780
777
777
782
778
773
773
777
772
771
768
768
772
770
769
766
764
772
770
769
769
768
771
771
769
767
766
771
768
767
764
765
770
766
765
764
763
769
765
762
761
767
763
761
760
761
762
759
756
755
757
759
760
761
756
752
750
752
754
757
756
756
754
755
758
754
754
757
757
755
755
753
754
760
757
755
752
757
758
756
752
754
759
756
753
755
760
757
756
754
754
758
756
755
753
758
755
757
754
752
755
757
754
754
752
754
757
754
753
752
751
757
754
754
753
752
759
757
755
752
752
758
755
753
751
752
756
753
752
749
753
753
749
750
752
748
746
745
750
749
744
748
749
746
744
745
750
747
744
747
750
745
744
752
749
747
746
745
748
751
749
747
747
751
747
747
750
748
749
748
747
754
752
749
752
754
753
751
759
757
755
756
760
758
756
756
760
761
759
756
757
761
759
756
756
761
759
756
757
758
758
757
755
756
762
758
757
754
758
761
759
758
756
760
761
758
757
765
761
758
757
763
761
760
758
756
762
760
758
756
756
761
758
753
751
752
754
751
749
747
751
753
750
749
746
750
752
750
748
748
753
751
750
749
752
753
750
750
752
751
751
749
751
753
751
748
748
755
751
749
753
754
752
753
756
755
755
753
754
759
757
756
754
758
758
756
754
754
760
756
756
754
758
760
757
756
754
756
759
757
757
755
754
756
756
756
758
756
756
754
755
760
759
759
757
753
756
757
760
764
758
757
755
757
758
757
760
762
757
761
756
752
749
752
754
751
749
748
747
751
747
743
744
746
741
736
738
739
737
735
733
736
736
736
736
733
738
739
740
738
742
742
741
747
745
744
750
748
746
747
753
752
750
749
753
756
754
753
752
754
757
752
752
756
751
747
746
750
746
746
743
742
749
744
742
742
747
741
740
742
741
738
737
740
738
736
733
735
739
736
734
736
738
736
735
739
739
735
740
739
740
739
738
742
739
741
746
741
739
739
744
741
739
737
743
742
737
737
743
740
739
738
744
740
736
738
741
739
736
738
741
738
737
737
742
741
739
742
745
742
741
741
745
747
744
742
742
746
746
742
742
748
746
745
743
746
748
747
744
747
751
746
746
749
746
744
746
748
746
745
743
744
749
746
742
742
748
745
742
744
748
745
743
743
749
745
742
749
746
742
748
747
743
743
748
746
744
744
749
746
745
743
748
743
744
743
745
748
741
736
741
743
741
737
741
741
736
732
730
732
733
729
728
726
728
724
721
716
720
717
715
715
715
714
717
717
714
718
718
718
720
721
721
721
720
720
720
720
721
722
711
723
723
720
718
716
720
718
716
716
717
718
720
719
719
718
719
716
719
715
716
717
715
715
715
713
714
714
714
716
716
716
713
714
716
713
712
714
710
706
705
705
703
701
702
703
703
703
702
702
701
703
701
701
700
699
701
706
705
702
703
703
704
705
703
702
702
702
700
698
698
699
697
699
697
695
696
694
694
692
690
690
691
691
692
691
690
692
691
694
693
692
691
691
688
692
693
692
688
694
693
694
692
694
695
696
697
697
697
698
697
697
696
699
697
695
694
692
694
695
694
694
696
695
694
694
694
696
697
697
698
700
700
702
701
701
701
701
703
701
701
701
700
701
703
701
700
700
697
692
692
714
698
695
694
695
696
696
699
699
702
704
706
706
707
710
711
709
710
713
710
710
709
713
714
712
712
713
714
709
718
716
716
717
718
719
721
721
722
721
717
723
723
719
720
720
718
722
722
720
721
717
719
719
720
716
716
541
808
730
715
712
704
503
881
727
715
718
716
712
717
733
728
725
722
723
723
734
727
733
735
734
735
736
738
736
732
734
745
743
738
736
732
730
739
737
732
729
729
735
736
732
732
734
734
735
733
736
747
745
744
742
749
745
743
741
752
751
749
750
741
755
754
746
745
755
752
751
751
750
751
748
745
747
755
753
751
751
751
751
750
749
745
743
757
753
749
746
747
744
738
747
755
751
746
748
748
747
749
749
746
753
750
745
748
751
756
751
749
748
743
740
754
751
747
743
743
756
749
749
741
748
751
749
749
748
747
754
753
750
752
751
746
753
757
756
756
747
757
760
757
751
751
764
762
758
759
758
755
750
758
757
752
749
760
756
754
752
754
761
760
761
760
773
773
774
772
771
769
772
774
772
771
767
774
771
771
769
764
773
771
771
771
765
770
770
771
771
773
771
770
770
777
772
777
776
776
776
773
770
777
775
777
775
774
770
775
776
773
772
769
767
775
771
769
761
763
776
769
768
763
759
756
760
764
756
756
753
753
748
749
758
753
750
748
744
746
750
745
743
741
745
748
747
748
755
755
754
767
768
768
761
772
769
769
768
766
759
763
764
763
762
756
760
759
754
759
765
764
764
765
763
760
769
764
772
766
761
764
771
763
769
766
763
772
771
768
764
767
776
773
771
769
770
775
770
771
777
771
771
767
771
774
771
771
766
765
770
772
787
777
773
771
776
777
779
779
777
768
779
771
758
771
761
759
756
755
753
752
751
754
753
753
755
755
755
761
760
760
759
758
765
763
762
759
761
760
765
758
750
753
764
756
747
757
751
747
777
761
752
754
751
747
751
750
749
750
746
744
752
745
743
743
742
742
740
741
744
743
746
748
749
751
753
754
755
759
767
766
752
771
775
779
778
776
771
779
781
780
779
777
775
770
765
772
769
763
763
761
759
756
754
755
759
754
754
754
753
750
754
759
760
760
762
764
767
769
761
774
774
771
771
768
764
775
769
769
767
763
763
761
765
762
760
765
765
764
761
761
761
761
763
764
763
760
763
768
764
763
762
761
771
765
767
770
770
770
768
767
763
763
768
764
764
765
762
764
764
765
763
762
763
759
759
765
761
760
760
759
756
757
763
757
755
753
755
760
758
759
756
757
762
760
759
759
757
758
758
757
760
757
759
759
752
762
758
753
765
759
758
755
757
763
763
761
761
762
762
756
757
764
759
754
752
757
758
756
755
752
747
748
754
750
745
744
754
748
750
745
741
753
748
746
747
742
738
745
743
743
739
741
739
740
735
737
745
745
742
739
734
740
748
747
747
749
750
750
749
752
755
756
755
753
752
753
752
746
751
755
749
748
749
746
745
746
752
747
745
743
751
747
745
746
748
747
749
752
753
754
755
754
752
755
761
757
756
753
753
759
760
757
752
754
751
752
755
752
750
750
747
753
750
748
747
750
753
747
748
752
750
750
751
756
757
754
751
750
750
755
750
749
754
750
750
747
747
745
737
743
746
743
742
738
744
741
742
736
737
729
732
727
727
716
716
721
714
709
711
706
706
703
702
700
696
703
698
697
695
696
697
697
698
698
700
699
698
701
703
702
699
699
699
701
699
700
698
698
696
696
697
700
699
701
701
701
704
704
704
704
703
703
703
702
700
699
698
699
697
698
697
697
695
699
697
697
695
696
698
694
698
698
698
697
699
699
700
700
700
699
700
699
702
700
699
700
699
699
698
696
697
697
698
698
697
699
696
697
700
701
700
700
699
700
701
701
702
701
701
702
696
698
705
709
698
691
691
690
693
695
698
701
702
705
704
704
702
701
700
697
698
699
697
699
698
697
695
696
693
695
693
696
698
697
699
698
698
701
701
702
701
702
702
703
702
700
701
699
700
699
699
698
691
696
701
693
698
688
694
688
689
688
685
688
694
695
692
691
692
700
703
705
706
706
710
716
718
719
720
720
719
723
723
719
719
722
721
719
718
719
720
721
719
723
724
722
722
726
727
727
726
728
729
729
728
730
732
732
730
735
739
738
738
734
737
738
739
740
736
737
740
737
733
733
735
735
732
733
737
737
738
741
740
744
743
744
742
743
742
741
738
738
738
737
736
734
737
739
739
736
735
738
742
743
740
733
734
739
735
734
736
734
732
736
737
735
732
732
734
735
734
733
733
731
730
735
734
735
734
734
735
740
741
741
742
743
744
744
747
747
746
746
746
745
743
741
740
745
745
746
745
747
749
748
748
748
748
749
748
746
743
742
743
741
741
740
744
746
745
743
744
745
747
746
747
748
752
750
745
743
741
744
746
743
741
737
733
742
740
739
736
741
742
739
737
746
746
743
741
744
744
746
745
745
745
747
748
747
745
745
748
751
751
748
747
747
752
751
750
748
751
752
753
756
754
752
753
756
755
753
754
754
753
751
750
753
753
755
754
755
760
761
761
758
761
763
762
763
761
765
767
763
759
762
765
763
764
761
757
760
759
752
756
752
752
754
751
750
749
754
751
756
751
749
754
753
753
754
756
756
757
756
759
759
759
758
759
763
762
761
761
763
760
760
765
764
763
760
760
759
762
762
759
759
762
761
760
761
759
756
758
760
760
759
759
758
760
761
763
762
763
766
765
763
762
763
762
760
755
757
758
756
756
755
755
756
756
755
754
756
755
755
753
754
753
754
753
752
751
750
752
750
747
748
747
749
749
748
748
746
747
751
747
747
746
747
746
744
740
743
741
739
739
737
733
732
735
732
731
730
731
730
729
730
733
733
733
732
733
736
736
737
738
740
740
740
739
740
742
741
739
740
741
739
738
740
738
737
736
738
737
737
736
738
736
736
735
739
735
733
731
731
732
731
729
729
730
730
729
731
731
732
734
734
734
734
736
736
735
735
735
737
735
734
734
735
734
732
732
734
733
730
730
729
730
730
729
728
728
728
731
730
730
731
734
736
735
735
735
735
737
737
735
734
733
736
735
733
732
732
735
733
730
730
731
732
731
729
730
730
732
730
729
725
729
730
729
725
726
727
726
724
727
728
726
725
726
726
725
726
725
727
727
725
724
724
725
724
723
721
720
723
723
724
722
722
722
725
726
727
726
728
729
729
729
730
733
733
733
737
738
737
736
739
738
738
736
737
738
734
732
731
734
733
729
728
726
729
730
729
728
729
730
729
727
730
730
729
729
729
732
730
730
729
728
730
732
732
731
730
731
733
734
733
732
730
732
733
731
732
731
731
733
733
732
732
731
733
731
729
729
729
728
727
728
728
728
727
727
729
732
731
731
733
733
735
737
739
742
740
739
739
741
741
740
738
737
737
739
736
734
737
736
732
729
729
725
718
715
720
718
714
712
712
708
711
709
708
706
708
705
704
701
709
707
708
706
708
714
720
710
703
705
707
707
706
707
706
705
704
705
703
706
706
704
704
709
708
708
708
707
707
706
707
709
708
708
707
708
707
708
708
705
708
706
711
710
708
709
708
709
707
710
710
711
712
713
711
711
710
709
710
707
708
709
706
705
705
704
704
702
705
703
702
704
704
705
704
705
708
709
710
711
708
710
709
708
705
704
704
701
700
701
697
696
695
698
704
698
698
698
699
702
703
702
702
703
703
702
701
702
701
696
696
702
696
696
697
697
698
698
700
701
700
701
703
703
702
701
699
702
700
699
700
698
700
698
696
696
697
696
695
694
695
693
693
692
693
693
691
691
691
693
692
691
691
691
693
692
692
691
690
691
691
689
688
689
690
689
690
689
691
691
690
688
687
686
686
687
689
686
683
683
684
684
687
688
689
688
689
689
689
689
690
689
690
688
688
689
682
683
690
685
685
686
683
680
677
679
680
686
683
681
685
690
691
689
689
687
688
694
694
693
693
693
690
696
697
696
695
698
698
699
700
706
704
702
702
701
696
699
704
710
703
702
701
701
703
711
709
709
711
711
713
719
717
717
716
717
716
714
717
720
722
718
717
716
714
721
722
722
720
715
714
719
729
721
717
718
715
713
712
709
709
722
718
716
717
718
714
713
715
724
723
721
722
719
723
724
724
721
722
729
727
721
719
726
721
718
727
725
721
717
727
725
721
717
729
727
728
728
729
729
730
731
731
729
727
738
734
731
727
726
729
736
732
730
731
731
729
741
737
742
741
739
735
735
746
744
739
742
741
742
744
744
741
740
744
751
745
742
742
751
749
748
750
748
748
754
753
748
749
752
747
746
749
747
745
750
749
748
749
746
744
750
748
745
741
748
739
740
745
744
741
735
737
746
743
740
737
738
735
739
737
734
731
733
733
733
731
732
734
734
733
732
730
729
735
733
732
735
734
732
738
735
735
739
741
740
741
737
735
733
740
736
733
736
739
737
733
732
734
730
734
739
737
734
733
732
731
740
734
734
732
730
736
733
731
731
735
732
731
730
729
729
730
728
732
732
735
734
732
734
732
731
736
742
738
738
739
737
738
736
731
739
740
737
734
734
730
735
731
729
741
739
740
737
738
735
737
745
741
742
740
738
743
745
740
739
736
738
747
741
738
739
739
739
738
740
745
743
738
748
747
746
743
743
741
740
738
735
731
735
742
735
730
730
730
730
733
733
728
736
740
740
745
744
744
746
746
749
748
746
752
744
741
751
750
744
742
741
738
741
735
736
743
743
741
740
740
736
734
745
744
742
740
739
738
735
738
746
740
740
739
742
740
738
736
742
757
743
741
740
740
739
736
743
745
742
740
745
744
748
748
747
749
749
746
749
754
752
753
753
750
748
748
754
752
748
748
748
750
752
753
755
752
755
761
761
760
760
760
757
753
753
760
757
754
752
755
751
750
750
752
754
757
756
756
755
757
754
749
752
761
759
756
755
755
757
755
758
758
754
762
763
757
754
766
763
761
762
762
755
756
765
760
755
757
759
763
759
758
758
755
763
761
760
756
755
752
754
758
754
752
750
748
750
749
748
749
754
750
750
750
752
751
756
751
752
753
756
752
746
754
753
759
753
753
751
743
759
756
750
748
753
750
749
749
748
760
757
755
754
756
752
753
765
762
761
763
762
766
762
766
768
773
771
771
770
771
772
771
769
763
767
775
771
770
768
767
766
763
773
775
773
772
771
768
774
774
774
773
777
775
778
774
777
776
779
783
782
779
779
779
773
773
523
942
794
781
777
772
773
782
777
780
781
779
775
777
786
783
782
779
775
783
783
780
779
777
777
773
776
783
776
772
772
771
768
763
771
772
768
765
763
763
759
760
755
750
766
758
761
758
753
760
766
761
763
762
764
765
762
759
765
771
769
771
772
767
766
774
773
769
763
768
769
764
767
767
758
767
762
763
760
762
765
769
767
764
766
760
758
760
775
768
765
762
759
759
770
763
762
762
764
763
766
764
767
777
771
765
772
776
772
771
771
772
772
771
768
768
780
776
771
768
779
776
777
775
777
779
774
782
779
776
774
777
781
779
779
780
782
783
783
774
786
789
784
783
776
786
778
778
782
777
770
782
777
773
773
771
779
777
773
771
769
780
778
774
774
773
774
769
776
781
775
773
771
770
782
777
774
771
777
773
770
768
779
778
771
772
772
773
771
773
773
772
772
770
764
767
779
774
768
770
771
771
772
772
772
774
772
769
769
780
776
774
773
771
771
768
774
772
775
772
772
768
771
771
768
769
767
765
769
765
765
763
766
768
767
765
762
763
769
767
764
759
763
768
766
764
758
758
755
761
760
760
761
759
762
763
761
761
767
764
763
760
763
768
763
760
762
765
763
759
758
765
763
757
763
760
757
757
756
754
759
757
754
758
758
757
754
759
758
753
761
762
757
754
760
767
764
764
765
759
771
768
767
753
773
771
768
767
763
764
774
771
771
767
766
776
777
775
774
773
774
773
774
774
771
771
778
776
772
771
768
769
774
772
771
769
767
766
766
774
771
770
771
770
766
777
771
771
771
773
772
768
771
777
776
775
772
768
777
774
773
770
769
783
776
773
771
771
769
766
774
775
769
766
763
763
772
768
768
767
764
771
772
773
774
773
773
765
778
776
772
768
771
777
772
774
771
768
768
780
775
773
773
773
772
772
771
772
777
778
773
772
770
771
779
774
773
774
775
776
776
774
782
780
778
780
779
775
774
783
779
780
779
778
778
779
780
780
774
775
785
783
777
778
777
777
777
777
777
772
773
781
784
779
779
780
780
780
780
779
778
777
774
773
782
782
779
778
776
774
771
772
778
778
777
777
776
773
780
776
775
774
772
770
774
771
768
759
771
767
768
765
763
761
768
767
763
762
758
760
760
758
759
756
754
759
759
757
753
751
758
754
753
750
751
753
754
747
746
753
755
750
746
744
749
745
743
742
747
745
747
744
747
751
747
744
744
744
748
744
735
738
738
732
729
735
732
730
730
729
732
734
733
736
738
739
735
738
741
742
740
736
744
744
742
738
736
740
744
742
739
738
736
740
739
738
736
735
740
738
735
733
737
739
735
729
729
731
738
738
733
727
726
725
719
721
721
720
719
719
723
723
720
720
719
720
724
721
720
721
721
718
724
719
721
725
723
724
725
723
726
728
727
729
729
729
729
732
731
730
730
732
729
729
734
733
733
731
731
734
734
731
733
736
732
737
737
736
734
733
735
736
735
729
740
734
733
737
737
738
735
732
735
741
738
736
736
742
737
738
743
741
738
741
741
739
737
743
745
742
739
738
737
743
740
739
738
740
739
737
741
739
739
740
741
738
739
745
741
742
739
739
748
744
737
747
746
746
742
737
743
743
741
740
739
738
742
741
741
741
739
741
744
743
741
744
747
746
744
742
748
749
746
742
739
740
745
741
735
743
738
734
738
743
740
739
738
736
740
741
737
743
737
735
740
739
737
737
744
740
740
741
736
738
742
738
732
740
743
734
732
729
730
730
729
734
731
730
731
729
729
732
731
729
735
732
730
729
734
733
733
731
731
738
735
731
734
735
731
736
739
737
735
731
737
733
731
739
737
736
732
738
738
731
730
732
734
731
723
725
724
722
726
722
719
717
716
717
714
712
711
708
705
707
704
701
701
700
699
693
702
693
691
691
692
690
686
684
686
686
682
679
680
684
685
686
688
689
688
690
689
691
690
690
691
690
689
688
689
691
688
691
689
688
685
686
700
693
688
687
689
690
691
691
690
692
690
691
690
691
691
690
690
689
688
690
688
688
688
688
688
689
688
690
690
691
691
692
693
695
697
696
698
696
700
704
704
704
707
706
708
708
707
709
708
706
709
706
707
705
706
703
706
703
702
701
699
701
702
701
703
702
706
707
708
708
709
710
711
711
711
710
709
705
704
700
703
698
698
693
695
697
696
695
697
697
696
696
697
696
698
695
697
694
696
693
696
695
693
696
697
694
694
696
694
695
693
692
692
691
693
692
688
696
691
689
693
693
695
696
693
695
692
698
694
692
691
690
691
689
689
689
688
688
685
686
686
684
683
680
682
682
681
681
679
679
680
681
679
677
677
677
676
674
675
674
673
673
672
670
671
670
670
669
669
668
665
669
667
669
671
668
669
668
667
669
668
668
667
666
669
669
667
666
666
668
665
661
667
663
660
660
662
661
662
661
659
659
627
670
658
654
653
654
654
655
659
660
661
662
662
662
666
668
668
669
670
669
669
670
672
671
672
670
673
673
671
674
674
675
675
673
673
674
674
675
675
674
675
676
674
679
677
677
676
676
676
676
674
673
673
673
672
670
670
669
668
667
667
667
666
664
669
666
664
663
664
665
664
668
667
