695
707
712
714
718
727
717
726
731
722
727
730
712
712
716
703
702
707
697
704
697
696
702
700
699
700
700
691
694
680
683
673
681
681
680
683
676
683
678
682
679
688
682
687
679
681
672
676
671
671
669
649
657
662
669
676
675
668
682
678
676
675
679
690
694
692
706
705
707
710
714
717
718
703
715
701
678
677
691
675
675
689
675
681
672
677
677
698
699
713
719
727
720
720
716
704
703
702
694
686
685
671
673
679
683
687
688
693
694
684
689
692
695
687
689
691
691
685
675
675
665
658
649
651
647
643
652
652
645
650
657
657
647
657
657
647
658
647
654
649
646
648
650
649
640
650
650
645
648
648
640
648
646
639
646
642
644
644
651
643
648
647
640
636
640
648
636
633
635
647
634
645
650
654
652
651
646
649
656
642
648
654
658
660
665
667
671
662
660
670
675
681
681
681
675
668
668
660
658
661
658
658
659
657
642
653
654
651
646
650
653
656
645
647
652
658
664
662
664
659
658
658
656
638
638
645
633
646
647
649
646
660
642
687
676
679
681
685
688
686
686
678
682
685
667
681
679
688
695
689
689
698
701
690
706
712
697
715
718
711
716
725
726
714
729
727
741
728
740
745
733
745
741
746
729
732
738
745
732
741
747
749
737
747
746
748
736
743
750
753
749
742
762
744
739
741
736
733
731
740
724
719
712
707
709
700
685
700
693
703
703
703
708
700
711
704
711
703
720
708
715
721
719
730
725
717
711
704
710
696
673
683
688
690
696
690
709
712
711
725
719
724
732
725
731
729
730
716
709
712
712
700
698
708
700
698
717
704
706
724
718
726
745
729
732
747
741
733
746
732
726
741
733
723
734
723
726
738
722
731
721
737
722
734
732
726
738
739
723
736
736
723
734
721
733
739
735
723
736
731
721
724
724
728
729
728
709
712
710
694
688
699
682
684
705
706
712
708
736
743
739
746
748
739
739
737
736
726
720
711
702
712
693
708
716
703
720
722
720
731
725
739
734
735
749
751
738
756
755
741
744
747
734
741
736
725
729
731
717
718
726
716
720
730
726
724
734
734
723
734
737
723
734
730
723
729
732
722
723
728
717
708
720
710
698
697
701
701
692
703
716
698
718
708
725
734
742
729
733
735
721
722
729
719
718
691
711
698
681
691
687
688
696
703
702
708
687
687
693
692
694
710
706
705
708
703
722
714
715
707
725
707
729
701
728
702
689
726
766
743
738
735
732
730
727
721
707
716
707
679
692
697
688
685
693
682
689
703
690
715
701
711
692
707
698
697
691
676
683
684
689
676
693
693
685
677
670
678
662
677
659
670
668
677
657
682
660
672
660
664
671
654
677
669
664
677
659
675
676
670
678
667
666
674
656
661
665
667
658
669
657
669
678
669
665
680
679
667
686
686
676
690
687
682
680
684
668
693
687
668
693
688
677
691
688
675
697
682
685
694
685
696
695
680
691
679
677
675
677
679
671
683
685
687
699
708
708
709
723
718
716
719
713
711
709
710
699
697
703
690
690
690
687
682
685
688
688
682
683
687
689
687
694
717
716
742
755
755
747
761
779
791
786
764
746
743
725
718
725
716
719
745
751
757
759
758
759
750
738
730
718
708
696
688
681
671
666
655
657
670
697
710
743
786
828
834
850
808
836
829
807
795
773
771
759
753
758
756
767
754
764
773
767
759
766
757
738
740
743
733
736
746
751
749
756
765
772
765
767
773
774
773
771
779
772
783
779
770
773
774
763
771
771
768
761
771
771
762
768
766
760
761
770
763
755
766
749
754
763
752
749
755
752
750
753
755
756
749
750
760
756
749
754
757
750
749
754
755
745
752
755
744
742
748
748
741
740
748
746
734
737
739
731
729
736
737
729
734
732
725
723
724
725
716
718
721
723
718
721
724
721
720
722
723
717
721
722
720
715
718
720
716
716
723
729
725
724
735
732
729
727
734
729
729
728
727
723
717
715
711
706
706
707
708
706
713
719
725
717
713
714
709
698
707
699
696
692
697
688
690
688
676
676
679
672
663
668
669
657
664
675
676
691
697
716
707
729
737
743
738
712
722
711
704
706
710
714
711
700
706
700
707
713
703
714
724
727
729
726
719
713
705
699
691
688
688
690
693
708
726
742
753
756
748
760
750
754
750
743
744
744
737
746
744
749
734
738
732
740
739
743
734
734
737
800
802
805
798
784
780
757
759
750
749
737
744
735
743
741
739
737
741
747
749
736
733
738
734
733
739
738
739
736
732
722
724
723
718
716
713
715
710
705
694
691
697
695
687
692
695
702
703
703
708
704
704
699
706
707
707
714
716
720
716
716
720
721
726
720
723
717
723
728
727
727
729
732
734
737
738
745
735
740
728
732
728
718
726
720
713
718
715
724
719
720
712
718
726
726
729
724
729
729
730
733
733
726
736
733
730
735
729
722
727
724
732
726
729
729
726
719
721
719
723
718
721
725
729
724
729
732
736
734
737
735
732
728
730
721
724
715
722
720
715
719
723
725
726
723
729
729
722
729
727
725
724
722
717
717
713
717
712
718
723
720
725
734
729
726
727
725
728
726
730
733
733
739
747
744
738
739
727
730
726
715
718
716
722
714
721
724
725
727
728
737
736
741
739
729
731
735
727
729
726
719
718
717
714
720
723
718
715
712
715
721
718
726
724
728
723
728
716
719
719
723
722
725
725
716
718
721
725
719
723
717
719
721
716
720
724
727
733
723
732
726
719
712
700
715
699
693
700
688
684
688
684
688
687
682
684
681
681
668
672
669
659
672
658
675
675
686
718
748
767
769
765
763
762
765
768
753
759
758
729
753
740
724
736
729
717
720
721
724
709
720
718
717
721
713
723
721
715
725
727
718
729
731
729
729
725
734
718
718
708
697
679
708
684
675
663
676
671
672
673
671
671
685
693
700
702
705
708
729
746
736
726
723
716
706
693
689
686
680
675
657
662
646
650
643
646
633
640
638
631
634
632
645
661
680
691
679
685
669
676
674
678
669
671
671
666
668
666
664
664
660
661
653
646
652
650
644
646
650
646
646
653
660
662
659
667
671
671
668
674
671
665
667
666
665
659
657
651
651
650
647
645
646
646
645
646
646
642
645
646
645
645
647
643
646
646
644
642
646
646
638
640
639
633
636
640
637
638
646
645
646
652
651
653
660
656
654
662
661
656
661
651
647
647
644
640
643
643
644
644
650
649
643
652
646
640
645
646
643
647
635
646
638
645
641
648
656
668
670
664
665
668
657
660
654
651
662
671
654
670
674
672
676
681
669
686
657
648
670
649
664
666
687
686
687
686
688
673
684
689
672
679
666
671
681
660
673
667
656
664
661
669
661
667
671
668
661
652
642
657
654
644
654
664
664
665
670
673
676
678
666
672
675
668
665
670
677
664
671
674
677
675
674
674
671
667
656
670
671
677
671
680
688
689
688
690
692
692
688
688
682
681
662
673
671
674
667
678
677
672
688
704
714
710
732
721
733
737
729
739
739
726
738
734
728
736
737
725
736
730
725
724
717
711
708
703
704
707
706
714
715
725
726
722
724
725
719
722
719
709
712
704
697
696
681
683
669
688
677
658
660
672
662
678
686
685
704
707
716
715
707
706
708
693
698
693
669
683
669
665
674
670
666
685
667
675
688
688
697
691
721
726
722
739
746
739
737
743
729
736
733
711
720
728
725
712
728
704
718
693
713
720
703
719
710
715
724
710
727
724
722
727
715
712
701
690
709
710
696
714
708
701
699
710
715
701
713
704
694
708
697
683
700
689
692
701
684
702
698
699
679
699
687
678
692
675
685
698
696
697
686
683
670
676
663
657
656
645
658
646
660
661
658
675
691
703
697
705
690
698
694
683
676
678
674
669
655
660
669
676
660
680
685
693
693
688
683
684
685
684
693
675
682
689
683
696
695
688
710
688
704
694
684
699
685
699
700
688
693
695
686
705
703
694
689
702
690
704
715
709
702
712
690
705
698
681
702
697
679
697
682
700
688
701
702
688
704
689
691
689
672
688
679
669
688
680
672
683
675
673
688
671
688
691
689
703
708
699
716
701
701
707
698
702
687
681
675
691
699
701
695
697
694
692
699
682
691
679
682
694
681
697
705
709
704
712
719
708
715
700
712
709
686
704
688
675
685
676
670
693
680
676
702
714
700
705
718
703
715
704
696
707
689
698
712
706
696
708
690
704
691
699
690
696
702
708
697
714
713
711
716
707
694
699
699
693
695
687
688
685
713
723
719
723
723
728
723
727
723
714
714
711
711
710
708
710
703
699
706
703
709
709
714
726
733
722
728
735
748
737
745
746
738
734
748
743
739
741
743
733
737
747
742
738
735
743
742
737
719
727
708
706
706
694
684
694
680
681
683
682
688
672
676
677
684
686
686
702
693
723
734
739
740
765
756
756
761
743
748
731
731
732
716
712
727
719
710
724
716
710
724
719
712
726
729
723
725
725
714
726
727
721
730
737
737
730
738
738
727
729
732
730
725
721
724
720
701
698
694
693
683
674
668
666
672
671
668
680
690
684
689
698
691
695
705
699
696
691
688
687
684
671
669
671
659
664
665
676
684
690
700
697
689
695
700
702
699
701
710
707
712
717
715
704
716
712
701
712
705
704
719
718
718
724
727
716
716
708
695
696
692
683
686
682
675
674
665
684
675
667
682
684
669
679
682
673
671
679
698
727
695
725
732
698
729
721
708
708
705
696
684
682
675
670
668
664
650
661
661
664
670
679
681
678
682
683
677
662
668
671
660
654
655
650
636
650
650
649
653
670
666
659
677
670
669
680
673
686
690
690
685
677
688
673
684
684
680
673
665
670
677
671
681
685
682
679
690
696
692
687
689
699
702
694
693
695
691
690
700
698
688
716
698
706
710
711
692
710
701
689
684
680
713
711
716
699
712
717
722
728
728
727
724
718
700
693
685
687
685
676
679
667
684
677
690
700
706
711
712
703
697
708
701
700
737
707
717
708
709
718
718
722
716
729
739
760
780
799
813
805
783
791
792
795
774
770
788
791
772
811
822
812
818
841
814
797
779
772
768
760
747
757
750
766
785
776
773
778
765
784
764
774
791
806
790
817
827
806
806
803
816
810
801
828
835
826
803
817
810
787
779
775
779
771
761
793
791
773
773
787
789
782
771
776
767
753
750
759
754
744
738
794
857
800
786
802
788
774
755
753
744
725
737
741
749
737
753
778
832
785
817
874
813
814
816
805
782
782
771
762
765
762
758
758
771
811
809
853
824
790
816
785
826
789
773
773
771
768
773
780
778
785
786
781
785
785
747
791
728
737
732
706
738
708
704
694
689
686
656
658
646
660
628
627
629
652
658
667
692
722
711
772
820
830
771
805
766
774
754
745
756
738
755
771
769
759
763
762
731
714
718
737
758
770
748
785
792
801
795
772
777
784
766
746
754
771
790
771
791
813
844
831
823
849
851
811
837
828
805
801
808
779
793
788
766
791
797
802
794
796
783
790
783
783
783
778
776
770
749
742
723
746
729
715
716
724
715
713
716
709
717
722
717
716
730
734
741
729
733
735
733
720
714
709
720
701
688
682
679
682
680
673
663
662
669
685
665
668
683
678
686
705
691
713
707
721
738
739
754
768
750
758
763
744
745
742
742
730
730
728
729
733
725
728
753
741
735
718
721
710
710
706
711
703
707
708
718
719
713
726
721
730
719
727
729
723
732
721
727
716
725
728
722
725
729
720
725
717
724
722
717
715
721
722
714
708
710
694
696
700
698
692
699
699
702
709
718
726
718
719
734
729
732
730
724
719
722
729
727
718
718
712
706
713
710
705
711
722
730
735
729
761
773
769
788
768
782
770
780
768
770
746
750
753
748
753
744
736
740
729
733
731
727
738
733
737
729
730
741
742
731
744
748
736
740
742
734
730
721
726
718
720
720
726
733
738
735
732
750
744
738
755
737
740
743
743
739
745
734
748
738
743
736
734
730
736
740
746
740
749
736
757
744
745
745
737
734
728
732
731
742
737
736
737
729
735
742
735
731
739
724
729
726
721
728
724
726
730
729
728
734
728
740
729
744
743
740
752
740
743
751
748
744
742
736
735
727
729
721
719
725
715
716
718
710
712
711
708
713
703
709
703
699
686
693
695
693
688
685
690
693
693
698
690
694
694
694
697
692
694
687
690
690
691
689
688
688
686
682
679
682
685
690
696
689
695
706
713
722
733
733
732
734
728
724
717
720
724
725
722
723
723
712
711
718
703
712
716
715
722
729
726
737
747
736
738
744
737
747
742
738
742
730
743
729
735
729
731
733
729
724
730
725
726
737
729
732
721
715
712
708
707
717
705
714
708
716
723
718
724
731
727
728
738
727
740
725
731
730
734
719
719
715
713
709
705
701
695
692
691
686
678
676
677
679
691
707
713
729
742
740
744
752
742
755
751
735
740
732
725
725
721
753
743
736
733
727
717
719
710
700
705
703
701
703
715
712
716
724
728
722
727
725
717
721
712
710
708
700
698
700
694
688
688
689
688
685
693
697
694
701
700
700
703
707
704
703
706
707
700
703
701
697
698
697
687
686
686
688
691
686
691
690
694
692
698
698
704
709
703
709
714
707
712
706
710
702
704
701
699
701
700
694
694
694
692
695
688
691
684
689
688
683
688
700
696
700
703
699
699
705
697
700
697
699
701
696
696
699
699
691
697
703
697
695
702
701
699
704
707
703
706
703
704
705
697
698
698
700
697
691
690
688
686
682
688
696
696
699
706
700
708
711
708
719
723
719
718
710
699
711
700
690
696
700
694
701
701
695
698
704
703
703
706
704
696
703
707
705
709
712
708
708
719
718
715
720
716
715
722
709
710
712
708
706
711
704
700
707
701
700
705
704
707
711
709
706
707
711
705
705
710
705
706
713
708
707
714
704
706
700
697
702
704
694
695
696
691
696
699
693
701
702
697
704
706
706
705
707
710
709
706
710
710
710
711
703
705
706
702
702
701
696
696
696
683
687
689
688
690
698
695
701
709
707
711
712
707
707
713
710
708
712
709
704
711
710
705
706
707
702
704
708
704
702
708
706
701
706
705
698
700
705
700
703
706
703
706
706
700
703
693
695
701
693
692
695
689
692
694
690
690
697
690
690
692
693
690
687
688
695
690
685
692
695
694
688
690
691
687
689
692
695
692
695
697
695
700
698
698
704
708
699
702
704
698
688
685
674
662
675
664
662
669
656
656
666
660
645
660
654
648
664
660
646
661
663
653
670
662
682
678
687
691
698
704
698
705
690
698
696
697
696
693
677
691
675
678
673
667
659
676
678
667
684
694
695
694
707
710
716
731
720
729
735
721
732
728
717
719
714
712
695
697
704
689
693
690
688
691
704
690
700
714
722
728
733
717
720
723
719
714
690
718
706
696
694
685
680
662
663
653
639
657
651
653
657
645
663
668
660
691
695
693
698
708
712
709
715
716
701
703
702
701
679
690
693
678
691
680
688
687
683
673
688
666
681
685
689
676
696
695
704
718
707
714
727
723
725
726
716
721
724
699
711
701
689
691
695
687
674
682
683
669
678
668
663
679
675
674
683
692
690
699
709
707
725
731
725
731
724
708
707
688
683
677
666
666
660
658
657
659
659
655
658
655
654
653
652
655
646
654
651
644
652
660
648
663
664
648
657
650
643
651
650
648
637
629
643
636
632
619
625
636
637
643
640
649
656
654
656
670
669
667
682
677
671
686
689
666
679
677
657
667
672
660
665
670
665
662
669
675
662
666
666
639
653
654
633
646
647
644
647
665
660
673
674
684
681
682
683
681
684
675
675
677
665
656
663
664
655
659
656
648
656
657
646
653
655
647
645
646
649
635
647
647
643
644
646
646
646
648
654
662
656
655
663
663
656
661
660
649
650
660
659
656
661
669
657
670
687
673
690
700
696
707
704
699
708
693
692
712
720
716
719
712
713
702
709
708
706
703
704
698
704
716
714
716
711
721
709
725
730
739
731
741
751
738
747
754
763
771
760
773
781
776
763
762
757
737
730
724
708
712
708
699
699
707
711
710
704
698
708
707
716
714
721
731
726
730
732
729
728
725
715
712
712
704
695
696
684
681
681
658
664
669
672
665
680
682
696
700
717
713
718
724
726
721
723
721
723
710
711
712
694
697
692
682
687
694
691
701
697
688
698
689
690
688
680
684
684
689
690
694
689
706
702
710
702
717
710
721
720
724
719
719
710
717
714
711
707
707
708
707
706
709
704
700
707
708
708
704
703
694
703
702
706
705
704
700
693
700
696
700
705
708
704
710
723
712
723
727
724
716
710
720
713
722
718
714
718
725
713
718
725
730
728
717
717
720
718
713
716
716
713
714
704
698
706
696
687
685
683
680
697
702
707
722
733
737
718
721
718
710
700
706
708
697
701
709
714
714
714
715
713
714
712
704
707
706
694
688
690
690
685
682
683
682
681
688
688
682
691
699
710
719
713
720
731
729
729
725
718
717
714
704
702
702
698
699
702
710
707
697
705
699
683
698
693
688
681
692
690
689
695
704
699
715
717
716
719
717
721
719
712
713
704
711
711
708
700
709
712
703
707
717
710
724
717
718
731
718
727
707
714
714
712
703
713
707
699
702
705
703
698
708
709
706
706
720
727
731
725
745
747
732
737
742
733
723
730
727
715
726
717
715
711
721
726
729
731
730
720
734
729
719
723
720
712
722
720
711
717
718
716
718
723
728
717
729
726
723
734
729
725
729
731
733
718
733
733
729
734
724
731
726
720
725
706
723
709
701
711
700
695
707
686
693
684
728
727
721
724
720
719
714
716
699
708
705
688
686
702
699
694
702
712
704
725
722
715
724
725
715
723
729
718
722
719
720
712
705
710
700
694
678
681
677
671
668
670
658
665
667
657
660
665
668
659
672
678
669
681
686
680
683
683
672
681
680
669
675
677
675
675
666
672
671
668
674
677
666
678
681
670
678
682
684
673
683
685
674
678
679
667
672
672
658
667
669
656
659
660
660
658
652
651
652
651
648
648
645
649
635
641
640
626
633
635
628
631
639
641
646
650
648
657
662
669
673
668
667
676
676
675
675
673
670
667
662
664
646
653
664
656
652
657
674
683
680
695
719
746
746
757
761
764
776
757
760
756
752
735
738
733
732
723
733
737
722
720
721
724
724
724
723
729
721
716
723
724
715
729
727
723
737
738
740
757
748
729
733
735
734
720
718
720
716
700
701
702
682
687
683
690
696
688
702
712
721
717
729
730
715
713
712
704
712
706
708
691
706
711
703
695
713
710
697
709
702
695
687
699
701
692
709
705
694
730
728
717
740
738
725
747
747
735
755
733
751
754
738
750
753
736
748
733
735
723
724
721
710
728
716
702
722
712
706
719
707
708
719
710
713
727
725
710
724
714
696
714
704
688
706
695
680
702
694
681
696
690
677
691
686
682
684
691
692
682
695
692
684
688
690
685
686
700
677
681
688
693
697
683
699
699
690
706
706
689
704
702
698
692
699
696
688
699
696
686
703
697
681
700
703
691
712
706
693
707
715
694
700
700
691
688
692
689
684
701
678
692
683
673
686
682
677
676
684
676
682
679
688
678
689
689
674
684
670
668
682
667
664
679
672
670
688
680
690
681
701
702
697
716
706
703
721
703
723
715
700
720
688
712
710
710
689
711
695
697
688
693
698
678
704
678
704
688
692
704
693
697
698
705
700
715
710
702
693
708
705
696
691
701
691
695
707
691
703
693
697
699
689
708
687
708
690
691
689
702
706
706
699
688
707
701
692
708
687
711
701
688
704
699
682
703
698
683
711
701
685
701
696
682
702
702
690
717
716
707
716
709
698
712
695
696
705
685
700
693
685
686
696
688
679
681
695
681
700
686
704
699
703
701
702
697
704
693
705
701
695
691
691
686
690
680
683
696
689
677
692
668
685
685
684
683
665
668
687
682
683
684
666
686
664
676
674
665
681
686
672
671
696
679
681
685
678
693
694
678
698
695
695
686
698
694
686
687
701
700
689
701
694
684
707
697
688
713
685
690
705
706
707
694
706
693
712
711
696
711
705
687
697
694
679
702
679
686
686
671
688
669
685
670
675
672
668
689
685
682
703
694
691
704
688
698
697
684
684
696
673
683
684
671
684
661
679
677
669
687
688
683
708
693
703
718
699
696
712
723
716
697
719
703
688
691
701
681
689
696
676
688
688
670
691
687
680
696
685
689
697
682
701
695
685
701
680
701
681
689
673
685
678
684
677
686
674
689
686
690
703
696
704
703
712
723
710
714
707
710
702
700
699
690
689
675
680
673
667
672
673
664
669
663
670
670
667
653
657
650
640
650
646
637
649
654
650
654
671
672
673
690
687
702
717
710
715
721
711
732
717
729
735
723
726
710
723
722
714
724
712
714
721
718
712
715
701
700
686
670
683
679
675
679
689
691
700
710
712
709
720
720
699
710
712
703
707
714
716
704
707
712
695
697
700
688
697
707
716
711
728
741
733
743
756
754
743
758
755
742
741
748
729
737
734
720
738
737
719
723
723
712
713
722
719
714
716
712
707
688
706
701
685
691
706
705
694
706
717
706
710
713
708
707
713
703
696
704
701
683
697
695
694
694
682
689
677
693
694
693
708
719
715
734
742
745
744
752
738
743
740
727
725
710
705
706
699
705
699
676
683
684
674
681
697
705
711
734
737
740
748
755
762
757
756
758
744
750
743
739
724
732
729
726
708
714
694
706
704
693
709
707
697
718
718
730
734
748
749
750
746
750
730
756
740
741
756
746
754
747
733
731
764
759
749
741
733
711
718
706
697
686
690
687
691
695
698
693
711
720
727
723
736
742
741
735
741
746
736
722
725
721
704
703
706
692
688
691
689
674
673
669
666
674
680
660
690
695
696
728
715
742
733
749
742
745
737
734
736
734
714
727
711
719
710
713
697
712
710
711
699
713
706
696
709
705
709
711
707
710
720
707
712
728
716
704
708
693
708
709
707
711
697
713
693
710
709
706
701
686
711
688
695
687
690
703
711
720
716
715
718
705
713
704
707
710
704
708
708
705
703
702
703
702
706
703
705
699
694
698
697
704
699
701
705
700
696
686
686
684
681
677
671
673
673
677
684
697
698
697
699
706
705
701
697
685
678
663
667
666
660
659
666
661
675
680
688
698
704
709
703
712
725
735
727
727
721
719
714
723
717
713
706
714
706
706
716
713
712
714
735
749
752
757
756
742
743
736
734
736
739
744
742
737
739
743
761
768
766
768
787
802
806
794
781
771
744
736
739
722
721
735
746
760
761
763
752
740
743
738
728
729
721
724
719
718
709
705
702
708
700
706
714
719
724
720
720
724
717
719
723
721
726
718
722
726
732
731
721
731
735
735
728
723
713
717
713
707
699
706
712
719
721
727
727
719
726
719
719
715
718
718
708
720
717
716
729
734
745
740
724
729
728
723
718
708
707
707
708
709
718
722
716
707
709
708
709
710
719
728
724
734
744
756
767
772
760
762
759
756
746
747
742
735
730
726
713
713
713
710
707
716
727
729
733
729
733
734
735
733
732
727
734
725
729
736
734
738
740
735
741
737
734
743
733
741
732
739
732
727
727
731
734
730
733
732
735
724
721
724
723
724
728
719
720
724
731
729
729
732
732
729
732
729
722
721
719
722
722
724
723
719
727
723
717
716
709
705
698
695
688
683
678
676
672
666
662
657
662
665
664
661
676
672
671
667
668
656
659
661
661
663
667
667
675
677
680
674
676
686
681
699
708
723
739
730
735
736
722
729
729
732
735
736
737
733
742
728
735
735
728
735
750
743
750
754
752
754
762
754
749
737
735
729
725
719
711
714
714
716
715
707
714
721
723
727
723
734
749
760
764
755
754
741
746
744
743
747
742
736
725
724
725
728
716
721
722
718
723
726
718
702
723
721
717
702
717
706
701
697
687
683
666
679
661
662
657
656
654
647
646
659
671
691
715
729
725
707
718
716
713
715
694
704
698
692
677
684
674
682
688
690
692
696
704
704
709
705
707
699
701
688
690
694
676
678
653
674
667
656
646
651
648
655
660
674
669
686
680
695
698
692
705
698
702
701
710
711
707
709
705
706
709
705
697
703
703
692
689
675
676
672
668
651
659
651
647
652
654
647
649
653
654
646
649
649
647
633
644
643
639
642
640
631
645
646
646
642
641
640
643
642
638
637
641
643
648
667
681
705
710
728
740
740
734
738
729
708
700
681
681
668
663
673
659
671
670
657
668
684
692
696
687
696
703
705
710
708
692
695
691
685
683
683
651
677
649
668
668
652
683
698
711
733
748
744
741
739
718
714
702
673
671
682
674
662
664
662
679
694
698
714
733
729
742
738
742
740
727
716
712
690
682
688
687
681
663
673
677
688
691
693
686
708
708
701
714
715
705
710
715
716
720
715
707
691
700
686
682
665
661
676
662
678
678
688
722
735
761
790
799
762
760
764
757
745
741
739
730
724
697
711
690
702
698
700
691
709
693
708
711
703
704
710
712
712
716
716
705
720
724
712
717
718
699
723
709
706
694
675
688
684
683
682
675
667
658
673
655
680
676
674
693
694
694
708
692
717
716
719
714
727
725
732
735
732
747
745
755
752
733
721
727
716
702
680
691
682
654
679
671
663
665
654
670
666
658
662
672
664
681
680
675
691
691
691
712
715
706
714
704
691
712
683
695
696
679
689
677
684
677
670
684
678
675
688
677
682
680
676
670
705
696
681
689
695
695
680
692
692
678
686
678
686
677
675
683
683
685
692
684
670
693
685
667
667
675
663
666
676
665
683
682
677
693
684
692
715
691
721
701
719
692
715
704
704
693
677
708
679
694
682
691
684
682
698
682
692
700
707
705
710
709
713
703
701
708
699
687
693
691
692
692
698
698
701
681
685
690
693
678
679
685
683
691
682
689
687
678
671
686
686
673
694
690
692
698
713
716
717
733
741
733
738
739
729
732
734
719
696
703
699
679
696
686
688
688
686
700
703
700
719
724
730
738
735
743
725
726
708
708
685
695
700
708
696
677
703
687
689
691
682
696
709
715
726
736
755
746
749
766
756
757
765
743
757
758
744
746
728
737
730
715
713
709
716
717
717
726
715
719
716
713
708
717
732
732
755
736
755
745
731
719
710
694
697
701
699
691
688
696
705
711
705
723
738
733
742
746
750
738
745
746
740
742
743
746
748
754
752
748
751
758
753
755
757
762
764
739
737
730
725
724
719
722
740
741
741
736
735
727
725
722
726
725
720
726
727
723
720
714
729
730
728
731
721
707
727
712
689
708
699
675
691
686
671
678
678
689
701
696
706
727
745
748
754
766
764
767
775
753
751
748
728
720
716
717
710
698
703
704
702
690
692
688
689
690
691
693
691
690
695
696
698
688
696
699
704
693
694
711
704
703
708
701
713
727
736
743
736
743
732
748
755
753
729
739
743
739
739
736
712
721
712
688
688
675
679
678
668
684
688
693
726
751
773
783
783
782
759
755
742
705
722
703
693
683
687
696
680
689
704
698
705
714
705
719
724
730
710
731
734
739
716
731
734
705
731
720
715
725
715
712
707
754
743
748
742
735
723
720
716
697
698
689
683
681
672
672
675
677
685
695
698
695
692
691
688
691
680
684
681
667
687
682
689
693
687
698
699
693
696
688
684
680
680
674
684
676
681
689
703
707
713
715
715
699
707
701
690
687
676
680
675
667
668
672
669
674
679
681
679
687
689
682
691
699
682
702
700
693
706
712
714
722
729
737
731
734
735
736
727
726
716
709
708
708
703
701
695
685
695
692
686
687
684
682
689
690
695
725
730
730
739
751
749
741
743
737
737
717
722
730
729
730
732
723
710
700
691
680
667
671
661
658
665
667
671
686
700
714
724
729
733
740
739
730
735
726
723
719
709
707
694
698
694
688
684
674
669
677
669
664
654
665
672
678
691
708
710
721
723
732
740
735
728
725
721
715
709
709
707
690
695
688
685
685
682
676
692
689
690
700
707
709
708
714
723
725
724
730
730
723
725
722
710
712
706
703
702
696
706
703
696
706
712
709
702
709
712
704
702
708
710
704
703
706
704
699
696
701
700
698
685
693
690
683
688
688
686
676
685
685
672
682
666
658
667
662
644
647
658
653
652
654
675
686
690
701
714
722
714
711
714
711
699
699
700
714
715
722
715
729
731
723
729
734
729
716
710
727
725
722
717
713
705
694
686
670
673
677
679
685
687
715
725
731
743
758
765
739
754
744
734
731
720
707
720
700
715
706
712
722
729
735
756
766
770
767
776
764
764
762
749
749
746
731
724
723
717
701
706
710
696
704
701
701
706
707
697
704
712
706
707
713
700
708
706
709
698
704
697
697
700
687
694
696
693
683
683
687
669
658
668
655
655
666
677
703
714
746
760
770
773
781
778
772
769
767
751
750
736
718
717
720
706
702
689
696
696
688
691
695
701
692
709
717
706
718
700
711
719
726
727
728
725
717
711
705
699
697
682
680
676
676
673
675
684
696
704
705
717
720
727
725
729
715
716
702
689
682
675
684
666
675
682
689
688
707
714
725
717
727
726
716
718
713
697
694
695
689
684
672
658
669
659
648
646
654
658
651
669
686
719
724
751
783
781
814
798
791
776
814
794
775
768
749
745
734
713
690
705
693
677
672
679
674
682
680
708
718
718
743
753
763
756
755
773
769
764
746
748
726
769
770
751
749
740
721
730
721
705
705
695
691
690
688
692
694
694
707
712
718
732
738
742
743
733
729
728
730
727
726
723
719
713
706
676
689
684
668
676
674
670
663
673
677
672
686
691
695
698
705
703
697
703
701
689
696
694
695
693
682
690
678
680
681
683
682
687
684
667
660
665
649
662
643
653
663
676
686
675
694
692
706
700
721
721
729
717
723
720
710
715
725
728
728
728
717
719
709
715
711
700
707
698
696
699
695
698
708
711
709
712
725
712
709
706
704
700
692
697
692
684
701
695
687
691
678
683
682
664
680
683
673
678
680
672
686
690
674
683
692
688
686
697
690
714
707
697
707
715
713
749
739
719
729
696
725
689
706
684
705
692
707
707
707
687
708
688
688
688
668
688
666
682
692
674
681
697
688
676
696
698
689
696
709
697
705
697
701
702
692
700
703
697
684
701
690
682
689
688
672
696
688
676
694
683
691
677
698
690
678
700
704
686
694
704
688
694
693
682
687
691
676
699
684
679
698
689
676
685
686
674
675
689
684
689
695
689
686
697
683
688
692
681
684
696
686
704
679
700
697
684
690
675
689
686
686
676
682
680
668
681
680
662
687
667
690
670
678
688
671
688
688
682
686
700
692
688
701
701
693
714
708
697
709
696
703
704
687
708
693
690
700
699
703
698
685
687
675
667
683
680
667
686
685
667
688
666
684
667
688
690
700
688
710
703
690
703
697
689
706
696
693
700
684
704
698
686
705
691
691
711
697
698
706
701
688
706
692
688
695
692
682
698
693
682
685
684
683
676
688
687
681
696
699
689
710
705
694
716
705
690
706
707
692
686
703
703
691
707
705
689
703
698
687
687
707
698
692
713
713
699
708
703
697
684
704
698
688
695
703
693
699
715
704
713
703
690
705
699
699
682
685
695
688
685
707
701
689
714
692
691
708
702
681
705
703
694
687
680
685
682
666
685
672
680
686
691
698
688
698
694
682
698
699
687
692
700
688
700
707
688
702
704
688
709
701
691
709
697
703
712
697
702
703
696
690
700
698
682
701
702
687
692
706
705
684
708
698
693
693
708
704
693
709
713
697
721
717
702
721
717
707
703
710
707
700
716
712
702
713
710
702
694
710
691
704
714
727
725
714
728
708
716
703
694
707
690
688
698
690
679
688
686
673
678
685
677
686
702
686
715
709
685
709
702
688
686
704
688
686
705
683
698
692
680
698
695
678
702
698
680
697
694
685
687
704
696
690
708
701
693
703
703
691
709
695
692
710
708
707
690
705
703
686
699
701
697
689
701
696
684
705
708
694
713
710
693
712
706
688
702
695
684
696
690
673
689
693
672
692
691
675
688
687
677
677
691
682
680
690
697
687
699
692
676
692
688
671
680
666
676
688
675
687
693
699
689
707
704
689
699
692
684
683
677
678
688
685
671
677
690
686
677
697
692
682
687
699
701
689
697
711
694
698
711
688
698
700
698
686
706
696
686
705
703
690
714
711
695
710
708
694
711
706
694
711
702
688
702
695
681
696
680
693
700
695
688
698
701
701
692
704
686
695
699
690
703
694
680
693
680
667
676
672
655
671
665
653
664
672
669
667
691
703
689
716
715
699
718
711
696
692
704
688
682
699
692
684
700
696
684
707
709
692
710
713
709
698
711
695
692
699
684
681
695
684
684
698
688
684
695
688
686
698
689
684
706
695
694
702
699
691
706
694
691
700
682
677
688
684
672
689
682
668
679
688
689
680
696
680
687
695
675
684
690
678
682
686
689
671
689
692
676
689
689
674
688
688
681
692
699
684
693
692
683
682
694
685
693
703
691
694
695
698
687
701
703
684
702
701
681
700
699
682
688
693
686
695
685
685
747
836
847
841
850
822
774
801
750
710
696
698
715
704
686
670
676
675
666
646
657
655
648
631
651
640
646
633
646
639
644
652
644
656
663
669
665
667
667
662
659
659
663
658
654
642
634
650
625
630
632
618
624
628
618
617
631
628
627
643
639
640
660
643
676
676
676
670
689
689
684
689
676
684
677
683
672
684
671
689
695
681
697
674
693
675
675
689
689
680
692
684
693
702
696
678
689
688
674
675
676
673
667
658
666
672
659
676
684
672
677
680
675
675
678
661
661
670
662
654
667
668
674
674
682
686
690
685
689
691
680
683
668
657
667
672
668
672
676
686
682
700
697
698
700
696
695
695
699
690
692
697
682
682
683
684
684
671
676
671
662
664
663
646
647
657
657
655
672
682
685
707
718
712
716
720
715
687
707
695
681
682
690
698
692
690
699
704
693
694
695
685
689
671
684
667
681
681
685
689
680
696
701
700
713
727
729
723
736
743
734
733
740
735
721
732
727
708
715
718
