656
662
661
664
649
646
643
645
644
645
640
644
645
631
636
637
643
644
654
656
648
658
663
662
671
679
674
678
688
678
685
680
677
677
685
676
677
679
685
676
681
687
679
678
686
677
675
659
658
659
653
655
658
656
651
648
651
657
654
651
657
657
656
657
659
424
892
656
646
643
641
639
649
646
650
656
653
643
655
660
648
653
659
660
659
653
647
433
875
633
632
629
635
634
634
631
627
631
633
643
648
641
631
631
630
632
624
635
628
637
632
628
641
626
632
635
631
643
639
643
642
653
645
640
632
648
654
656
651
647
653
645
649
651
642
638
644
642
633
640
639
638
634
642
642
635
637
639
632
635
635
627
643
635
631
642
637
645
652
650
657
658
653
650
639
657
645
651
658
643
642
660
656
646
658
655
638
665
668
664
647
635
649
637
653
631
649
647
641
641
632
637
645
623
628
638
635
642
651
655
661
682
691
669
674
687
673
679
691
676
686
695
681
688
700
681
696
705
686
691
689
699
698
686
689
677
677
698
677
675
691
670
670
689
689
674
688
692
685
680
674
693
694
683
693
708
696
702
719
703
713
718
727
725
723
712
726
736
740
732
722
727
736
735
718
717
730
734
729
735
731
725
742
748
739
730
749
755
740
738
751
755
735
748
757
742
739
754
758
742
736
746
752
731
749
756
753
743
755
762
755
747
729
750
759
737
748
761
742
752
759
754
735
750
755
736
750
759
757
753
737
759
764
759
745
767
774
772
752
769
779
779
772
768
764
774
771
755
768
769
763
748
765
764
744
758
760
762
760
746
751
762
757
750
738
751
759
753
752
733
744
749
752
743
746
755
761
748
759
769
772
756
768
776
777
771
751
766
772
768
746
758
763
757
757
743
747
755
757
756
750
742
755
763
762
761
746
761
764
763
758
755
745
741
751
754
749
748
739
737
749
749
744
738
736
736
723
735
420
1056
735
729
728
726
726
716
732
733
437
1039
742
729
727
435
1021
736
726
726
717
716
728
731
735
729
724
737
744
746
729
746
756
753
751
746
757
760
753
750
750
760
764
755
735
750
754
746
739
730
732
735
737
729
721
736
735
730
730
720
736
733
739
738
724
737
749
736
735
758
756
737
751
763
748
744
771
758
772
774
771
753
732
760
745
729
735
748
744
727
458
1021
750
726
729
728
715
729
732
729
717
730
743
746
744
740
727
737
747
747
732
741
749
751
735
744
751
752
748
733
746
750
737
738
748
741
731
746
732
729
447
1044
733
729
732
455
1006
736
709
714
718
708
714
729
726
725
743
739
744
771
771
761
763
750
759
772
755
753
771
756
750
768
756
748
763
755
748
760
746
751
755
750
743
756
756
746
756
758
746
750
755
742
748
757
748
747
757
744
740
754
744
738
750
739
735
748
743
733
444
1054
738
724
736
725
721
733
729
724
734
731
726
739
741
731
739
750
739
744
761
752
753
769
759
755
771
765
758
776
766
775
787
781
770
789
782
775
795
786
427
1155
788
763
779
769
755
767
767
755
757
765
753
743
735
434
1062
740
739
731
725
734
730
726
738
744
737
751
766
753
411
1128
775
753
765
771
749
748
770
768
753
751
767
752
755
773
757
763
776
773
764
773
780
766
768
778
766
772
783
769
770
782
772
771
788
779
773
445
1127
778
771
771
758
768
773
759
758
773
764
758
773
770
762
772
775
763
756
771
773
763
773
776
765
771
785
773
771
787
781
767
770
789
785
773
783
784
771
774
784
771
771
782
776
773
784
776
773
787
776
778
789
779
772
790
782
775
791
784
777
790
790
774
774
765
777
778
762
773
776
762
771
775
759
768
780
763
761
777
776
763
771
782
766
768
780
766
773
779
767
770
782
772
763
782
780
762
764
770
751
749
764
747
746
765
758
745
757
771
750
759
764
773
764
745
758
764
745
755
762
741
740
745
741
740
740
736
748
755
748
742
742
733
720
719
727
719
715
717
714
706
707
706
700
691
681
668
668
655
645
642
642
637
632
630
631
624
619
629
460
790
468
783
624
625
623
629
623
624
628
631
632
628
634
629
627
637
636
632
631
627
631
633
631
629
628
634
630
631
633
625
627
625
625
631
632
629
628
639
635
638
633
629
628
627
618
622
624
618
615
621
624
619
617
617
619
619
620
619
615
608
610
607
606
606
610
607
608
609
616
616
612
609
615
613
608
616
611
613
617
618
620
624
618
619
623
624
620
623
622
616
617
626
624
619
626
621
613
622
622
631
638
626
623
636
635
630
637
637
634
637
637
632
636
637
641
641
642
634
635
638
632
631
630
634
629
629
634
636
635
639
641
626
629
630
629
629
624
635
638
649
652
662
654
671
672
670
675
691
672
673
668
656
666
663
655
649
659
672
667
672
655
668
667
656
660
656
661
657
658
680
676
675
688
689
681
691
690
683
700
692
704
704
703
700
698
694
680
681
682
693
687
684
684
683
677
680
682
667
672
667
678
674
673
673
679
682
687
683
685
683
673
667
672
663
655
651
663
666
671
671
665
671
678
670
683
673
682
682
673
695
687
685
701
701
681
699
706
690
681
706
707
692
688
706
699
686
706
705
689
700
699
688
703
702
695
695
703
701
701
695
704
701
690
683
698
698
695
690
707
704
692
688
707
697
687
704
702
693
689
704
703
688
697
691
682
695
682
675
688
688
674
690
698
679
673
679
691
682
690
696
686
692
692
683
695
698
700
690
687
701
702
705
701
691
711
703
689
699
709
708
697
698
709
703
702
696
725
707
704
696
695
710
696
705
702
698
697
701
694
693
686
689
694
694
700
698
692
707
702
708
709
700
700
710
704
711
698
696
714
703
699
689
698
703
695
701
689
698
697
689
693
692
688
692
693
694
691
693
711
698
708
705
700
708
710
712
711
709
707
697
712
726
711
709
701
703
708
699
694
728
707
713
708
708
723
719
722
730
724
719
705
716
711
720
718
713
710
712
716
709
708
716
714
704
710
712
716
719
709
660
704
701
685
701
702
686
704
706
701
704
703
693
706
695
699
709
708
704
701
699
694
706
694
701
713
710
708
705
715
711
716
703
719
720
718
718
729
727
725
714
715
727
728
717
716
720
728
729
726
720
721
709
700
708
711
704
705
696
712
709
709
713
701
703
724
716
715
724
730
710
715
711
702
706
700
698
692
695
707
704
707
700
726
713
714
713
735
724
728
727
714
714
732
727
719
712
710
724
725
729
723
715
710
726
714
706
708
719
705
706
701
692
676
683
682
685
681
685
676
678
688
683
673
688
675
683
685
675
689
688
693
688
677
684
688
687
685
679
676
687
685
681
680
680
690
688
690
680
684
697
686
688
684
681
692
684
686
677
698
686
689
680
678
691
701
687
687
712
690
682
703
707
715
688
700
705
704
679
681
672
669
672
661
661
660
657
656
658
653
653
662
650
653
658
659
645
656
655
647
656
658
652
650
665
673
668
685
695
707
690
675
679
664
676
675
658
659
655
674
667
667
670
700
697
670
675
683
663
684
681
670
675
659
682
669
660
681
665
682
688
668
689
695
674
681
692
663
651
661
640
667
651
659
661
656
661
672
675
671
677
671
684
696
716
695
687
696
682
676
687
685
679
681
677
677
693
679
688
683
681
698
695
688
678
678
703
698
690
706
693
676
677
672
683
683
676
691
688
690
688
683
679
679
690
679
678
684
682
681
672
688
681
678
685
688
683
684
667
670
681
691
688
678
676
682
671
687
690
691
699
683
686
687
685
688
695
686
690
693
686
683
692
693
682
682
668
689
688
704
695
690
688
700
696
686
691
690
687
688
687
682
679
675
681
688
691
691
678
677
688
693
684
696
699
695
696
698
690
688
695
692
684
692
709
688
686
689
696
700
704
694
688
691
688
690
686
684
699
688
676
683
680
672
678
680
672
678
681
689
678
673
667
670
668
668
672
664
668
674
672
694
678
673
678
676
672
675
675
670
675
673
668
671
677
677
681
676
676
679
688
681
681
690
688
698
684
684
684
677
687
681
676
683
681
675
681
675
677
681
683
678
688
697
715
702
691
691
695
688
692
692
686
692
691
685
681
686
674
676
676
668
673
671
671
668
662
658
667
672
665
672
672
674
678
684
684
689
687
686
683
678
689
692
699
693
694
686
688
688
683
683
682
680
679
679
673
680
677
674
676
673
669
675
677
679
680
683
681
678
668
666
678
679
674
680
681
693
682
672
675
685
679
683
691
691
687
681
681
684
684
680
679
683
694
691
688
682
687
683
676
673
675
683
683
675
672
676
675
671
671
683
674
676
678
681
689
694
696
702
702
702
703
712
705
700
703
698
692
704
710
710
703
698
700
703
696
700
690
690
691
681
684
686
679
680
683
679
681
684
670
675
675
673
678
679
672
677
677
674
680
679
678
670
661
666
675
673
669
683
686
678
689
686
687
687
687
685
687
683
686
681
672
682
684
672
677
680
678
681
683
687
685
681
685
688
687
688
688
688
683
688
688
684
686
688
682
682
687
675
675
684
682
682
692
685
680
678
668
674
680
681
688
685
674
673
688
683
686
694
700
683
688
695
700
690
693
694
684
684
674
683
680
679
683
688
680
674
682
682
680
684
669
676
677
672
675
676
671
673
679
678
672
681
683
674
679
687
688
687
700
697
692
691
700
692
698
700
708
691
688
694
695
688
692
693
698
694
685
687
689
683
686
685
692
704
694
686
677
685
679
684
687
674
674
677
670
672
676
672
672
667
672
675
675
666
673
674
666
672
670
672
667
658
672
673
660
649
661
658
644
642
647
644
642
646
636
646
634
633
635
626
634
628
622
627
625
615
625
619
616
623
616
615
623
621
625
634
637
650
666
667
699
660
645
646
652
654
651
648
642
657
651
645
655
652
647
649
653
629
673
656
645
639
646
649
635
642
647
637
633
643
642
640
642
640
634
635
630
636
651
643
635
641
650
650
638
637
646
619
611
606
608
607
604
596
601
596
591
599
592
589
594
597
594
590
599
595
590
598
600
601
598
602
607
606
605
610
615
610
609
613
610
608
608
609
604
604
605
605
603
601
606
614
618
618
625
620
619
620
612
617
616
609
616
611
607
617
611
609
614
606
616
608
609
612
607
610
613
606
610
613
607
611
608
604
610
612
608
617
615
609
623
616
622
627
621
627
630
625
632
634
631
637
637
626
628
629
623
625
619
626
617
623
623
622
624
633
625
634
633
629
644
636
635
641
637
638
650
638
652
643
637
655
646
639
655
650
643
652
641
639
647
643
637
649
639
635
648
639
634
645
636
637
648
640
641
632
646
635
636
645
630
639
645
634
648
639
633
651
642
634
647
641
634
649
641
633
646
633
641
645
633
643
650
634
649
649
635
619
652
650
646
641
649
653
647
654
648
641
651
647
651
651
641
636
651
641
633
652
638
631
639
620
614
622
623
618
638
617
619
628
635
614
637
621
623
627
623
619
636
619
620
634
621
616
631
619
615
625
622
611
623
618
616
617
627
617
627
622
622
619
629
620
620
627
625
618
631
621
622
627
620
625
625
622
623
628
625
622
627
625
623
629
624
625
632
627
627
638
624
635
633
625
632
626
623
633
631
621
636
629
620
635
625
624
640
632
619
635
634
618
634
626
623
631
633
622
635
631
626
634
631
624
630
633
624
630
638
629
629
638
636
629
643
636
632
641
638
631
643
630
639
638
630
624
640
630
622
627
636
624
627
634
630
618
638
629
624
629
635
624
636
632
623
633
630
621
624
631
618
621
627
622
615
629
624
613
628
623
616
624
624
613
631
614
615
624
614
612
624
621
614
619
619
618
618
626
631
631
625
630
631
629
630
625
626
617
615
622
625
625
622
628
633
636
627
635
632
625
632
633
632
628
630
633
631
634
636
645
635
640
639
630
622
627
623
619
624
620
618
625
621
615
627
628
619
629
626
619
633
627
618
626
632
616
623
636
621
615
634
626
614
630
628
617
630
630
618
616
625
614
612
618
611
614
614
609
601
603
604
602
594
596
607
603
605
614
621
633
638
646
654
632
633
638
634
636
646
645
643
649
654
648
653
656
652
650
657
655
646
653
660
661
662
662
662
665
666
662
655
672
667
659
656
659
662
660
649
654
660
658
652
655
663
663
663
667
669
663
665
671
673
664
674
675
675
675
676
677
666
666
678
676
663
674
674
670
673
675
677
676
666
665
668
676
674
671
672
673
676
674
667
669
677
673
657
653
661
653
654
657
661
652
643
668
663
666
655
663
654
669
664
659
666
664
653
655
644
646
646
634
635
639
639
637
644
648
658
650
659
663
656
658
665
657
658
658
654
657
654
654
657
657
657
647
650
646
637
646
648
644
641
648
643
640
647
640
641
647
638
642
639
635
641
638
639
644
637
639
646
638
642
644
639
636
646
634
646
646
636
644
643
640
643
646
637
643
640
635
644
643
639
640
645
645
637
647
647
646
647
649
645
641
650
642
645
646
639
633
626
632
644
644
659
657
654
647
655
648
648
655
647
657
656
650
661
657
655
663
665
659
667
671
666
665
672
662
673
671
668
678
676
670
679
677
672
682
681
679
687
683
677
687
681
679
689
683
688
705
695
696
692
695
700
695
692
686
691
691
684
689
688
684
684
688
684
684
691
688
686
692
692
688
697
697
694
704
704
700
706
711
704
706
712
704
707
712
706
707
712
704
712
708
700
710
711
709
713
705
709
713
705
709
707
703
712
708
705
710
701
703
707
699
702
704
701
696
700
699
694
699
701
695
698
701
698
698
702
702
699
704
705
701
707
708
703
702
707
702
705
708
700
705
712
706
704
709
710
703
711
709
707
703
709
706
700
682
704
707
685
697
685
688
694
682
690
691
682
690
689
680
678
685
681
675
685
680
674
682
674
669
678
682
676
676
685
681
677
686
683
677
687
684
678
684
686
685
680
688
685
676
682
683
677
672
677
674
666
675
677
667
669
680
676
671
681
680
675
680
687
683
681
688
682
681
692
688
684
691
689
685
693
690
684
690
690
680
681
690
685
682
688
684
675
685
685
677
685
682
677
676
675
683
678
674
682
673
673
681
677
674
681
678
674
678
679
672
671
681
673
665
681
677
673
683
676
671
682
684
675
685
682
676
685
685
675
680
679
676
678
682
673
675
681
676
676
683
680
675
683
684
676
681
684
673
684
681
679
683
679
670
671
685
680
673
680
683
677
679
686
684
679
688
685
683
690
687
681
691
689
683
692
692
684
694
690
686
695
690
684
692
691
685
692
691
686
694
691
684
687
692
686
685
692
688
680
688
688
680
684
681
681
676
685
679
672
682
682
666
673
683
668
666
676
667
661
673
669
650
661
665
661
555
749
666
657
671
660
663
673
664
673
675
670
675
679
674
678
683
678
680
687
683
684
688
685
683
688
686
684
684
682
688
681
683
687
683
682
689
688
685
690
696
691
692
701
697
697
704
704
701
705
709
704
707
712
708
707
713
711
708
716
715
709
715
715
710
713
718
714
712
718
719
714
720
719
714
718
723
720
721
723
721
716
721
722
714
718
721
716
714
721
717
714
720
720
714
718
717
712
715
716
709
713
715
708
702
705
710
708
702
704
705
694
703
709
710
702
704
706
700
698
700
695
696
699
694
691
693
690
688
692
691
688
692
690
689
694
691
689
692
688
689
694
689
694
695
690
694
695
690
695
693
695
700
695
697
701
696
700
702
695
697
700
693
695
697
691
693
693
688
692
694
689
689
693
690
688
692
689
688
692
688
687
690
688
686
691
690
688
693
693
690
696
695
693
697
693
695
698
694
695
698
694
694
698
693
694
698
695
695
699
694
693
699
695
695
699
695
693
700
696
693
697
695
695
698
693
696
700
696
695
700
696
694
700
697
693
698
698
693
699
699
692
697
700
696
697
701
698
697
701
700
696
701
698
695
700
696
691
696
695
690
696
695
689
692
695
689
690
694
688
686
692
689
684
689
688
683
687
689
686
687
690
686
685
689
687
686
689
685
686
689
684
684
689
685
684
688
685
683
689
688
684
688
686
683
688
685
683
688
684
681
687
683
680
688
684
684
684
675
681
685
685
684
678
681
689
686
676
673
673
687
688
677
683
683
679
682
684
679
681
685
683
680
684
684
680
684
683
680
683
686
682
685
686
684
685
690
688
686
690
692
692
691
695
694
692
695
698
699
695
701
701
697
701
702
698
700
702
699
698
702
700
696
702
700
695
698
699
695
696
702
697
692
697
697
691
694
698
693
693
697
693
690
696
695
688
696
697
691
693
697
696
689
696
694
688
691
694
688
689
692
687
686
690
688
692
694
696
694
695
693
689
698
694
688
688
697
694
690
685
685
691
689
687
685
690
686
682
688
687
682
683
688
683
680
686
684
678
687
686
678
685
688
682
683
693
688
685
686
691
688
687
692
690
684
690
692
686
690
693
691
691
695
694
692
697
694
693
698
695
690
696
697
688
692
695
689
688
692
690
684
690
688
681
688
690
686
689
691
687
688
693
688
688
692
688
687
691
690
688
695
693
688
695
695
691
694
697
693
692
695
692
688
694
692
688
693
694
688
693
695
691
693
696
690
689
695
693
685
690
695
693
686
690
691
691
691
688
690
694
689
689
694
691
691
696
696
690
693
698
693
694
701
702
695
700
704
698
689
699
698
691
681
681
693
695
693
691
687
644
686
684
679
662
659
670
672
672
670
665
658
661
665
666
665
673
675
676
673
683
696
702
699
688
697
694
682
700
695
684
699
692
700
688
698
698
693
694
692
688
695
694
692
688
692
690
686
690
694
692
688
695
695
689
692
700
697
694
704
703
698
699
706
706
699
703
705
704
697
702
703
697
697
700
694
693
693
690
696
690
687
692
692
687
688
693
690
687
694
693
689
690
698
697
691
699
701
696
696
701
700
693
700
701
693
694
699
699
690
697
698
691
696
700
698
695
701
699
693
698
699
697
696
701
698
692
699
701
697
696
703
702
695
703
704
701
699
705
703
696
700
705
701
697
704
703
695
700
703
698
697
704
701
695
703
703
694
701
704
701
700
707
703
698
706
704
699
707
707
701
708
710
706
706
711
710
705
711
710
702
706
708
699
704
705
701
699
704
700
694
701
701
692
700
703
696
697
700
694
692
695
690
687
693
694
686
694
695
692
691
698
697
691
697
699
694
698
702
696
699
704
700
693
700
700
688
691
696
693
688
693
696
693
692
700
699
692
702
702
696
700
704
703
698
705
705
698
703
705
698
701
702
708
702
695
700
704
696
705
701
695
701
703
701
708
704
698
694
701
704
702
697
698
705
699
697
703
701
696
694
702
700
692
702
701
699
697
703
709
707
704
704
699
709
709
700
706
706
702
697
698
694
689
695
693
686
692
698
692
685
697
698
690
698
699
698
690
702
704
699
700
701
698
704
705
700
691
705
698
694
697
701
697
694
702
700
693
701
700
699
696
703
699
697
699
704
703
697
705
705
700
702
704
694
695
706
711
715
713
708
710
706
712
712
701
712
709
700
709
708
702
708
709
701
705
710
709
698
708
712
700
706
716
715
713
712
709
703
711
707
699
707
704
695
702
702
692
698
699
691
692
700
695
688
697
697
684
695
696
687
691
698
690
695
702
701
694
701
708
707
699
705
708
702
699
708
705
697
705
704
696
703
700
692
700
697
690
698
698
690
701
696
696
701
692
698
697
688
698
693
688
691
697
700
690
703
701
695
696
703
700
696
703
695
691
704
694
700
702
696
696
701
700
696
699
708
706
703
705
704
709
709
703
705
712
706
700
699
706
704
694
699
700
688
690
695
689
687
694
689
685
691
688
682
691
692
684
692
696
689
693
702
696
694
705
702
697
705
702
697
705
702
697
706
704
697
702
697
692
701
702
694
701
703
694
698
704
697
698
709
707
704
703
703
694
707
709
705
698
696
705
704
696
699
702
698
696
703
700
694
704
699
694
694
702
701
697
694
701
698
689
695
693
685
691
693
688
687
694
691
686
694
693
688
696
693
687
696
699
690
694
700
694
696
701
695
693
700
693
691
698
695
689
697
697
690
698
699
693
695
702
697
695
699
695
692
699
694
691
698
695
691
698
695
688
696
696
689
695
700
696
689
698
699
691
699
701
695
695
703
702
694
700
703
701
696
701
705
696
701
705
699
697
704
701
695
703
701
694
702
701
694
698
702
697
694
703
699
691
698
700
696
695
703
702
697
690
703
699
693
688
692
695
694
692
690
688
691
685
689
689
683
691
689
684
691
689
683
689
691
686
688
693
692
688
700
696
691
697
701
699
697
690
689
690
701
698
694
693
688
687
688
689
690
690
688
685
693
696
691
688
688
683
685
693
688
686
683
690
689
684
682
685
676
685
683
673
688
685
684
682
677
689
688
685
681
691
692
689
688
683
681
689
685
675
681
675
670
666
671
666
675
667
676
672
678
674
680
676
685
686
683
684
682
676
688
689
687
681
682
678
679
678
676
674
670
676
667
666
668
676
666
675
671
672
669
665
672
669
673
666
663
674
677
679
677
675
682
675
674
680
674
669
678
683
680
677
677
676
684
684
678
678
686
685
679
683
689
687
682
689
693
679
692
691
688
682
679
688
688
684
683
689
689
684
687
693
690
686
692
694
688
688
696
694
687
690
695
688
686
693
697
694
690
683
700
698
688
681
698
692
683
691
693
686
681
682
688
685
678
683
686
680
679
686
680
677
684
684
676
679
687
686
680
682
688
684
681
681
688
686
682
689
688
683
685
689
688
680
684
689
687
680
688
686
679
686
687
678
685
688
685
677
677
684
681
674
681
681
673
679
683
677
677
683
680
673
680
686
682
683
680
659
660
659
683
678
675
670
667
656
654
660
674
675
671
673
674
675
675
674
677
672
666
665
676
672
668
662
663
656
661
670
674
670
666
665
672
677
675
672
680
677
676
672
680
677
666
683
679
678
675
670
676
686
680
672
674
672
644
669
664
670
671
668
661
647
639
631
638
631
637
635
626
629
627
618
614
619
616
612
622
620
620
627
637
627
622
619
625
619
626
628
621
626
619
617
617
610
617
605
607
609
611
612
612
610
608
605
604
605
603
595
598
598
595
594
597
598
592
595
601
602
601
602
596
602
599
601
598
600
600
601
598
598
602
598
593
589
599
600
593
591
594
603
599
606
598
599
604
606
605
604
609
604
612
611
614
615
621
615
617
624
616
617
618
621
615
629
616
619
624
622
617
634
616
635
635
638
628
623
634
633
639
626
635
636
638
630
631
630
625
627
624
621
628
624
627
621
623
622
618
629
620
634
630
628
630
631
630
628
636
626
619
633
631
638
629
633
638
637
633
631
636
634
632
634
630
633
630
627
630
627
629
626
626
615
614
619
612
611
617
616
610
617
622
617
620
625
628
624
619
633
621
628
625
626
635
650
633
642
657
650
640
637
646
650
650
635
631
647
644
636
646
643
632
645
641
630
636
627
622
629
625
619
632
626
624
627
629
624
632
632
629
644
635
640
644
635
630
650
648
647
625
634
649
646
643
639
637
631
647
643
636
630
626
636
635
623
625
624
620
631
634
629
638
645
631
638
636
624
640
635
628
638
639
628
644
634
632
644
641
645
648
613
665
641
641
637
634
640
633
638
635
626
641
632
626
645
632
629
641
640
631
639
645
628
631
645
637
632
642
633
624
638
636
629
638
639
630
632
628
622
631
634
634
625
628
634
627
627
635
625
625
631
628
633
641
636
636
642
637
638
647
644
644
636
640
630
634
641
636
638
632
634
626
630
628
620
626
627
629
622
616
617
616
614
612
617
610
615
613
610
619
620
618
622
620
618
623
628
624
627
630
635
632
645
634
634
638
626
632
645
633
627
643
640
632
639
643
631
636
641
633
632
646
636
635
649
640
636
637
637
652
653
652
647
644
648
652
640
647
653
644
647
649
641
645
654
639
644
646
640
644
651
636
641
648
640
633
648
643
635
649
646
637
639
647
635
641
643
637
629
646
643
634
640
645
636
630
646
634
632
641
632
630
641
627
629
638
632
627
639
628
629
636
634
628
641
637
627
635
639
628
637
641
631
638
640
632
634
645
630
635
640
633
627
646
643
634
637
646
633
640
646
634
641
646
638
636
646
636
631
646
645
632
640
640
632
635
644
630
631
641
633
627
642
629
628
636
635
625
636
631
626
635
631
622
639
633
627
623
638
627
625
632
629
621
637
626
622
632
635
622
627
637
632
626
641
635
627
620
619
635
641
636
634
627
641
634
633
641
631
635
639
628
638
637
629
639
634
628
638
637
628
637
638
627
633
640
636
626
639
633
623
639
631
624
635
629
624
637
623
626
631
622
638
639
638
630
630
643
639
631
631
645
632
638
640
635
626
641
640
634
621
644
636
620
639
636
626
629
628
612
638
631
634
621
626
639
632
625
627
633
621
625
636
623
621
637
629
621
636
636
622
622
639
626
623
633
626
628
637
621
630
642
640
627
636
638
629
627
642
626
628
639
636
626
637
642
638
628
634
637
624
629
632
624
624
634
621
622
635
629
623
637
631
624
641
632
627
646
644
636
644
650
646
643
654
651
644
649
653
644
642
651
650
642
646
651
645
647
653
646
651
649
640
634
647
632
631
640
636
626
638
638
628
622
639
626
626
631
626
624
640
624
630
637
624
621
629
632
617
634
625
619
632
632
621
627
633
624
622
637
631
621
638
634
628
638
635
624
639
633
628
639
639
627
643
633
628
641
638
629
641
638
628
638
637
627
636
633
624
638
634
624
633
633
624
629
636
623
627
638
626
624
635
632
620
628
633
623
626
634
629
619
633
619
620
642
641
630
625
621
630
633
625
627
622
631
620
629
628
618
631
629
621
623
637
621
622
635
624
622
633
628
623
637
628
624
617
629
630
625
625
638
629
629
635
631
630
630
628
631
636
635
638
639
638
634
641
639
637
639
642
642
646
645
644
645
647
650
647
647
648
647
650
648
646
649
650
652
656
650
648
655
653
650
654
653
648
651
655
648
650
655
653
649
655
654
651
657
650
648
658
656
656
666
663
660
657
662
653
658
651
664
666
656
666
661
656
664
660
664
670
659
657
671
672
664
662
672
671
670
662
664
673
673
672
665
671
675
669
672
675
671
670
679
677
672
674
664
662
659
679
676
666
672
680
677
674
675
682
674
671
678
673
672
680
681
681
676
685
686
680
678
687
686
678
683
686
682
674
674
681
669
676
683
684
681
678
675
684
684
675
673
682
683
684
684
673
682
685
682
680
672
680
681
682
672
679
684
684
683
678
681
683
683
682
678
677
687
686
684
683
673
680
682
681
681
672
682
681
680
677
676
675
670
677
676
672
668
671
675
665
670
675
670
669
667
677
675
673
673
666
676
678
676
674
666
675
675
671
670
662
669
669
666
661
659
665
662
658
662
663
657
657
663
661
655
660
666
661
663
670
670
672
673
677
679
679
680
679
678
673
679
677
675
673
662
672
671
669
663
673
671
671
669
667
664
652
653
658
660
660
660
658
662
669
672
676
672
673
681
679
677
669
678
677
676
674
665
668
664
669
669
674
672
668
664
662
664
665
667
658
652
658
655
653
647
648
648
653
645
648
652
655
654
650
658
661
662
658
669
670
673
666
674
673
671
662
672
672
672
671
669
662
667
668
667
668
663
667
667
666
662
657
664
662
662
656
665
664
671
664
664
668
669
667
663
658
655
653
658
663
663
660
664
661
656
660
661
664
660
657
653
656
657
659
659
656
658
665
669
666
666
668
663
663
667
666
674
672
677
672
670
669
669
670
670
667
665
665
663
665
665
666
664
660
659
665
669
667
667
666
661
663
655
661
664
664
664
656
662
658
660
647
659
661
657
664
664
663
659
650
657
657
656
653
652
649
647
645
647
652
647
655
665
660
659
656
668
671
665
673
676
671
669
661
676
673
672
671
664
674
675
674
673
672
671
659
676
673
671
658
670
671
669
667
659
668
668
665
665
664
653
668
668
667
668
668
669
667
656
673
672
670
670
658
671
669
666
672
670
669
668
667
657
672
671
668
668
667
658
670
670
664
664
671
670
668
669
669
663
653
661
660
663
658
661
667
668
671
667
663
663
659
664
661
662
662
659
661
659
654
654
662
664
662
669
668
673
678
676
664
678
678
677
675
675
674
662
679
676
674
673
672
671
668
660
674
669
666
667
666
663
663
663
667
668
657
665
665
666
667
664
657
661
664
665
664
661
656
651
658
659
660
660
659
667
665
668
678
676
671
677
677
679
675
665
678
677
675
672
661
672
675
675
673
673
674
664
674
674
674
670
670
674
664
673
673
673
672
673
661
675
675
673
665
670
676
676
674
674
673
672
667
668
675
664
676
675
676
673
671
668
672
673
672
662
672
663
657
666
670
665
671
671
670
655
671
670
670
668
669
660
668
674
672
668
659
674
672
671
672
673
670
664
673
672
670
667
675
678
675
670
671
677
681
680
679
677
665
679
678
674
674
672
670
655
668
667
666
667
666
662
656
654
657
659
668
669
667
670
675
681
675
675
667
676
679
677
677
675
673
662
677
678
676
671
673
675
675
674
674
664
673
676
672
671
659
675
676
675
673
660
678
678
676
674
675
667
677
677
676
671
671
678
673
676
672
672
677
676
675
674
674
674
661
678
677
675
675
674
661
675
667
656
676
677
678
666
678
678
675
661
676
672
671
672
662
677
669
667
662
674
676
677
677
676
676
679
677
682
682
679
679
676
670
675
674
680
677
676
673
670
672
671
670
670
661
664
666
670
668
666
670
669
674
676
672
666
669
667
657
655
658
667
654
660
672
669
670
659
665
672
672
666
665
668
670
669
667
658
661
663
664
664
660
664
667
673
667
672
676
677
673
673
666
669
680
681
678
678
678
677
670
679
680
678
676
665
675
675
668
670
678
676
678
675
678
676
669
681
681
681
679
679
678
668
683
684
683
684
683
682
680
672
683
682
679
679
678
668
681
680
678
678
677
667
680
680
678
677
676
667
680
679
676
673
675
673
680
678
677
677
665
680
678
676
674
666
674
672
672
670
655
663
662
667
663
659
664
664
665
663
664
660
670
675
673
668
674
680
676
685
680
679
679
677
675
679
682
681
679
678
676
673
680
679
673
669
666
667
661
670
669
672
663
674
675
676
673
668
673
679
678
673
678
681
687
687
686
685
675
688
687
687
687
685
676
686
688
687
690
688
688
681
688
688
686
686
684
682
676
679
679
678
670
672
680
684
686
677
685
688
679
688
688
685
684
674
687
686
683
680
669
682
679
677
676
675
665
671
668
665
667
665
661
665
670
669
669
663
670
674
671
672
669
663
667
667
668
665
659
664
664
670
667
662
669
669
666
667
664
663
657
654
661
666
665
674
669
663
676
673
668
659
649
655
676
676
676
663
677
680
676
676
674
672
661
664
659
655
651
646
649
649
651
649
647
648
647
645
650
654
661
662
664
659
670
676
677
677
669
672
671
670
673
675
680
683
676
665
682
683
683
682
682
671
683
685
683
677
683
684
683
684
684
675
688
686
671
683
684
675
684
683
682
678
674
687
688
687
681
688
689
688
687
682
688
688
688
687
685
684
678
676
685
683
682
680
677
668
682
682
680
679
678
667
684
683
681
682
676
682
688
687
686
688
688
683
682
697
691
696
697
697
696
696
693
688
697
695
692
689
677
692
690
687
686
684
676
683
686
685
682
679
671
686
680
683
686
685
683
682
669
686
683
681
673
682
681
668
680
680
679
669
682
682
679
676
672
678
674
671
669
657
674
673
672
665
652
656
666
665
665
658
667
666
659
661
660
673
665
678
681
680
682
681
679
671
668
685
682
674
686
684
682
677
675
669
675
687
686
686
680
689
688
688
683
684
687
681
692
692
691
689
682
694
693
691
679
691
690
690
689
688
687
685
678
688
688
687
675
685
688
687
682
692
690
692
691
691
690
688
678
693
692
685
683
683
676
676
678
679
677
674
668
673
671
672
666
664
665
669
673
671
672
665
672
677
676
676
671
678
678
672
675
675
677
672
680
681
679
678
675
670
674
676
673
672
674
668
672
674
677
672
673
672
665
668
674
672
669
667
666
675
679
672
681
681
688
693
687
675
688
688
687
685
684
675
689
680
690
689
689
688
685
682
672
684
685
683
681
682
681
678
675
677
682
684
683
686
676
687
686
685
683
675
684
676
685
687
688
684
685
684
687
691
685
687
683
683
671
673
673
673
671
673
668
663
671
672
671
669
669
669
668
667
666
666
664
668
669
670
664
664
666
660
668
669
672
668
670
667
672
668
667
674
672
677
678
684
683
682
682
677
668
675
678
675
672
671
668
667
664
655
662
661
659
661
658
654
658
660
659
657
656
656
660
661
664
663
660
660
659
656
663
669
675
675
676
671
676
677
679
681
678
678
676
669
673
676
676
674
677
674
675
670
674
676
675
675
667
677
674
677
671
676
676
677
679
677
679
672
680
678
681
683
681
677
671
676
681
682
687
688
686
687
685
690
695
687
691
691
693
698
696
694
687
693
694
692
688
681
673
665
674
673
674
670
673
678
681
680
684
685
688
684
681
676
672
669
671
670
673
668
674
674
681
676
680
685
684
683
677
674
680
681
682
679
683
678
681
674
681
681
683
686
687
683
685
686
690
690
687
679
685
683
682
678
677
679
674
678
682
678
679
680
682
687
688
688
684
681
680
671
678
679
677
674
670
666
666
659
662
668
666
670
670
671
673
672
678
682
683
689
688
685
682
686
690
688
688
688
684
681
671
678
679
680
681
679
684
686
686
688
688
683
692
691
690
690
690
689
689
689
679
694
694
693
693
691
681
693
694
694
693
691
684
685
687
688
689
685
688
681
690
691
690
694
698
694
688
692
694
692
691
690
688
689
687
680
686
683
683
685
680
685
688
691
690
687
694
692
695
696
684
694
695
694
694
692
691
688
676
691
690
688
687
684
680
662
665
660
660
652
653
653
653
654
653
650
649
647
656
660
671
671
670
669
679
681
688
680
666
664
657
660
653
648
655
656
664
647
660
660
660
658
655
648
647
649
647
645
643
643
642
653
653
656
659
655
655
656
661
660
665
679
675
683
677
683
685
684
685
685
679
688
688
687
684
676
686
686
686
685
676
686
688
689
687
688
687
678
687
688
689
689
688
681
688
691
688
690
678
693
690
694
696
683
697
700
700
700
693
700
700
697
697
681
699
694
697
695
683
694
688
697
692
694
694
680
694
694
694
691
697
699
691
690
695
704
695
698
694
705
702
699
694
706
706
700
695
705
708
705
700
694
707
705
701
693
708
708
701
697
707
704
697
691
703
707
699
698
689
705
705
699
699
695
703
703
693
694
696
700
694
691
689
684
697
694
686
684
680
691
689
688
688
673
687
689
686
682
679
688
690
688
687
682
682
681
692
688
688
683
695
695
689
688
688
700
691
693
686
699
693
691
684
696
693
688
685
696
692
686
684
696
694
686
688
692
693
685
684
686
691
688
681
676
688
684
680
678
665
664
681
679
678
672
681
681
680
670
664
673
674
672
676
668
670
670
672
669
680
679
677
672
670
677
671
666
681
680
672
681
673
681
686
691
681
673
673
676
679
676
669
675
662
651
649
664
656
640
663
639
625
625
623
621
617
607
605
604
597
592
586
596
595
594
596
586
586
602
595
590
588
585
595
588
597
586
597
593
589
594
594
588
587
595
587
585
592
590
587
600
591
589
598
596
594
598
602
598
599
606
602
600
603
600
597
601
602
605
602
604
599
596
598
598
594
599
598
598
602
601
598
598
598
602
608
608
603
604
605
593
606
604
608
608
605
602
600
609
603
604
607
609
605
605
608
626
630
636
637
636
635
633
636
625
624
631
631
633
638
644
646
646
638
640
637
633
646
636
633
647
652
650
646
650
631
650
651
653
648
602
681
646
650
642
649
643
655
656
656
658
664
663
668
665
662
653
664
646
659
654
657
651
658
658
657
648
631
626
623
627
630
622
618
624
625
624
619
620
623
627
625
621
621
631
633
626
626
632
632
628
622
623
632
633
635
635
631
643
643
638
632
634
636
629
620
621
628
631
630
629
627
635
640
627
632
644
648
646
643
643
651
649
641
639
647
648
641
639
646
643
634
632
642
646
646
641
637
640
657
655
667
659
657
652
665
664
653
657
656
656
656
650
658
651
649
649
649
644
646
652
661
657
657
656
648
654
661
661
646
651
647
641
639
633
626
624
627
626
626
626
626
621
622
624
629
626
626
620
621
623
626
631
632
634
628
628
628
633
630
628
628
626
615
616
618
613
613
610
607
609
608
611
612
613
611
609
608
600
597
594
594
594
586
596
593
600
596
602
604
613
613
616
617
612
614
619
609
616
612
618
619
620
620
620
616
613
613
613
613
620
614
610
612
617
612
618
625
620
618
616
629
624
614
630
628
631
623
625
628
632
627
629
628
631
620
635
633
628
633
635
640
635
630
622
634
630
622
633
631
633
627
620
633
627
619
617
623
627
626
622
631
625
619
625
630
621
633
636
619
631
630
630
624
619
613
623
608
612
610
606
612
605
605
608
604
605
604
607
597
604
606
603
601
607
603
606
610
602
610
606
601
604
604
602
602
604
598
602
602
597
600
599
596
601
601
599
599
599
603
600
597
599
604
597
601
604
601
596
601
603
594
600
599
596
596
599
604
599
601
609
605
603
608
608
606
615
613
612
607
614
608
607
610
604
605
610
605
605
609
611
606
608
610
608
611
614
612
611
616
622
609
619
620
619
615
622
624
619
619
616
611
619
621
613
621
626
625
614
615
624
611
618
616
613
612
616
615
614
622
629
622
611
613
610
614
614
613
609
618
617
621
615
619
620
629
626
620
614
615
606
605
605
601
603
604
599
598
604
598
600
605
598
606
606
609
606
604
613
611
616
626
619
622
620
609
626
620
610
620
618
608
617
623
611
623
623
614
617
623
613
622
627
615
614
626
618
615
633
623
613
628
622
615
621
620
610
615
619
604
611
616
607
606
617
605
605
617
603
604
616
603
608
622
607
608
619
604
616
614
606
615
616
605
612
604
600
607
601
602
605
604
601
607
608
610
604
604
606
604
607
609
607
604
609
608
606
604
611
610
606
615
613
611
605
601
608
617
621
623
621
617
622
614
619
617
611
612
618
621
617
615
617
621
616
622
620
616
619
619
612
619
613
614
619
615
612
615
619
612
612
615
614
611
615
615
609
618
614
613
616
620
616
616
619
617
612
620
614
613
616
611
612
615
616
608
619
622
618
613
617
616
612
618
617
617
620
618
613
617
617
612
622
616
615
623
620
617
625
616
623
621
611
627
612
614
624
612
617
629
624
613
625
618
611
625
617
608
627
615
610
622
617
612
626
626
613
617
621
613
612
624
611
615
620
605
620
619
609
605
623
618
609
618
624
611
606
622
607
609
621
623
612
608
621
605
618
614
606
614
619
601
620
617
609
604
617
601
603
604
602
597
604
600
596
601
601
598
604
602
598
604
596
599
601
599
600
604
599
605
604
602
607
607
606
606
613
607
608
612
609
604
611
604
602
606
601
597
601
603
598
600
601
604
602
613
610
610
604
615
617
622
614
619
608
609
612
608
604
612
612
606
605
611
602
605
602
600
601
599
598
603
607
598
600
606
606
599
605
607
604
612
612
605
618
615
612
609
614
602
611
601
600
604
597
595
599
597
593
596
594
592
590
598
589
592
595
592
592
601
593
597
605
598
596
603
603
598
604
598
597
600
599
594
602
594
599
604
600
597
601
598
595
600
594
591
593
590
587
594
585
588
590
588
584
583
589
586
585
587
590
582
584
587
586
580
582
588
580
580
585
586
583
585
591
585
589
595
596
588
598
595
592
592
598
593
592
595
601
594
601
601
599
594
604
596
594
602
601
594
599
598
594
602
602
598
604
606
598
609
607
606
601
610
601
604
602
597
605
601
600
597
598
592
594
598
592
592
596
592
587
594
591
584
595
592
589
588
598
593
589
597
597
593
595
597
590
598
593
590
595
597
590
601
598
597
595
601
595
595
602
597
595
599
593
591
594
589
582
581
569
573
574
571
569
572
567
568
572
572
570
567
571
563
561
566
563
558
565
563
566
566
568
570
562
562
566
566
569
567
563
569
564
566
572
571
575
573
576
576
571
571
577
582
581
592
593
592
587
587
595
596
594
597
604
595
604
597
588
586
591
580
593
596
594
600
