642
646
655
642
617
633
623
617
616
606
604
600
594
591
576
588
609
646
623
627
641
651
634
601
591
590
584
589
591
578
589
602
622
625
636
649
648
640
633
658
651
634
625
640
638
614
601
597
589
599
609
626
616
608
594
590
576
571
566
565
565
573
578
577
580
600
616
608
572
557
552
556
565
579
576
556
562
554
552
541
544
547
562
554
532
522
523
527
538
545
538
522
512
520
518
523
546
569
584
576
565
568
576
588
602
607
594
576
570
569
581
599
629
657
643
653
663
663
663
644
636
642
667
664
654
643
639
621
627
640
663
646
627
621
633
648
656
634
629
631
627
624
621
615
614
606
602
615
615
612
597
588
578
581
587
595
600
591
595
588
576
575
575
567
552
529
519
508
508
509
509
499
496
503
518
533
548
567
577
565
562
550
531
516
503
499
488
486
489
497
498
501
504
507
510
516
522
532
551
554
568
586
580
572
550
534
525
520
519
526
552
557
556
554
548
537
532
521
513
504
501
497
490
495
488
504
541
586
621
617
608
578
565
551
533
518
515
510
512
514
534
539
536
545
557
565
583
586
584
580
568
563
560
554
555
548
555
556
553
548
535
526
521
528
535
530
519
513
505
505
504
503
481
493
490
487
489
492
492
501
501
505
504
501
502
512
522
520
511
503
498
504
510
508
504
503
502
501
499
499
491
486
484
484
484
490
495
497
493
489
488
496
510
517
499
490
485
479
498
502
508
527
545
535
537
530
547
534
539
521
513
521
536
548
555
558
556
567
547
532
532
535
542
559
567
558
564
567
590
575
570
574
598
592
560
550
564
574
594
584
581
610
635
675
617
590
588
595
587
617
642
650
654
625
585
569
565
567
565
585
633
660
618
592
578
598
633
681
637
617
628
650
640
614
628
646
617
598
605
623
640
657
660
627
587
577
578
590
644
713
725
670
627
639
651
630
592
567
567
579
607
659
685
641
623
648
632
613
605
603
605
618
639
668
651
605
575
564
572
580
610
657
678
644
645
668
710
754
692
663
643
644
615
586
604
629
652
646
690
755
764
682
687
701
678
640
638
647
684
657
657
682
696
683
680
672
651
603
576
567
570
595
667
706
658
616
597
618
643
624
591
574
578
601
614
648
706
766
753
671
674
669
667
673
632
613
632
646
619
627
664
705
681
728
747
737
698
673
649
629
604
569
555
561
586
599
597
610
635
649
612
599
569
563
580
618
655
625
625
635
677
689
667
652
600
597
604
642
660
625
594
583
584
575
588
603
634
620
598
566
564
576
614
601
582
556
559
601
676
665
609
602
623
645
603
590
596
615
601
586
592
620
659
645
605
588
586
597
642
702
680
609
605
606
594
587
599
617
698
737
714
634
665
691
739
691
738
663
717
727
787
824
741
735
688
655
599
568
582
567
557
550
560
614
719
666
682
695
706
658
615
607
596
586
577
578
592
602
588
579
586
599
592
569
562
569
570
570
574
583
575
566
562
557
550
545
551
562
583
599
573
562
544
532
536
540
544
549
538
526
521
518
516
508
503
494
501
494
491
493
494
492
488
482
478
479
479
475
478
469
467
459
456
456
461
466
463
457
457
457
459
459
461
461
461
455
453
449
447
449
452
454
457
454
454
450
448
446
444
442
443
441
441
441
442
438
438
438
438
439
440
443
446
447
447
444
440
439
438
434
432
431
434
436
434
433
432
433
432
434
436
437
436
433
434
433
435
435
438
438
438
437
433
435
433
432
431
432
429
428
430
437
438
442
438
439
443
447
451
452
451
449
449
445
445
447
445
447
452
455
452
456
460
473
477
472
461
465
470
470
466
470
478
481
491
498
508
511
514
514
503
492
480
480
481
487
496
495
493
492
488
485
483
481
476
470
461
459
463
463
466
464
473
471
467
463
470
479
483
491
488
495
504
512
513
506
499
502
502
502
493
482
477
476
477
482
485
483
483
487
490
490
485
482
486
490
485
480
479
485
495
500
496
493
499
506
515
521
521
506
495
487
489
489
489
493
492
494
492
494
492
490
493
490
489
484
481
477
477
486
490
482
479
480
482
487
489
483
480
479
470
470
463
461
475
480
484
499
507
512
509
497
490
488
487
485
486
488
483
479
474
477
476
473
474
472
472
469
476
473
479
485
476
470
473
477
476
468
461
461
457
452
448
446
447
449
455
458
463
465
473
473
467
476
473
468
469
470
472
473
476
479
479
488
504
522
542
542
552
618
600
592
590
598
591
608
605
691
503
683
598
579
548
515
497
487
477
472
466
465
463
468
471
470
464
462
459
459
458
466
466
473
475
481
485
491
487
489
490
487
484
481
479
480
479
472
471
466
466
469
468
467
461
469
473
479
479
477
483
490
501
506
511
519
521
518
514
517
520
524
515
509
513
514
512
508
517
519
515
509
513
520
521
521
522
530
533
525
521
527
515
509
498
490
488
491
501
514
515
505
508
513
519
511
510
518
525
529
508
499
490
489
489
495
503
508
505
500
504
513
526
525
522
526
537
549
552
552
555
564
572
555
561
564
583
567
571
583
589
571
565
557
566
559
553
548
554
542
534
528
539
552
568
554
540
543
558
580
573
567
568
565
545
531
533
539
560
565
551
553
569
582
578
588
599
635
632
621
608
602
603
615
595
580
595
604
605
600
595
600
613
636
626
602
616
616
661
635
630
639
646
634
624
616
619
596
590
599
611
613
596
600
616
629
639
639
629
627
606
598
589
590
602
590
587
594
605
639
595
589
598
621
604
591
603
595
604
591
583
602
607
627
643
641
625
620
582
567
559
550
534
535
555
552
540
548
570
598
592
616
609
607
623
606
583
596
606
626
632
610
613
646
631
607
616
625
631
624
622
627
625
603
583
597
612
636
642
627
633
641
626
618
615
633
643
628
633
633
636
606
607
616
649
631
592
595
601
624
621
630
633
651
653
636
639
622
614
576
552
535
532
540
563
575
569
588
626
668
684
651
649
633
633
629
622
611
601
603
613
605
612
609
626
635
610
611
619
644
646
639
635
629
645
637
626
625
648
640
615
609
622
638
629
605
615
620
655
668
646
646
652
663
649
631
626
637
631
605
607
611
616
631
654
662
690
660
657
641
636
616
620
620
624
612
629
627
637
613
607
624
646
657
628
607
595
585
553
530
523
524
540
548
588
604
628
649
639
616
610
597
596
610
613
606
619
616
659
663
633
627
628
670
646
648
641
650
637
631
628
639
643
652
652
646
611
604
593
592
593
581
578
579
569
586
594
610
644
589
577
595
600
617
615
593
601
600
614
630
613
619
646
667
645
658
678
687
662
675
657
651
647
660
657
642
630
610
612
623
635
644
646
648
661
646
633
641
641
622
616
618
614
626
669
660
668
661
668
671
649
618
612
607
618
630
624
632
627
613
601
609
637
667
652
654
664
672
713
673
652
643
653
638
613
617
609
607
607
598
605
615
604
599
634
645
641
637
637
631
633
636
627
622
637
634
616
591
607
599
595
601
608
609
580
563
573
610
633
662
646
629
610
612
615
606
604
617
626
632
626
624
637
640
605
589
597
606
636
649
646
646
629
605
575
570
578
600
644
650
631
625
614
588
578
601
625
615
620
641
660
660
650
641
650
653
633
624
615
605
596
604
622
633
626
648
646
642
645
650
661
657
646
639
641
639
640
641
644
623
598
615
631
671
664
658
652
671
644
604
578
582
607
646
626
598
596
606
609
611
620
618
619
598
580
566
560
565
570
585
577
559
580
612
629
644
651
632
615
615
603
585
571
562
563
567
601
611
599
600
612
635
650
639
653
638
604
580
590
595
588
591
597
590
570
560
564
582
609
615
628
638
647
625
596
601
604
606
606
599
598
591
584
573
560
549
532
520
514
519
546
595
697
762
765
787
739
733
682
666
678
658
636
638
641
652
645
654
652
627
615
612
629
654
630
609
586
598
612
593
578
605
642
639
633
668
662
666
652
623
584
574
571
578
604
617
614
619
623
607
595
577
579
589
596
606
631
652
697
650
620
607
622
618
617
615
587
551
539
532
529
521
509
512
503
504
518
543
569
587
608
613
608
589
575
574
575
598
595
576
553
562
581
605
622
621
626
632
647
624
595
595
598
603
615
589
574
573
587
603
578
557
560
564
588
606
594
587
598
604
605
562
562
551
543
542
563
592
585
587
614
631
630
607
624
632
644
641
635
616
613
619
619
605
617
600
580
581
597
611
609
587
592
615
618
612
613
617
604
592
597
610
602
589
596
603
604
576
577
587
596
579
562
558
560
556
541
536
543
570
593
584
560
560
563
567
577
585
587
574
592
600
605
606
626
626
610
606
605
587
566
561
570
622
686
660
648
684
698
665
648
636
621
629
608
610
631
614
607
629
634
622
605
610
635
672
660
641
653
657
661
648
623
618
604
578
544
537
544
566
624
678
680
695
681
632
614
611
608
605
619
634
638
631
633
642
659
646
628
613
614
625
631
617
626
646
648
648
655
631
610
598
585
579
598
643
646
645
662
649
650
636
653
643
637
626
601
579
575
580
601
605
606
602
576
566
557
557
563
579
583
578
598
627
629
615
627
634
602
579
576
586
585
569
563
568
581
590
595
593
583
571
564
557
543
531
526
544
595
657
685
684
639
620
615
608
579
549
536
534
553
603
646
650
646
615
600
580
558
543
538
549
578
567
550
557
588
606
637
649
643
636
619
608
599
591
581
565
553
539
540
561
559
552
556
596
667
712
725
705
683
637
616
614
576
552
548
555
552
562
600
643
680
656
598
576
579
591
580
555
540
537
543
560
580
590
603
600
605
606
607
607
604
604
604
597
591
588
593
595
578
584
632
740
779
705
688
676
685
699
673
633
596
575
577
594
614
614
616
638
657
660
651
645
646
651
659
634
637
633
635
609
598
572
581
602
588
566
566
580
594
610
606
578
586
604
622
616
627
646
646
640
650
650
645
632
640
669
655
653
650
636
643
641
623
611
623
629
661
643
643
635
658
658
652
646
627
635
634
617
617
600
603
615
604
581
573
574
559
552
550
556
553
557
541
527
526
529
538
532
539
554
598
646
657
664
691
629
590
586
589
600
593
580
570
564
549
533
516
510
508
515
521
537
568
615
660
645
626
616
600
591
584
573
536
522
510
504
512
535
550
550
555
559
573
618
664
703
698
652
647
619
607
604
601
597
580
563
549
535
538
552
608
712
775
759
776
789
789
722
635
630
642
674
679
636
603
589
562
554
563
573
584
585
573
563
552
535
526
515
507
504
513
518
528
535
553
556
565
572
581
584
597
607
605
599
588
595
601
608
619
597
598
606
606
601
607
633
635
613
613
623
628
613
621
630
637
622
636
637
626
615
604
599
606
618
618
610
604
596
588
604
613
621
618
638
636
625
591
576
606
636
629
630
637
621
618
631
630
621
613
626
628
628
619
616
623
625
599
592
617
644
626
612
612
634
650
637
661
638
618
608
604
608
603
584
589
614
637
616
602
608
625
627
640
627
612
594
582
571
543
541
550
571
585
584
559
541
529
535
562
604
607
635
686
775
723
677
663
661
662
672
658
654
622
604
603
603
614
620
598
599
614
633
662
692
648
625
610
597
598
599
609
612
632
668
688
663
642
629
629
625
631
616
600
581
582
574
594
618
624
607
597
596
577
551
539
538
536
558
572
567
619
646
639
629
635
630
598
563
551
557
585
590
610
630
624
617
608
593
599
614
635
623
601
604
621
661
674
610
569
559
553
563
576
585
577
571
567
563
571
605
641
623
645
682
669
649
634
622
642
621
622
590
576
535
527
525
530
564
593
614
630
627
593
566
542
538
546
560
567
570
564
551
540
521
512
508
502
500
517
551
544
531
553
594
638
676
668
643
615
589
572
562
549
536
518
509
496
495
504
528
555
567
584
597
589
585
566
538
521
510
509
512
523
544
553
552
561
563
560
566
568
575
551
540
525
517
509
505
516
543
563
584
591
586
573
574
581
578
567
558
551
551
557
563
570
595
605
607
596
580
558
553
554
568
590
608
630
650
684
665
630
599
588
595
596
616
634
646
634
634
633
650
643
634
652
656
619
616
619
627
600
580
585
616
662
674
696
681
669
660
658
635
614
590
569
562
581
613
647
629
623
612
618
634
603
572
562
555
565
587
612
628
618
604
594
577
566
563
557
555
567
579
581
565
566
604
660
649
629
613
638
664
685
656
647
622
597
592
588
600
621
595
591
601
618
649
656
636
623
597
563
547
560
603
634
705
730
719
697
680
681
701
692
648
659
652
642
644
667
662
666
671
639
647
663
685
671
632
628
621
617
619
609
581
564
538
528
520
507
507
507
510
510
508
511
513
508
507
506
506
499
504
498
499
502
496
490
487
488
485
487
489
488
487
492
499
514
529
546
557
546
552
563
627
590
578
583
593
605
590
620
561
620
574
569
528
514
498
494
489
486
480
481
477
479
477
479
482
487
484
483
484
486
487
483
485
486
479
475
469
469
468
469
462
463
465
463
466
463
464
462
460
460
461
455
451
453
455
451
450
451
455
451
452
449
446
445
440
443
444
444
450
452
452
447
448
443
442
442
444
453
447
446
447
449
443
440
441
441
442
438
440
437
438
437
441
443
441
438
436
438
439
438
440
438
434
437
438
438
438
442
441
439
438
439
439
446
451
449
447
444
452
452
451
446
445
450
442
438
438
439
440
439
440
438
442
441
439
439
445
448
445
446
446
449
451
450
446
446
447
445
440
439
442
441
441
439
440
439
441
438
438
431
431
435
435
436
435
435
435
438
434
434
436
438
439
438
440
439
443
446
443
444
446
452
448
445
447
445
446
448
444
440
445
446
450
447
449
448
447
445
441
444
446
444
442
446
446
446
443
441
440
441
447
447
451
449
452
458
455
453
455
455
455
453
450
451
452
453
451
451
451
455
451
449
448
450
449
445
440
439
440
438
439
438
438
437
437
436
442
447
450
453
455
452
450
452
459
462
474
471
474
477
481
479
476
478
481
488
489
490
499
516
516
506
507
512
496
502
496
497
500
506
506
493
503
511
518
519
515
523
531
528
522
524
535
556
556
562
574
579
580
568
561
560
555
556
551
538
529
534
550
572
574
564
568
590
588
583
593
589
581
577
572
583
574
556
552
566
582
589
594
615
656
642
619
630
632
625
625
607
609
596
599
600
620
605
604
606
643
628
606
622
631
635
627
629
640
656
626
610
621
616
614
614
603
606
613
624
636
643
686
648
615
613
629
616
608
604
632
621
602
635
653
623
612
604
603
592
598
610
621
638
644
638
647
625
624
626
628
627
613
630
638
630
611
589
582
581
581
574
559
543
530
524
524
529
539
546
542
526
514
510
509
527
527
518
524
544
566
572
556
543
536
530
535
560
568
571
593
607
608
579
584
590
620
622
592
593
587
583
564
546
544
566
615
658
665
665
688
663
652
673
669
673
675
666
671
655
632
629
632
639
655
632
641
664
656
619
605
608
618
653
638
625
628
647
654
641
656
655
683
634
604
576
571
573
576
594
611
608
604
605
601
594
602
603
595
587
565
563
572
616
661
631
641
649
662
680
669
646
623
609
598
586
574
552
537
523
519
527
552
583
601
611
597
587
584
599
613
634
613
590
580
576
584
593
596
594
589
583
578
584
599
616
622
629
631
607
615
616
608
604
620
631
650
647
621
622
628
611
591
582
593
609
603
608
628
638
633
623
644
658
664
643
627
608
587
593
604
625
638
626
608
592
593
603
625
654
640
637
630
636
662
656
653
649
643
638
633
626
631
637
626
631
625
633
620
609
569
555
552
567
617
665
639
619
639
646
638
640
621
611
606
600
589
561
550
563
606
649
659
647
678
683
701
688
673
643
613
581
563
577
588
599
625
626
617
610
622
615
605
599
609
632
672
686
661
609
595
591
597
601
617
621
604
592
575
571
574
556
561
605
692
738
744
735
694
642
623
616
616
640
652
635
629
632
601
567
556
575
616
646
653
636
642
625
610
603
592
566
540
550
593
642
713
754
729
697
686
691
682
673
646
658
667
655
628
621
617
625
632
644
639
632
633
636
627
637
621
619
615
620
635
629
636
646
676
647
622
624
641
669
693
678
662
646
627
622
614
621
614
602
600
618
643
677
673
647
630
622
628
604
591
590
613
640
660
639
610
593
592
601
620
637
640
636
628
630
615
608
602
617
638
653
633
657
683
688
694
684
666
651
658
627
611
601
602
607
632
636
651
646
636
616
608
603
629
677
635
629
657
655
656
665
648
628
616
612
610
589
579
591
613
660
651
631
646
684
680
648
644
651
645
630
620
638
647
633
628
625
642
656
647
640
635
622
604
605
612
623
603
612
613
625
615
603
590
601
591
573
590
594
610
628
643
645
618
607
604
596
579
574
592
606
620
604
596
616
638
681
658
636
636
632
624
611
586
552
539
544
556
575
594
583
618
664
696
700
704
679
682
640
588
578
559
562
586
592
572
580
612
665
696
689
714
700
665
616
582
565
568
588
605
602
583
586
596
584
564
564
573
602
649
689
680
635
627
632
613
581
573
584
598
599
611
615
607
594
563
553
547
566
597
649
671
655
658
644
618
599
615
643
662
688
729
697
686
680
665
674
644
634
646
638
654
623
609
595
606
619
628
624
633
635
615
603
595
585
611
648
657
646
637
617
606
612
639
650
651
623
609
619
640
653
671
642
629
634
614
609
597
600
610
654
639
627
644
687
685
633
643
636
638
636
624
630
635
618
616
614
625
604
586
549
546
559
571
604
625
619
600
590
594
595
601
602
600
601
604
604
604
599
591
597
604
611
601
598
592
597
574
560
569
580
572
561
571
604
642
612
618
630
622
612
616
609
602
594
598
595
604
591
590
602
598
566
569
594
616
598
585
595
604
608
620
620
618
637
636
638
609
622
613
620
627
620
631
635
636
641
629
644
641
624
616
616
628
619
606
604
614
606
615
621
634
632
631
623
619
614
618
619
638
618
610
610
599
592
594
600
616
601
603
606
607
614
614
617
621
602
599
612
605
604
599
603
608
606
589
572
576
602
618
603
613
629
619
615
614
633
633
619
631
623
617
604
597
597
600
596
589
581
583
568
548
541
540
552
568
584
579
596
607
610
592
592
585
581
581
583
588
568
563
562
555
560
558
577
586
590
578
584
585
576
563
563
563
566
558
543
537
548
567
577
559
541
521
529
531
529
523
537
547
563
581
599
603
601
597
601
595
595
602
601
637
613
599
611
624
621
630
625
638
651
636
636
628
635
613
608
615
632
617
634
630
645
633
633
629
631
635
638
619
619
629
628
625
616
622
617
627
621
620
623
631
615
615
629
638
616
606
601
604
608
627
627
632
633
654
648
649
653
651
640
624
629
621
610
624
632
631
629
628
626
632
641
644
632
613
618
612
627
628
642
643
624
634
627
620
609
599
597
610
638
646
625
607
611
628
640
648
641
652
628
617
627
645
636
625
618
616
623
621
606
612
621
629
611
596
586
578
579
595
606
593
586
599
602
595
581
580
574
579
584
594
583
565
555
555
563
563
555
557
569
586
584
577
565
556
555
550
548
551
560
563
557
560
579
601
615
615
598
579
563
548
544
544
554
588
598
604
604
603
598
565
547
533
523
531
540
556
560
580
599
617
628
665
679
687
685
671
648
637
634
640
645
639
620
609
604
604
613
615
636
640
644
630
626
635
620
596
596
596
597
588
581
557
534
533
544
554
557
549
549
546
539
525
522
521
526
537
541
547
607
705
765
763
784
786
744
702
707
670
668
650
645
638
643
651
639
655
653
650
630
643
660
656
660
663
630
609
607
613
612
608
604
589
579
583
596
607
604
613
620
638
648
650
641
639
630
630
640
623
608
598
600
610
619
622
632
642
639
632
636
640
639
633
635
646
617
600
602
609
594
550
544
563
595
632
634
636
662
638
622
612
614
607
598
587
590
602
601
631
625
649
635
643
630
639
638
643
634
605
590
591
594
594
586
567
576
592
584
563
546
539
546
563
581
591
574
559
559
565
570
562
551
536
528
534
545
571
608
655
669
674
685
674
663
653
653
657
658
665
665
629
604
589
566
577
595
624
627
644
633
623
608
607
614
626
623
606
616
614
633
631
634
628
636
637
620
618
620
607
591
577
589
599
578
555
552
569
604
613
613
621
617
613
614
608
632
619
599
606
617
634
642
638
634
633
628
628
633
628
644
653
647
634
625
615
619
621
620
615
612
604
597
598
611
623
624
609
600
583
563
566
577
591
604
610
603
600
585
575
578
584
594
619
624
615
639
647
639
612
620
627
636
617
600
606
607
608
603
631
615
626
617
608
619
634
621
628
633
630
623
623
608
617
614
593
592
605
626
649
624
622
639
665
665
642
632
617
610
619
630
637
638
619
612
626
638
620
600
603
599
568
552
542
549
573
594
603
593
583
575
565
558
555
542
525
516
515
516
542
579
572
571
628
720
767
780
746
701
642
623
620
632
624
607
644
678
678
661
663
662
660
634
659
636
652
671
662
644
624
624
628
635
630
590
579
581
603
611
609
616
609
595
585
597
615
616
602
578
567
577
604
627
637
616
623
645
649
621
596
604
604
608
609
605
616
611
607
604
607
612
630
628
650
665
646
612
622
638
639
646
649
633
644
631
613
601
595
601
604
599
596
597
586
573
548
525
528
543
566
591
601
603
593
569
559
574
618
647
642
690
770
749
719
696
654
627
621
639
654
643
636
625
625
633
622
611
611
642
671
679
687
688
661
630
628
636
630
622
584
565
556
548
543
538
534
537
547
576
610
628
624
608
602
589
582
572
565
558
541
527
516
509
513
537
565
645
733
768
766
750
711
691
691
680
665
661
639
641
636
638
625
625
633
660
660
668
673
656
622
617
634
645
637
611
615
618
624
611
624
646
644
622
622
639
628
632
639
664
635
628
622
614
598
591
592
591
593
576
567
580
595
605
602
589
596
614
630
620
620
622
615
602
600
603
604
604
602
600
601
621
632
616
617
640
639
620
600
621
615
620
631
643
627
636
623
609
601
604
607
619
625
645
647
692
714
687
675
700
675
635
612
621
624
646
633
618
613
620
614
602
589
594
618
633
630
621
617
640
631
615
604
615
628
621
604
591
583
583
580
563
567
576
595
607
604
608
615
604
587
582
586
591
589
588
595
583
585
591
595
582
568
599
617
639
625
577
553
556
571
544
537
523
521
516
510
500
502
505
507
512
521
537
547
547
549
554
553
563
566
571
587
601
604
596
605
643
677
711
699
684
681
670
632
608
601
604
600
590
590
603
611
639
645
642
656
639
626
624
620
589
564
565
575
593
602
603
594
584
575
567
554
544
526
517
519
520
554
667
706
676
673
723
748
750
713
662
655
643
629
611
610
605
630
647
643
653
704
699
661
671
673
682
647
637
623
615
628
627
614
606
598
581
573
554
558
589
591
594
635
630
612
628
695
746
693
659
680
683
671
657
662
700
723
758
758
730
774
698
703
664
609
607
576
604
645
637
651
633
598
575
573
578
591
596
596
568
566
558
565
581
624
652
658
632
618
623
625
637
623
612
599
589
577
566
560
567
581
599
617
639
650
631
636
633
649
672
644
618
609
593
584
552
547
564
608
670
702
676
633
625
623
614
609
604
596
587
586
576
575
590
614
658
675
654
668
682
640
644
666
693
651
622
609
603
604
607
599
585
578
564
547
548
563
587
597
578
584
604
660
718
696
650
629
612
588
587
593
593
582
591
602
625
648
660
630
619
630
627
632
640
631
608
602
605
612
632
620
633
629
652
644
623
653
665
645
624
602
603
616
601
581
550
532
534
540
550
559
568
574
587
608
607
611
620
625
637
605
595
576
568
556
547
529
520
510
499
496
498
506
513
515
516
515
512
512
511
506
505
500
495
494
496
497
510
599
692
700
655
577
553
538
548
584
692
749
759
744
729
717
687
647
637
634
605
573
574
598
628
640
623
646
657
665
685
686
643
620
617
599
601
604
592
604
617
637
644
628
626
631
635
630
613
583
581
594
605
623
627
612
602
582
573
566
558
551
541
530
524
530
573
704
731
724
729
689
671
667
641
623
605
604
600
594
590
583
580
575
565
574
594
606
684
745
711
685
731
734
740
730
711
680
675
649
644
658
692
657
643
642
650
666
641
625
632
648
651
641
624
617
630
634
633
653
624
631
630
621
606
603
607
613
626
636
661
657
654
669
662
674
650
632
618
610
609
612
638
650
632
606
610
594
583
594
607
614
630
624
609
630
662
654
624
616
621
630
628
609
622
628
629
603
608
604
603
587
573
573
565
567
581
561
555
542
526
525
529
529
531
537
537
532
529
519
515
513
513
514
525
527
533
552
575
616
637
619
623
646
653
663
636
625
633
623
630
628
636
616
609
621
639
608
602
616
631
642
621
632
644
650
646
647
621
611
592
576
572
581
588
574
551
541
543
547
549
542
529
526
542
588
654
687
672
633
617
593
593
586
566
558
543
535
518
518
531
541
558
555
550
562
595
635
652
632
610
601
597
583
558
532
533
544
571
590
586
609
644
654
649
663
628
574
558
550
548
563
590
597
596
586
574
565
559
541
535
527
533
559
578
600
608
615
605
594
587
577
569
559
561
556
548
549
558
590
665
668
655
690
691
646
612
620
638
630
596
582
579
582
572
564
557
566
589
619
620
606
574
561
561
567
583
605
609
606
591
580
565
529
520
521
526
546
590
671
692
651
668
688
687
665
700
678
645
646
635
626
628
622
631
629
632
630
630
616
602
608
607
610
605
598
598
595
605
625
631
623
633
635
644
632
633
604
608
618
620
611
607
604
593
580
561
561
584
610
621
623
619
611
621
633
631
607
604
607
618
624
643
628
606
602
599
599
598
595
586
604
617
642
635
620
603
593
589
591
607
619
628
614
604
609
620
623
649
643
654
652
632
603
602
606
628
611
611
604
596
584
573
582
585
594
616
628
649
700
696
653
630
630
637
641
624
626
634
612
609
602
614
605
600
638
658
659
638
618
622
646
641
646
627
617
608
602
597
585
574
588
644
666
614
592
608
643
623
637
666
664
630
617
606
616
614
603
573
563
560
565
590
613
625
629
639
631
603
603
590
570
566
578
610
670
686
646
632
609
576
548
534
537
544
546
564
563
546
535
533
530
529
523
512
515
510
506
504
505
498
493
485
486
487
482
482
486
485
484
486
485
484
484
481
479
478
480
480
478
477
473
474
470
469
465
460
462
470
469
463
469
467
470
477
483
487
495
505
514
517
516
502
499
500
504
512
505
502
504
497
495
490
495
494
494
491
485
482
483
482
484
485
479
479
483
486
487
490
495
507
518
535
542
547
572
572
564
568
587
596
597
580
641
610
588
576
567
561
543
499
493
485
481
478
477
474
478
478
482
475
461
461
462
460
457
454
454
454
455
454
452
448
452
446
446
443
447
446
447
444
444
449
449
448
446
445
443
444
438
437
436
440
439
438
440
444
444
444
441
437
439
434
437
437
439
441
441
440
440
439
435
440
437
433
435
436
434
433
437
437
438
435
434
436
437
434
432
434
434
437
435
435
432
435
433
430
431
432
436
436
436
436
436
436
431
429
432
435
431
432
433
434
436
432
430
431
431
428
426
430
434
433
429
428
432
434
431
431
433
434
435
431
430
432
433
427
431
431
433
434
440
445
443
441
438
438
438
438
438
435
435
435
430
429
431
432
433
431
432
431
435
433
431
429
433
437
436
435
435
437
436
430
429
432
436
426
431
432
433
432
427
426
429
430
426
428
430
432
432
429
428
430
433
430
433
432
433
433
433
428
428
432
432
431
429
428
430
429
431
436
434
432
436
435
438
435
432
431
434
436
436
437
435
436
435
438
435
433
433
433
437
436
435
433
432
433
436
431
433
434
435
437
436
431
429
431
432
429
429
432
434
435
432
430
431
432
434
438
439
440
439
440
438
438
437
438
439
439
438
437
438
437
431
430
434
434
436
437
436
437
438
438
436
436
437
441
458
467
459
454
456
454
452
451
448
451
449
450
444
445
441
443
435
431
435
433
433
433
435
431
432
424
425
425
425
418
419
422
422
421
425
429
429
429
432
438
442
441
444
446
452
455
453
452
456
461
458
454
454
456
459
463
466
475
476
470
467
462
465
474
479
480
476
486
500
514
518
511
515
522
534
548
540
533
555
560
552
550
554
560
562
559
552
556
573
576
559
570
581
586
560
559
555
561
562
549
544
561
579
572
567
587
600
592
573
577
580
587
590
567
562
568
563
550
556
564
591
584
574
573
578
561
563
569
572
556
547
549
547
550
553
556
559
563
562
579
598
590
594
604
608
624
627
630
670
636
623
620
646
622
604
629
653
646
653
646
636
645
627
604
625
623
627
606
597
605
615
600
593
607
618
609
602
606
620
648
639
619
628
622
617
611
617
627
649
633
622
625
649
653
646
647
639
629
606
600
593
590
578
563
572
602
609
589
591
605
614
594
580
566
552
535
526
522
545
571
598
639
661
656
652
610
604
575
567
578
597
606
631
633
646
637
605
600
599
604
606
601
590
588
609
665
669
666
677
679
646
643
636
662
684
664
640
663
647
654
648
634
636
618
599
586
589
593
616
650
691
662
662
655
611
600
612
634
646
614
627
636
642
646
620
593
582
580
582
596
596
593
595
606
612
631
631
599
614
623
644
639
633
619
593
584
585
591
587
592
612
644
663
634
654
678
661
640
643
635
631
615
611
608
601
584
576
572
581
610
624
613
615
641
668
652
652
662
655
647
633
606
601
599
601
622
623
613
606
612
609
634
631
619
617
649
662
673
674
640
620
604
580
550
543
558
580
632
658
633
645
638
605
612
617
620
635
636
637
596
571
581
585
600
612
617
620
602
584
573
564
564
553
599
679
655
617
636
649
701
706
679
672
646
650
616
588
591
597
614
645
633
612
605
600
582
562
553
569
588
637
644
612
616
640
651
628
642
634
646
625
618
627
626
617
614
610
610
615
632
635
642
633
638
656
638
618
616
634
641
624
622
629
628
618
619
636
636
634
645
632
636
645
635
644
626
621
615
615
607
601
607
629
633
623
635
667
665
654
641
605
613
627
619
638
646
627
604
584
570
574
580
605
637
659
647
637
631
625
617
604
577
570
560
547
548
551
575
653
655
734
775
818
818
748
731
699
669
678
678
700
659
644
640
643
653
648
649
648
625
608
618
647
680
688
682
662
650
645
639
632
643
640
676
669
628
607
588
584
573
564
564
585
603
614
613
615
609
591
586
573
575
598
604
608
614
619
625
630
606
602
602
602
618
617
615
608
592
576
575
588
582
568
572
572
589
609
619
618
604
585
579
569
569
564
575
599
648
648
610
620
627
628
639
642
617
598
596
589
574
579
586
606
649
643
612
614
619
632
631
619
600
579
579
579
598
585
583
607
629
657
656
641
649
646
643
636
619
624
620
599
568
562
572
573
583
592
590
580
579
577
572
566
585
604
621
633
640
695
669
655
656
661
650
634
635
628
618
625
623
626
630
617
613
617
644
658
646
667
670
653
642
628
619
615
593
551
540
551
545
551
550
540
534
547
557
563
559
538
517
524
514
512
506
501
502
512
514
517
523
532
552
546
542
541
535
536
530
521
524
521
523
521
521
522
519
516
516
518
511
509
509
508
508
505
500
504
505
498
497
497
500
493
488
484
482
484
483
479
478
476
478
479
477
477
477
477
476
477
477
474
472
472
474
472
471
472
468
471
473
473
470
473
471
466
467
469
466
463
462
461
457
456
456
456
456
456
455
454
454
454
452
450
449
454
452
450
456
467
478
485
487
491
495
503
492
490
496
492
491
488
484
481
476
472
477
475
470
468
463
460
462
455
453
453
459
460
460
458
459
458
457
459
461
457
460
469
475
472
473
478
478
479
471
475
475
482
482
490
501
504
501
503
495
499
509
518
520
502
493
487
485
484
486
489
497
501
510
504
498
492
484
480
479
477
479
481
480
483
478
479
487
494
503
498
504
517
525
534
535
528
512
508
517
522
528
531
542
542
538
520
514
514
517
525
531
541
544
543
534
521
519
527
546
568
590
563
563
567
572
565
555
576
590
575
574
579
576
559
561
570
564
555
562
572
588
582
597
626
652
627
619
629
614
598
598
607
592
562
543
544
554
579
585
551
555
581
608
615
597
585
592
586
575
563
544
555
580
595
623
620
592
565
567
581
604
620
628
619
587
565
562
569
584
612
623
624
628
667
628
625
580
572
589
644
678
615
617
646
683
643
625
611
617
617
637
651
660
621
609
633
660
666
643
602
590
601
607
621
602
593
599
630
621
602
604
606
606
592
582
585
594
600
579
565
568
596
602
605
604
608
592
583
569
547
546
562
582
591
567
569
579
563
557
557
563
564
561
549
532
537
553
561
574
596
624
643
646
610
586
589
595
604
608
601
599
591
610
636
591
575
584
598
594
557
543
546
554
563
574
583
565
558
562
571
552
561
566
579
568
562
545
533
530
525
521
528
528
529
525
521
521
529
539
532
523
532
553
564
560
560
601
604
617
611
614
631
664
661
665
652
644
636
591
569
559
554
550
537
524
516
510
506
518
524
528
527
527
529
523
511
504
502
507
499
502
503
494
492
493
500
497
499
504
507
510
506
507
497
495
483
491
514
533
515
507
502
498
490
480
476
476
474
468
464
461
461
456
455
451
451
447
444
442
438
434
432
433
433
432
430
430
429
428
430
436
438
438
443
450
466
474
489
482
483
492
503
509
519
529
546
558
561
569
563
556
535
533
521
514
513
511
513
511
517
521
523
524
523
530
533
535
546
548
545
552
543
540
534
530
526
521
508
500
491
485
482
478
470
463
460
457
450
447
444
443
439
439
438
436
436
436
430
426
425
422
422
422
423
421
419
420
417
415
411
410
410
409
404
405
404
404
401
407
405
404
404
399
402
402
402
404
403
406
405
408
413
414
416
413
415
420
418
416
418
420
423
416
417
418
420
426
423
423
423
425
427
427
428
428
431
434
433
431
430
432
435
437
437
436
434
434
438
438
439
439
439
442
443
440
439
441
438
436
436
438
438
432
433
436
437
439
438
438
442
447
449
453
461
463
467
463
469
467
465
463
463
461
461
453
452
450
453
453
451
452
449
450
455
459
460
464
467
461
462
463
465
468
467
468
467
468
464
459
463
465
462
460
459
462
464
461
461
458
456
454
455
455
450
451
449
445
443
445
445
448
445
444
443
445
442
446
449
448
446
447
452
456
457
457
456
461
458
459
456
459
460
464
469
465
461
457
458
456
458
454
454
450
446
446
449
457
460
454
450
451
450
454
459
458
467
478
483
490
494
487
489
482
474
471
470
458
458
454
452
459
464
461
459
462
463
465
462
458
455
457
457
456
456
455
459
461
464
466
470
470
467
465
465
459
464
465
479
481
479
477
482
483
480
483
491
493
491
494
488
493
497
500
497
500
499
503
508
509
497
503
507
509
507
511
509
505
499
498
497
493
497
501
506
500
492
483
483
483
484
481
480
481
486
499
500
495
495
508
517
502
510
509
509
501
496
490
489
486
491
495
505
491
496
495
493
492
501
496
485
485
485
479
479
479
481
477
473
473
477
474
473
472
465
467
475
474
477
466
471
473
475
472
474
465
469
470
469
474
474
472
469
462
459
456
453
453
466
472
481
478
478
469
467
469
474
475
471
468
469
468
464
470
470
477
477
473
466
472
464
467
466
468
465
475
484
485
480
479
482
482
482
474
474
473
473
477
478
478
479
481
486
488
490
501
508
508
507
502
503
502
505
500
492
505
492
495
493
488
503
492
503
506
521
510
524
524
538
528
541
540
539
525
530
530
528
521
519
515
505
507
507
520
527
524
535
551
567
583
575
575
571
572
574
570
572
574
576
555
543
541
540
547
538
530
536
547
558
552
559
566
584
579
574
594
604
606
579
579
573
581
569
569
568
576
569
567
580
600
609
599
619
633
618
612
594
590
552
532
521
521
526
530
520
522
532
549
566
568
588
615
637
612
602
615
618
569
568
551
539
528
518
502
499
489
488
483
487
476
473
468
466
471
465
461
459
458
458
459
460
458
455
454
455
457
452
450
453
463
480
509
526
515
511
525
521
522
515
503
511
518
510
513
517
520
515
506
512
514
516
506
495
495
495
492
489
486
490
493
497
491
486
490
495
505
501
505
512
520
526
525
522
530
542
550
544
525
521
511
512
503
498
492
485
488
481
479
477
478
479
489
498
487
498
498
500
492
486
482
477
489
507
505
503
498
496
495
490
483
484
481
478
472
470
467
467
464
467
465
462
460
462
466
472
473
468
471
472
471
469
470
470
467
470
469
468
471
469
471
471
468
466
470
469
471
471
469
468
460
457
453
451
452
449
448
449
452
458
458
457
461
463
464
469
470
461
459
460
459
464
472
479
480
489
501
510
503
495
493
486
495
494
502
498
506
510
500
503
508
494
497
487
489
481
484
483
489
490
498
504
513
518
520
510
514
520
527
534
540
536
528
526
520
499
493
489
486
494
535
563
570
593
618
628
621
601
587
582
571
561
554
547
521
512
505
503
511
532
531
531
528
544
533
529
534
531
513
516
506
497
501
509
521
508
521
529
543
530
531
532
531
530
526
526
527
522
501
497
493
493
499
501
510
516
524
532
537
526
524
519
514
511
503
504
501
501
500
502
504
516
524
531
543
543
565
568
567
557
538
531
539
550
554
559
568
551
532
526
518
510
504
507
513
505
507
512
523
533
544
555
548
523
526
541
535
525
525
519
519
516
510
511
521
528
523
520
522
522
525
521
518
521
532
541
543
542
539
548
550
543
535
523
510
510
508
511
521
533
540
538
538
534
530
523
513
514
521
521
522
548
578
577
571
549
539
531
538
549
558
565
550
553
537
538
532
534
546
548
558
554
551
547
535
532
532
527
521
518
508
504
499
498
499
506
504
504
504
508
510
522
529
537
540
540
532
525
526
524
509
507
506
507
504
509
511
516
524
524
522
519
525
524
527
510
506
501
497
498
504
511
514
525
532
541
539
530
527
541
532
531
528
527
527
515
512
516
514
515
509
501
499
501
495
494
504
515
512
515
510
516
517
521
535
530
539
532
516
521
525
520
520
513
506
501
496
497
495
500
514
511
511
515
508
503
514
517
521
523
514
507
511
517
521
517
514
511
510
506
500
517
529
530
543
547
552
552
552
561
548
560
556
554
532
528
529
525
528
525
531
537
527
526
521
531
525
525
520
522
521
514
514
514
517
514
513
504
513
518
516
523
537
549
552
546
538
521
523
518
509
505
501
502
501
502
499
492
492
502
511
512
520
524
520
515
517
522
525
523
522
505
505
508
507
501
504
505
509
527
526
534
522
521
511
515
514
509
502
507
498
497
506
507
510
509
515
524
538
540
536
530
534
526
514
519
514
509
507
513
509
512
508
500
493
499
486
492
484
481
482
482
481
479
489
506
514
513
513
521
510
514
539
561
556
552
540
530
517
509
501
493
497
499
503
495
491
488
496
511
533
554
552
535
536
526
536
536
525
511
517
523
537
548
555
564
552
533
519
518
521
522
520
517
519
514
512
507
507
504
500
496
488
483
483
482
489
505
521
526
543
560
574
573
542
544
544
558
559
549
549
567
572
559
542
535
524
524
530
522
525
524
522
509
514
519
527
524
525
526
541
547
524
521
520
517
515
513
515
514
512
509
522
535
546
552
577
565
554
562
565
553
545
543
526
530
525
524
525
524
517
515
519
506
511
507
512
513
514
521
515
516
513
516
518
516
506
505
506
499
497
489
483
482
481
484
485
492
493
498
500
495
501
491
494
502
506
512
517
524
521
522
528
536
531
526
517
514
512
508
516
512
516
524
530
550
560
566
563
557
559
543
540
527
517
528
541
537
535
540
540
551
553
543
537
528
528
530
516
513
512
517
522
524
536
563
573
574
557
549
534
528
533
542
542
555
550
542
546
535
528
527
528
534
540
547
532
543
554
548
553
536
556
572
560
549
543
539
527
520
519
524
529
537
531
531
532
539
550
542
538
542
540
518
513
510
508
511
520
524
527
530
522
521
525
541
538
540
536
531
526
526
534
537
529
526
534
536
545
555
558
542
526
522
521
521
515
517
521
519
518
515
505
506
509
512
509
506
512
518
523
526
519
517
518
515
517
522
535
553
555
562
561
555
537
530
532
520
511
511
520
526
531
525
535
529
524
532
535
534
542
550
552
539
521
521
522
525
530
530
533
530
520
520
523
523
525
529
531
526
515
509
500
495
487
493
494
496
490
498
509
519
529
530
532
532
535
540
561
543
550
536
526
535
535
532
519
505
499
503
506
517
521
554
588
597
618
628
621
608
577
563
577
592
616
624
610
636
622
627
632
611
578
569
555
526
522
518
506
505
502
494
486
484
482
485
488
492
495
491
484
476
472
469
470
473
475
479
479
478
477
477
479
480
482
486
499
509
514
510
503
495
499
501
504
506
512
520
515
505
506
510
517
517
514
512
507
500
492
493
498
511
514
520
526
528
524
530
525
519
516
517
524
525
535
536
537
541
551
555
561
554
542
529
518
512
506
504
499
499
495
501
500
495
506
503
501
505
516
521
516
515
519
520
518
519
514
522
525
523
526
532
524
522
521
517
512
512
520
516
509
523
524
519
514
502
502
500
492
495
500
502
502
499
493
490
489
487
497
501
507
507
504
501
508
511
498
499
491
493
496
495
497
486
481
479
477
481
491
506
520
527
536
538
543
540
532
513
510
500
490
489
497
504
507
510
513
519
521
525
508
500
499
493
498
512
524
530
538
540
536
536
534
531
530
534
533
516
518
521
551
572
590
585
604
606
666
646
650
670
676
659
614
600
589
577
565
547
529
521
516
512
501
497
497
503
507
502
497
489
493
501
522
546
559
518
517
508
512
510
499
505
500
500
500
499
498
490
486
481
485
483
478
477
479
477
474
474
474
475
477
477
481
477
478
473
473
471
473
466
461
457
457
453
454
455
457
453
450
450
452
452
455
453
456
455
458
457
452
459
456
454
456
453
455
453
454
451
452
450
448
444
448
447
451
449
447
449
450
452
448
450
448
449
448
449
446
447
446
442
438
438
440
438
437
437
439
438
441
440
441
443
452
455
473
476
486
509
535
541
531
547
542
539
549
555
537
525
515
509
485
452
447
445
439
437
436
434
432
433
429
426
424
427
427
426
427
426
428
427
425
422
425
428
427
428
430
432
434
436
431
435
434
435
433
433
435
438
432
429
430
429
428
427
426
430
428
427
426
422
424
427
428
429
428
427
428
428
429
426
422
423
425
425
423
425
425
427
426
421
419
424
425
424
424
425
424
424
424
419
419
422
422
421
421
421
422
423
419
418
422
422
422
422
422
423
424
419
418
420
421
421
420
422
421
425
422
419
418
423
418
419
417
419
420
420
420
416
415
413
419
420
424
423
422
423
420
422
419
418
416
418
421
420
419
417
418
418
415
417
419
420
423
423
421
423
421
420
418
421
423
422
421
419
421
419
416
418
418
420
419
418
418
420
416
414
413
414
418
415
415
414
418
415
410
411
413
415
412
415
414
417
411
410
411
413
414
418
422
423
417
417
420
422
422
424
425
431
427
424
423
427
431
432
440
446
459
466
480
487
505
514
525
567
563
564
546
548
528
514
499
444
435
426
419
419
419
418
412
409
411
409
408
408
407
408
410
404
404
408
409
409
405
405
407
406
406
408
409
409
404
406
407
408
406
409
407
412
410
410
411
412
411
405
406
409
409
409
406
410
409
406
409
410
409
410
412
408
408
412
413
411
410
410
410
409
411
411
416
410
408
409
409
408
410
410
409
411
408
407
410
409
412
409
406
408
410
411
411
411
411
413
410
407
411
413
413
409
407
407
406
412
415
416
415
416
412
410
412
411
414
412
408
408
410
413
412
411
409
410
411
409
409
410
411
412
410
409
410
414
414
416
414
412
412
414
417
414
415
415
416
413
409
410
411
414
411
408
407
408
406
407
408
407
411
403
403
406
408
408
407
406
406
406
406
406
408
409
407
404
406
410
410
408
407
408
410
405
406
407
406
410
409
405
404
406
408
404
404
406
408
407
408
406
407
407
406
407
407
411
408
407
408
410
411
410
410
410
413
416
418
416
415
418
412
411
415
413
413
412
406
406
406
400
406
401
403
402
400
400
402
399
396
397
396
396
399
402
396
395
397
397
397
396
396
397
397
396
396
396
398
401
402
402
403
