555
7904
506
563
432
10162
521
524
522
521
518
521
522
529
526
532
525
531
527
527
532
529
522
527
529
527
530
527
520
521
523
524
525
523
519
520
522
523
525
525
519
514
518
517
517
519
521
525
528
536
543
546
555
563
589
575
567
596
577
596
594
606
593
572
562
558
556
555
562
559
557
557
556
558
554
545
540
537
537
536
538
536
540
540
542
544
543
542
543
532
531
531
531
529
524
523
525
528
531
534
537
527
528
525
524
525
527
529
525
521
521
520
517
517
518
526
521
518
514
521
519
519
517
522
521
524
522
522
519
517
514
508
508
508
510
507
504
502
502
494
490
492
488
486
487
485
483
484
489
491
484
487
486
493
492
494
494
491
496
496
501
999
503
502
505
998
502
502
502
501
497
501
502
536
460
496
500
498
494
494
492
496
490
492
491
488
489
486
488
485
489
489
484
483
483
485
483
482
479
481
482
479
481
479
479
481
480
479
480
480
481
480
482
478
481
479
478
477
477
479
475
477
475
473
477
472
472
470
469
472
471
467
469
467
470
469
468
466
464
470
934
469
467
464
463
467
468
466
462
467
465
466
466
463
467
468
468
467
466
469
472
471
470
469
474
473
473
472
472
476
476
474
473
472
476
476
474
477
477
477
478
482
478
479
479
479
480
479
482
481
480
484
483
484
486
484
483
479
477
475
477
475
475
473
470
468
470
467
466
469
468
465
466
462
465
460
458
461
459
458
457
454
459
460
458
458
454
462
461
460
461
461
466
468
470
468
477
478
481
490
487
483
481
484
485
481
481
479
477
477
477
475
476
474
474
474
475
472
474
467
473
466
467
464
469
465
470
469
469
467
467
463
465
464
462
462
464
459
465
464
466
465
467
463
467
466
466
469
467
465
470
468
471
464
468
467
467
464
468
469
467
469
471
472
478
478
477
477
480
483
487
494
494
491
491
495
493
496
490
488
480
484
478
478
479
475
471
476
479
477
479
479
476
479
481
483
483
485
486
489
489
492
495
495
500
502
504
494
492
489
487
485
480
479
478
478
474
471
472
473
475
473
475
471
473
475
477
479
485
484
484
482
487
487
490
488
487
484
485
484
480
479
476
474
474
476
477
478
473
477
479
482
481
484
486
491
492
490
487
485
487
492
504
516
527
543
530
530
525
521
509
499
494
492
490
486
480
483
484
484
480
483
485
488
490
487
498
508
513
517
511
508
514
517
513
508
502
501
501
498
501
494
494
493
494
494
491
494
496
494
492
491
489
489
487
495
492
492
489
492
494
497
499
496
496
492
498
501
505
503
500
506
508
512
514
503
502
498
501
501
494
493
495
492
497
499
499
505
509
502
506
507
511
505
502
504
499
497
495
495
491
488
486
484
480
484
478
480
479
474
473
471
472
472
473
469
473
474
475
479
476
479
481
485
485
483
488
491
493
489
490
488
488
486
487
485
487
486
490
493
495
497
499
502
508
515
517
515
507
507
506
504
501
499
494
493
493
493
491
489
485
488
486
492
488
489
486
488
488
493
492
497
499
490
490
485
486
487
483
485
476
479
478
477
476
478
479
480
483
484
490
494
493
495
492
490
492
492
488
486
486
486
483
485
485
482
483
486
485
484
484
483
482
483
486
482
485
488
488
485
488
481
484
485
481
482
483
479
475
471
473
472
470
468
470
467
469
471
470
471
473
478
481
479
476
478
481
480
484
484
481
481
483
484
482
479
480
480
478
478
476
475
476
477
474
473
476
473
472
471
471
468
468
468
467
467
466
466
466
467
468
467
466
467
465
467
466
465
463
462
463
459
460
460
460
458
458
461
460
459
458
459
457
458
460
461
461
461
460
462
462
461
461
464
464
462
465
463
469
466
472
470
475
474
479
476
474
474
478
479
476
475
475
476
472
472
474
473
471
470
472
472
473
474
474
475
476
476
478
476
474
474
472
475
476
476
476
475
474
477
474
478
471
472
472
469
470
466
465
465
466
461
462
459
460
460
457
458
459
460
459
457
461
464
465
465
465
468
468
466
469
465
465
467
467
464
467
467
463
465
465
464
463
463
462
464
464
466
466
467
467
469
468
468
469
469
467
468
467
466
467
463
463
464
464
463
459
459
457
458
458
460
460
462
462
462
468
466
465
473
468
470
471
472
472
471
470
469
469
469
469
472
470
467
468
467
467
468
466
464
465
464
464
465
466
464
462
461
461
462
459
461
461
460
459
457
459
458
460
459
458
457
458
458
456
457
459
458
458
456
453
456
453
451
456
453
451
452
451
456
453
452
453
451
454
456
456
456
454
455
455
460
453
453
455
454
452
454
453
451
452
450
450
450
450
451
451
449
451
451
453
446
447
446
447
448
447
445
444
446
446
445
446
448
449
450
448
451
450
450
450
448
451
452
450
450
454
454
455
453
452
452
453
456
455
452
450
452
454
454
455
455
456
454
453
454
455
457
456
456
459
457
457
460
458
458
458
461
460
461
458
462
460
465
466
473
476
474
482
479
479
479
477
475
471
470
471
465
471
466
467
464
465
462
461
460
460
461
454
455
453
456
451
454
451
448
448
448
454
453
451
451
454
456
454
454
455
456
455
457
457
456
457
455
453
455
453
456
457
457
458
456
456
456
457
459
456
455
457
455
453
454
453
456
455
455
453
455
455
453
457
456
459
459
461
457
456
456
456
456
457
459
456
456
453
451
453
448
450
449
453
450
450
448
447
449
449
450
451
451
450
451
451
451
453
452
448
446
446
445
447
445
443
446
442
443
443
445
444
442
441
441
443
442
440
440
439
440
440
440
438
437
439
439
440
440
441
438
438
438
439
440
441
440
438
439
439
441
439
441
442
440
439
438
441
441
440
438
441
438
440
442
439
439
438
438
438
436
438
438
438
441
440
445
444
450
450
449
453
452
450
450
446
446
444
445
447
444
443
441
440
442
446
444
441
440
439
440
440
442
439
438
438
438
437
436
436
436
436
438
437
438
438
436
435
434
438
439
438
438
438
437
439
439
441
441
440
444
446
446
444
444
445
445
444
445
445
447
448
450
447
446
446
444
443
445
445
446
444
442
443
442
445
444
449
451
451
457
455
454
454
455
454
452
453
456
457
449
451
452
451
449
448
444
445
445
444
444
446
445
444
444
442
444
444
445
445
441
441
443
443
438
439
439
439
439
440
443
442
447
447
449
450
449
450
446
451
452
450
450
447
452
453
453
452
448
452
453
450
450
448
446
447
446
444
445
444
443
445
445
445
448
447
451
452
453
461
461
461
468
465
468
466
467
471
468
471
470
467
471
471
469
474
475
478
478
475
475
477
472
475
470
466
466
462
463
462
463
463
461
459
461
460
461
462
459
465
464
465
469
463
468
468
470
469
471
467
467
467
468
467
468
462
459
460
458
456
457
450
454
453
452
452
451
451
454
455
454
455
454
453
453
458
454
457
448
453
449
452
452
451
455
451
452
454
454
459
465
465
467
468
467
470
473
470
468
468
466
470
471
471
469
466
466
469
471
468
467
464
465
467
464
462
460
460
462
461
462
464
466
462
463
466
460
463
466
463
469
470
472
477
467
467
469
467
474
472
475
475
471
470
471
471
472
475
479
479
482
488
489
486
486
485
486
482
483
482
484
483
482
485
487
492
499
498
506
514
521
522
526
535
543
552
558
554
554
551
557
564
562
538
536
538
538
541
553
571
568
580
602
619
621
623
619
619
607
604
599
603
604
602
592
594
596
590
577
565
570
569
573
567
568
574
581
586
579
571
579
577
580
577
569
573
569
565
565
562
574
586
601
598
593
592
600
605
608
604
592
586
595
595
589
581
572
577
581
588
589
575
576
584
588
590
586
576
569
573
567
567
564
554
554
555
554
557
562
552
548
552
550
551
556
556
554
554
558
565
576
584
580
585
586
592
591
578
578
572
578
569
563
566
572
559
563
559
556
548
545
542
539
541
536
537
544
547
550
553
555
567
573
579
588
592
590
581
584
590
597
592
577
569
573
578
581
578
562
556
560
560
560
547
549
549
550
543
547
551
554
557
552
549
551
557
567
570
587
596
596
598
585
572
576
575
569
571
572
564
560
563
566
569
570
570
573
571
571
566
574
569
569
568
562
559
561
560
557
559
557
554
549
550
558
556
557
560
563
561
562
562
566
573
576
581
584
582
578
575
575
577
573
577
577
573
572
571
574
576
582
579
580
582
580
584
587
585
586
582
578
581
580
580
577
580
578
575
577
581
583
588
588
591
589
588
590
588
588
588
584
588
585
586
586
588
583
580
576
581
574
565
564
562
552
548
543
543
538
535
535
534
532
526
526
527
521
518
517
516
519
514
507
508
507
502
500
500
500
498
493
489
490
491
488
487
484
485
484
484
486
483
488
486
484
485
484
490
489
488
490
489
487
490
491
492
490
490
488
491
490
491
488
491
490
487
489
487
489
487
488
487
486
487
486
486
487
486
489
488
492
490
489
488
487
493
493
493
491
488
495
494
493
493
493
492
493
490
490
487
486
488
485
486
484
484
484
484
486
482
484
481
480
483
478
479
479
479
480
477
479
479
479
480
477
479
479
480
481
483
481
484
485
484
484
482
483
484
485
482
485
488
490
496
495
496
493
493
486
485
481
482
480
478
478
476
478
473
475
473
472
475
471
473
473
472
477
476
477
477
476
480
480
481
483
479
481
479
479
478
478
479
478
479
478
477
480
477
477
476
476
477
475
476
475
475
477
476
476
477
478
480
480
479
479
479
481
479
480
480
481
479
477
479
481
479
480
478
479
481
480
482
479
481
480
481
485
483
483
483
483
484
480
481
481
479
483
481
479
483
483
485
481
482
481
481
480
478
480
481
480
479
479
482
485
486
486
483
487
486
489
485
482
489
484
482
485
484
486
481
481
484
483
482
479
480
484
482
481
479
484
486
484
481
481
486
484
484
480
484
481
484
481
480
480
480
481
479
482
482
482
480
480
485
484
483
485
480
490
487
486
486
482
483
485
484
481
480
480
485
482
480
479
483
482
480
478
478
477
479
476
475
477
478
477
476
477
477
475
475
471
476
474
469
471
472
478
481
479
479
477
477
481
477
479
480
481
480
484
485
484
484
482
481
479
478
477
480
481
478
479
478
478
477
475
475
473
476
479
478
476
478
479
474
476
475
476
474
470
469
469
478
475
469
472
472
471
470
469
465
470
468
469
467
467
471
471
473
471
475
474
473
476
474
475
476
474
478
476
475
478
476
475
476
477
479
481
479
481
482
481
483
482
482
481
482
482
480
482
480
483
480
480
481
483
484
493
488
493
492
493
499
500
500
503
503
503
504
504
507
506
506
504
504
504
504
502
501
505
508
505
504
508
511
508
735
278
506
502
501
505
509
510
512
518
518
515
515
516
513
514
519
521
521
521
518
521
525
525
528
526
525
535
538
540
542
536
540
543
546
544
540
543
550
548
547
543
545
548
545
545
538
547
545
545
542
543
544
545
547
545
551
557
558
559
556
563
563
571
571
570
564
565
563
563
561
559
554
568
567
572
577
582
582
583
585
592
598
596
591
594
602
608
610
608
602
602
605
604
594
582
590
586
586
577
569
584
583
579
580
572
581
586
586
588
584
579
591
589
594
591
584
583
594
588
588
586
575
578
581
576
573
564
567
571
568
567
569
565
563
567
572
567
568
566
564
567
572
568
565
564
576
574
573
575
574
570
560
563
564
565
565
570
571
575
575
573
568
567
564
566
566
563
566
568
570
570
566
562
563
560
558
552
554
555
556
554
553
551
548
555
555
555
558
557
561
564
568
569
573
574
569
572
574
571
573
571
567
563
565
563
563
564
559
563
565
564
563
562
562
568
569
567
563
562
563
572
575
571
571
565
562
569
570
571
569
566
570
569
568
564
569
568
568
572
570
572
578
578
581
580
575
584
583
585
585
582
582
583
585
584
586
586
585
583
577
578
579
580
582
574
580
578
579
581
578
575
577
579
581
580
575
577
578
580
581
580
582
586
591
595
592
592
596
596
599
596
587
581
579
576
573
570
573
568
568
567
563
567
563
563
563
562
563
564
566
568
574
577
580
581
583
581
582
582
579
580
583
587
581
580
580
580
575
576
572
569
576
577
578
580
580
574
583
579
582
581
574
575
579
573
568
564
563
570
569
565
564
565
567
568
564
565
570
571
578
580
582
580
586
588
592
592
589
590
591
594
598
597
593
596
596
598
595
593
596
595
595
594
589
593
596
598
600
601
597
600
600
600
598
592
596
599
602
600
600
594
598
601
604
604
602
601
605
607
608
608
604
601
604
604
607
605
603
597
599
598
597
594
585
586
588
583
582
581
572
569
576
573
573
574
572
570
579
577
582
583
581
574
587
586
589
584
576
574
576
574
576
575
574
579
579
578
574
574
571
575
500
649
576
577
574
580
582
578
576
573
576
574
572
573
570
567
573
569
570
569
566
571
572
572
576
581
584
585
578
582
585
588
585
581
571
581
578
579
582
582
581
583
583
585
581
584
585
587
590
594
596
598
601
606
610
612
611
609
612
617
622
628
625
616
612
614
613
617
618
613
610
614
613
608
605
602
604
605
610
610
609
609
618
618
618
619
614
611
617
614
617
614
611
604
604
610
604
605
600
597
610
604
605
608
600
602
609
611
608
607
604
610
605
606
607
607
603
604
608
606
608
609
604
605
609
606
607
605
602
601
602
603
603
603
592
605
601
602
604
602
598
604
605
604
604
610
610
615
613
611
608
611
610
614
611
604
597
604
598
599
596
593
589
599
598
601
601
601
598
605
605
606
608
604
593
592
589
585
584
578
577
583
577
577
574
575
575
574
576
574
576
573
576
578
587
589
593
594
594
596
599
601
601
598
592
591
589
589
591
590
588
596
600
604
605
605
601
608
611
613
612
609
598
611
604
604
602
597
594
602
599
600
600
598
593
604
600
602
599
596
598
601
601
601
601
592
604
597
596
593
589
581
581
587
582
581
581
577
579
585
584
587
588
584
586
586
590
590
590
587
584
589
588
589
590
589
584
591
586
589
590
587
580
587
584
585
584
583
578
586
584
585
590
587
583
590
588
587
592
590
586
580
589
587
587
589
588
582
590
587
588
590
589
587
588
589
590
592
593
590
589
591
592
594
593
589
589
587
585
584
578
576
583
579
582
581
578
584
584
588
590
587
586
592
591
592
593
591
589
593
594
596
600
597
594
599
600
602
600
598
598
599
601
602
603
599
602
605
605
610
608
605
597
607
607
609
609
609
607
599
609
606
608
606
601
594
605
602
602
602
600
596
603
604
607
604
602
601
602
604
604
604
599
603
601
601
602
600
593
605
604
606
608
604
602
606
609
609
606
603
601
604
604
604
606
604
598
599
602
602
601
600
595
588
594
591
592
593
593
588
583
596
593
595
598
596
589
583
594
589
588
588
582
579
587
583
583
580
576
577
585
584
588
590
589
586
598
600
605
607
603
596
611
611
614
616
612
603
598
604
601
599
597
590
588
598
598
597
598
595
586
601
600
600
602
600
593
586
595
591
591
588
579
586
590
584
581
574
578
584
580
579
572
569
573
578
575
577
575
569
573
581
578
580
580
575
576
579
572
568
571
569
568
566
563
563
568
562
565
564
563
564
568
566
565
571
578
580
580
573
569
574
569
563
562
557
561
551
550
553
553
551
557
551
550
548
543
540
540
536
539
544
551
555
560
558
566
571
583
588
591
583
579
572
567
563
556
558
558
563
562
560
559
567
570
576
579
587
586
584
579
585
586
596
593
592
582
587
590
593
596
603
607
603
598
590
592
591
586
579
580
590
590
593
590
593
588
584
580
580
580
577
575
581
583
586
585
580
579
585
586
586
585
581
588
588
591
590
589
588
596
602
599
595
593
597
599
598
595
595
598
602
601
596
596
600
600
598
595
590
595
599
598
591
586
592
596
595
595
592
589
598
601
600
597
594
590
598
601
603
603
599
597
602
601
602
601
598
592
599
598
601
600
600
595
602
604
604
604
604
602
608
611
614
607
607
610
614
615
615
611
604
611
611
612
611
608
604
602
603
604
603
598
600
602
603
604
601
595
588
594
595
598
597
599
599
605
614
621
626
618
618
622
627
632
638
636
625
623
630
631
634
629
623
618
622
622
624
618
611
603
608
611
612
607
602
596
604
605
611
606
603
601
610
611
613
610
602
595
601
602
600
600
593
588
598
605
607
607
604
595
602
609
609
608
606
600
588
588
581
573
571
575
579
582
584
580
595
604
607
610
609
609
610
613
617
619
616
613
609
618
622
621
620
617
609
603
615
616
611
605
598
600
606
609
614
609
605
604
613
615
614
612
606
602
609
610
612
608
606
597
606
611
608
608
606
602
606
606
610
611
610
610
614
615
620
617
611
604
615
617
619
614
610
603
608
608
612
609
607
602
598
603
598
599
600
593
586
593
596
597
597
593
591
600
600
602
599
588
585
592
595
598
598
593
592
603
608
612
611
607
602
611
615
617
616
614
606
597
605
610
611
612
610
604
602
612
618
625
626
618
604
607
614
618
618
624
619
611
607
617
621
623
623
623
614
610
625
629
633
630
626
614
610
612
604
597
592
596
600
604
605
604
600
598
604
606
606
608
601
596
600
605
609
608
604
597
598
601
602
601
595
584
586
589
597
600
603
602
596
604
611
612
607
602
590
595
599
605
607
602
594
595
589
591
599
600
604
597
591
591
595
592
597
592
590
582
579
576
569
566
559
560
558
556
551
552
547
542
539
539
536
531
532
523
520
516
512
510
507
502
501
499
495
491
490
487
485
489
484
488
485
484
485
485
487
482
484
484
484
486
488
489
491
494
497
492
492
493
492
494
493
493
492
491
491
490
492
489
490
487
486
487
483
486
483
482
481
481
481
480
480
484
483
480
482
480
480
480
479
479
481
484
483
484
491
489
494
491
495
492
495
491
492
491
492
490
490
487
488
491
488
488
487
491
488
487
484
486
483
485
485
486
491
490
982
493
500
494
494
495
495
493
488
488
490
487
488
486
487
490
487
489
488
490
488
485
486
487
485
488
487
488
490
486
486
488
492
492
499
501
504
507
503
499
505
499
499
501
499
501
498
495
496
496
496
493
492
496
497
501
503
498
495
497
496
495
496
497
496
500
503
505
506
507
510
511
518
515
520
523
515
514
518
513
513
513
1029
506
508
516
509
518
520
573
466
523
1601
484
598
536
540
536
542
536
533
537
536
538
539
537
546
551
556
563
565
566
576
575
578
574
569
583
584
583
580
574
580
585
586
580
581
566
563
569
568
571
570
560
563
567
569
572
563
563
569
577
587
581
579
593
601
615
618
611
610
616
625
626
618
618
620
625
632
623
614
618
608
605
609
601
592
597
605
615
614
599
600
612
618
610
593
587
593
593
583
578
584
585
588
581
586
600
600
601
595
592
604
609
615
601
604
618
618
622
612
600
613
613
613
606
596
608
611
618
617
608
608
617
619
620
619
613
600
612
610
622
614
594
599
597
597
586
594
601
600
601
599
601
595
598
605
600
599
597
592
599
607
603
600
603
603
605
613
609
604
591
590
601
601
593
581
580
587
585
588
582
578
585
586
583
586
579
577
588
587
585
581
578
585
588
588
583
578
596
597
604
608
606
605
607
620
622
627
626
616
612
629
632
637
633
623
609
623
620
618
614
600
605
614
612
612
607
602
602
618
615
619
614
606
608
618
616
613
604
595
609
608
605
604
592
598
604
607
607
600
601
614
617
623
625
620
617
621
620
620
606
603
615
614
616
614
599
600
609
604
605
596
598
605
600
602
600
595
586
599
594
595
598
595
589
594
598
597
599
599
594
597
602
596
597
591
590
598
596
590
601
608
611
613
613
605
614
627
620
621
617
612
617
617
619
612
613
619
615
609
607
612
608
603
602
607
599
593
587
598
598
591
588
585
594
591
595
588
590
591
595
593
592
587
596
598
600
602
598
607
617
618
628
623
617
621
623
622
613
606
611
608
608
604
599
616
612
618
615
610
606
619
617
618
618
610
601
604
602
601
598
597
604
615
614
615
612
608
609
606
604
604
604
599
595
600
599
598
598
594
597
597
597
597
596
598
603
607
615
623
631
628
626
630
634
638
639
630
621
607
613
630
622
622
621
619
618
617
619
619
623
628
633
642
651
660
666
665
656
647
651
646
646
645
644
633
624
631
628
627
622
614
623
622
623
622
618
622
629
631
634
633
628
637
644
651
653
645
642
642
640
637
629
623
621
623
627
631
631
628
630
636
640
642
633
624
632
631
631
630
622
616
617
613
614
612
608
604
608
607
606
607
604
604
606
605
605
604
601
602
600
599
600
598
595
599
598
599
602
601
599
601
599
596
596
594
594
594
592
594
593
593
594
594
595
597
596
595
597
600
604
606
608
604
611
614
615
615
614
607
611
611
611
608
604
601
602
598
598
594
595
591
591
589
588
584
585
585
584
583
584
582
581
586
583
584
585
587
590
589
592
589
591
590
590
592
592
593
594
593
596
598
603
608
609
608
610
615
620
625
625
621
623
628
630
632
630
627
623
624
627
628
626
617
620
621
625
627
628
620
622
623
623
625
621
616
614
614
614
615
609
603
600
597
599
597
596
601
601
604
604
599
602
602
604
604
601
598
600
601
602
601
597
597
602
603
604
605
602
600
605
609
613
612
608
609
611
612
616
617
613
609
611
610
611
612
611
606
603
603
604
605
603
1197
601
601
605
604
601
605
601
609
612
616
615
610
612
613
612
614
609
604
605
604
604
606
604
600
600
600
601
602
601
598
600
603
606
608
611
606
604
608
613
616
616
610
606
610
611
612
612
611
606
607
607
607
607
602
600
601
601
602
603
600
598
598
600
602
601
600
601
606
609
612
605
603
603
603
604
595
605
601
600
591
593
591
591
586
589
586
589
587
586
585
585
586
585
588
589
585
589
594
597
602
604
601
602
604
606
609
626
640
634
631
623
616
618
619
615
619
624
628
629
631
629
623
618
625
624
628
633
631
628
624
627
630
630
633
632
626
616
623
625
630
633
630
620
621
624
620
618
614
604
610
610
611
614
611
608
612
614
615
620
623
616
614
619
621
623
625
621
616
616
615
613
616
617
612
607
617
615
615
615
611
602
613
612
611
614
614
607
608
615
616
617
617
612
608
616
614
612
604
610
604
603
602
593
593
604
599
600
601
602
596
601
604
603
604
604
603
596
607
604
607
607
604
598
603
602
602
604
604
602
601
607
607
608
612
609
604
613
619
616
618
618
615
604
614
611
612
614
612
605
604
615
611
614
611
606
608
617
622
626
630
621
613
615
616
615
617
616
607
608
614
612
615
613
610
603
615
614
619
622
620
613
616
623
625
628
632
629
622
621
625
630
637
639
635
625
622
626
626
628
627
616
608
618
616
615
612
603
599
607
604
604
602
599
598
608
607
612
612
605
599
612
609
614
613
612
606
600
608
604
606
605
597
596
608
605
606
604
598
595
604
601
599
600
596
595
589
594
594
593
592
593
596
601
601
605
603
597
599
599
598
598
596
596
591
594
592
592
592
597
600
597
597
595
589
586
582
578
572
573
572
567
562
557
554
553
550
548
548
545
545
547
542
544
543
542
540
538
536
535
532
533
531
531
530
531
531
530
526
530
530
530
533
531
531
536
543
543
548
543
548
545
546
542
540
531
528
526
521
519
516
516
510
509
508
504
504
500
500
496
494
494
493
494
491
492
489
490
491
489
493
488
492
492
490
493
491
493
494
493
494
495
498
496
499
498
497
499
499
500
496
497
501
497
502
497
497
499
496
498
496
498
495
494
496
493
497
495
494
497
496
498
496
496
500
496
501
497
496
498
494
497
493
492
492
490
492
490
488
490
487
490
485
487
487
486
487
488
485
487
487
487
488
488
490
489
488
491
489
492
492
492
496
493
497
495
494
497
494
495
492
492
494
493
493
494
492
491
488
492
490
490
487
487
488
488
491
488
488
489
490
490
488
489
490
488
492
489
487
489
487
490
490
487
487
487
489
488
488
485
486
489
488
490
491
489
490
493
496
492
494
493
493
493
491
495
493
493
492
489
493
490
490
489
489
490
488
489
488
486
488
487
485
488
486
489
488
489
489
489
494
492
495
495
493
493
494
496
493
498
495
493
495
493
495
495
491
493
492
496
492
497
497
497
499
499
504
502
503
501
504
508
507
507
505
511
511
509
509
511
516
511
508
510
512
505
507
509
505
506
502
501
502
499
499
500
500
500
498
501
508
506
505
502
506
509
506
505
501
504
502
505
502
504
501
503
502
499
501
499
500
500
497
497
495
495
495
489
490
487
488
484
487
486
484
485
484
484
486
488
484
483
482
484
481
482
480
480
484
483
485
484
483
488
485
486
485
484
486
484
482
483
481
481
480
481
482
480
482
481
481
483
482
481
482
482
482
483
481
481
485
484
483
483
481
483
481
485
483
479
483
479
480
479
479
479
479
480
479
481
480
479
481
482
483
482
483
485
486
486
485
483
482
486
484
482
480
480
481
479
478
481
479
478
479
479
481
478
479
479
481
482
482
480
481
485
483
485
482
482
485
483
484
483
481
484
482
484
481
479
485
481
484
481
480
483
480
480
479
480
482
481
478
480
482
481
482
480
481
481
479
481
479
478
481
479
480
480
481
480
481
482
481
484
481
484
485
482
482
485
483
482
485
483
485
486
486
485
487
490
491
490
491
488
492
495
493
490
490
493
496
493
497
492
491
494
488
491
488
486
491
490
490
488
491
490
491
492
489
491
492
492
493
493
493
496
500
498
497
497
495
494
494
495
494
493
489
491
489
491
493
494
491
488
498
495
496
490
493
494
501
499
498
498
492
495
494
493
490
490
494
492
499
496
495
493
495
500
501
502
504
502
502
507
506
508
501
505
504
507
506
504
500
495
501
497
498
495
491
495
490
487
483
485
486
483
484
483
491
490
498
498
498
502
497
987
494
493
493
494
494
490
488
485
482
482
478
474
473
472
478
473
478
476
479
479
481
485
495
503
515
517
522
521
513
514
511
513
519
518
521
523
517
515
508
509
499
523
510
513
511
511
514
513
514
507
515
513
514
513
518
516
515
514
519
526
532
539
549
563
575
586
599
606
609
620
612
604
591
577
573
568
557
554
560
555
550
551
554
558
545
546
548
542
538
540
544
541
539
537
550
551
556
560
557
558
563
568
571
569
568
572
573
577
575
577
586
586
596
593
592
603
604
605
607
602
603
607
606
606
601
604
601
597
588
585
584
584
581
577
586
585
587
586
595
605
609
616
613
611
619
621
626
620
619
626
633
632
624
619
621
621
618
609
604
607
608
604
597
596
600
601
599
593
597
602
607
604
597
598
603
602
604
602
594
595
595
595
597
594
598
605
606
606
604
604
606
613
613
607
605
614
616
622
623
613
607
616
617
618
614
604
604
607
608
610
606
599
598
604
602
602
601
592
587
594
588
587
581
573
581
588
586
583
579
577
592
589
587
582
597
596
600
600
591
595
601
601
601
595
596
598
600
597
595
589
599
602
604
607
604
601
614
615
617
614
611
613
619
620
622
619
609
610
611
611
614
614
607
604
614
615
617
608
601
605
603
603
603
599
593
600
603
608
603
601
599
605
604
605
600
594
604
605
607
604
594
599
607
603
604
604
599
602
602
601
597
588
590
591
590
593
592
590
591
596
595
598
596
595
591
595
597
600
603
597
593
598
598
597
598
594
590
595
594
597
597
594
589
590
590
585
584
581
585
586
586
585
582
582
585
585
585
587
588
587
594
600
604
606
602
600
609
615
623
618
612
612
619
619
623
618
607
604
608
605
602
592
588
586
586
585
584
586
585
581
582
585
586
588
590
593
593
601
606
609
614
611
607
606
611
612
615
605
601
597
602
608
609
611
609
605
603
602
592
601
601
599
601
601
601
601
602
603
604
603
605
615
619
625
625
619
619
621
623
621
618
614
611
608
612
613
617
621
620
624
630
635
636
627
632
637
638
638
630
628
637
641
646
642
638
638
643
646
645
643
633
636
636
640
640
634
628
631
633
633
635
632
629
632
636
636
635
632
626
627
627
628
628
627
621
618
622
620
617
617
613
615
620
621
622
623
619
615
618
620
620
621
624
619
617
621
622
622
618
614
615
617
613
614
613
610
610
613
615
618
616
613
610
613
613
613
612
609
605
608
608
612
609
609
611
611
615
612
615
607
604
602
599
598
598
600
598
598
596
595
595
597
597
595
595
595
595
596
596
591
590
588
587
586
588
589
592
596
598
601
600
604
608
607
607
603
602
604
604
605
607
607
604
602
602
605
604
605
608
608
605
604
607
605
604
606
606
605
607
608
610
611
609
604
602
601
600
600
601
602
602
603
604
598
599
593
591
589
584
584
584
582
585
586
589
594
599
600
597
604
608
612
610
611
614
621
629
631
629
629
632
635
631
627
621
618
616
613
611
611
613
617
621
623
622
626
628
622
620
619
611
610
610
614
617
619
619
612
610
611
607
605
604
601
598
598
598
599
604
605
610
610
614
618
622
627
630
634
634
635
635
634
629
625
618
620
616
612
612
610
606
606
605
606
603
602
601
601
600
602
601
600
598
597
596
594
591
590
587
584
583
583
584
582
584
585
589
596
597
604
608
611
612
612
607
609
611
607
608
609
607
604
607
607
607
609
608
608
612
613
612
612
606
608
608
607
611
613
608
604
603
603
603
604
606
609
610
606
604
597
593
587
583
577
573
572
568
569
569
570
570
572
569
571
571
576
582
582
584
585
587
589
586
586
582
581
585
583
581
584
585
586
590
590
591
591
592
591
593
594
595
592
592
593
593
593
593
591
597
593
596
594
592
591
590
591
586
587
579
580
580
579
577
575
573
573
572
573
574
573
576
578
580
581
581
579
578
579
580
580
580
586
578
580
580
576
574
575
571
569
567
565
565
566
567
572
577
582
582
586
590
598
604
603
603
602
607
611
613
610
606
608
611
615
611
608
609
616
619
618
613
605
603
609
604
599
595
594
598
597
594
592
590
594
595
596
595
593
587
586
585
584
583
585
586
593
597
598
604
610
622
627
631
626
632
638
641
639
632
628
632
635
642
642
638
631
624
626
626
631
629
627
626
631
635
638
644
640
633
627
632
632
630
633
631
631
626
627
627
623
621
619
615
613
607
605
604
603
604
598
596
604
601
601
603
602
602
603
603
604
604
601
602
604
605
611
615
618
616
615
621
618
620
620
616
618
615
618
616
614
615
610
612
614
618
620
619
624
617
616
608
604
601
599
598
598
598
600
600
604
604
601
598
599
602
601
599
600
602
604
607
605
608
611
612
612
613
604
599
594
589
586
583
581
577
576
578
580
586
597
601
601
594
596
597
600
603
599
598
598
602
604
609
612
614
621
621
625
630
630
637
645
649
652
647
645
644
638
630
622
621
620
621
614
604
601
596
593
591
587
589
588
590
595
599
600
600
601
604
608
612
617
614
610
615
615
619
617
613
614
608
605
603
599
601
603
600
598
599
599
600
600
614
613
613
612
613
612
608
614
617
616
615
614
618
616
613
604
600
598
589
579
566
565
563
560
560
558
554
555
548
545
541
540
537
534
531
525
523
523
521
519
517
516
516
517
519
519
524
529
536
550
558
566
569
557
563
563
562
561
556
548
548
556
552
552
550
548
547
551
551
556
554
555
555
561
559
559
563
567
572
577
578
582
589
599
599
598
597
595
602
608
607
600
593
599
603
603
600
590
592
602
600
601
597
592
599
602
600
597
598
603
606
612
605
606
604
608
612
611
613
611
605
603
598
588
585
585
581
579
580
582
587
590
592
598
601
607
612
617
611
611
609
616
627
633
633
620
612
611
613
615
604
601
602
604
602
597
607
608
611
607
608
616
617
620
613
613
615
620
617
605
601
612
610
617
618
627
637
640
634
636
315
316
626
620
616
627
622
617
607
608
612
610
606
596
597
591
592
579
584
578
576
573
570
571
574
576
576
573
571
573
577
579
582
581
576
577
583
586
586
578
581
581
584
587
578
574
572
573
573
573
571
568
572
570
567
569
570
572
577
582
582
581
583
588
595
599
604
597
595
600
609
612
609
601
604
604
601
598
598
591
581
578
580
583
576
574
577
580
582
584
582
579
580
583
588
587
586
585
587
587
591
590
588
583
576
574
572
572
570
571
567
569
569
573
572
576
576
577
580
579
581
581
583
581
584
586
645
521
580
585
584
580
584
584
576
575
576
573
570
571
567
568
569
568
570
572
576
578
581
582
583
585
590
594
592
589
585
593
601
603
602
592
594
599
602
606
614
610
607
600
605
612
612
606
598
597
601
596
591
582
584
583
587
590
587
580
576
571
578
577
577
576
574
577
576
578
581
582
579
577
580
585
588
589
586
587
588
587
586
587
588
586
585
586
589
597
594
583
591
588
583
582
581
576
571
568
568
567
571
568
565
569
570
573
574
574
577
576
579
581
585
582
579
582
579
580
577
573
577
578
582
587
588
589
589
596
604
605
604
604
598
602
606
611
612
610
606
596
595
598
597
600
598
589
587
591
592
594
593
589
586
594
598
600
600
597
592
599
603
602
599
596
591
595
597
599
599
594
590
600
605
606
604
600
593
598
601
604
603
598
588
589
587
588
591
588
587
583
580
580
582
583
579
576
577
572
579
579
579
573
572
576
574
578
580
582
584
586
595
590
582
596
604
612
620
620
604
610
610
606
604
602
602
590
589
592
587
594
596
593
590
583
592
592
600
611
617
621
614
618
629
631
628
632
616
601
597
590
593
580
584
583
584
579
576
582
586
590
588
584
590
591
594
592
596
596
600
606
608
605
605
607
606
607
606
602
601
603
603
608
609
604
597
586
596
595
596
596
598
599
603
605
604
602
603
602
604
602
606
604
601
598
599
596
599
596
601
603
601
594
593
592
592
585
582
580
581
580
574
576
577
577
581
587
593
603
615
624
629
640
648
662
672
653
642
641
637
639
643
635
613
616
609
600
600
603
591
586
585
577
576
572
567
567
562
559
553
550
548
539
539
539
536
537
534
534
532
526
526
524
524
522
522
521
519
519
519
515
513
516
515
516
517
519
520
518
519
519
519
518
521
520
519
521
522
521
522
521
519
519
514
513
511
512
508
509
509
506
506
502
503
505
504
504
503
506
507
501
500
499
499
499
500
500
506
505
509
510
512
512
515
513
513
510
512
507
512
511
510
513
511
512
514
516
518
518
521
523
525
526
523
524
526
524
521
524
521
521
521
521
522
519
517
515
513
512
511
515
509
512
518
518
517
518
519
520
521
519
519
524
521
520
520
519
521
519
521
518
523
526
527
531
538
546
553
556
551
545
543
540
536
534
532
532
533
532
530
529
526
524
521
521
517
515
511
508
506
503
499
494
494
491
487
490
490
491
489
488
492
492
495
497
496
495
496
498
499
498
497
501
498
501
502
502
502
502
505
501
504
501
504
503
502
501
504
503
505
510
520
523
525
528
521
521
518
517
517
518
518
514
517
517
513
514
513
511
514
510
509
506
508
505
506
503
503
503
503
503
501
500
501
497
495
494
495
494
493
495
496
498
498
498
498
502
500
501
505
509
509
510
508
508
506
504
501
500
502
500
501
499
500
499
501
498
501
503
505
508
509
511
515
519
519
521
518
521
521
521
522
521
520
519
517
512
515
510
508
509
508
509
509
506
505
504
506
507
505
506
502
500
501
503
500
503
505
507
515
508
508
506
504
505
504
505
500
501
501
498
500
499
500
499
500
503
506
505
504
505
502
500
498
499
496
496
493
496
495
494
497
496
494
496
498
496
501
501
504
501
502
504
504
505
507
506
513
511
522
520
517
513
515
513
511
511
505
510
509
506
510
507
508
507
505
507
503
504
506
504
507
506
506
501
497
497
498
500
507
508
509
506
505
505
506
504
502
499
502
498
501
503
503
504
505
507
510
508
511
512
510
512
516
513
515
515
512
513
511
508
507
505
502
501
502
506
505
504
504
507
503
503
503
502
500
501
497
499
499
503
505
506
509
512
509
509
514
510
514
513
510
512
510
512
507
506
504
500
502
503
505
504
503
502
500
498
499
496
495
493
491
493
492
493
491
488
492
492
491
492
495
493
494
493
494
498
496
500
503
503
500
509
508
506
512
514
514
510
508
507
503
501
499
496
496
495
493
492
492
492
490
488
490
488
486
486
484
483
482
483
481
484
484
483
487
488
488
490
487
489
489
491
491
489
493
490
486
486
489
483
491
489
497
496
504
506
504
514
510
507
506
503
503
499
495
496
493
491
489
491
487
485
490
492
495
495
494
494
497
499
496
495
496
492
492
492
496
496
492
496
493
488
490
493
492
497
491
487
494
499
501
508
508
509
507
503
505
508
510
508
505
502
504
506
506
497
494
499
503
501
502
502
505
500
507
511
514
517
512
517
515
512
507
505
502
507
505
502
499
496
500
505
504
504
506
506
504
511
508
510
504
503
509
509
507
506
508
500
507
506
505
499
508
511
511
512
512
510
505
513
516
517
519
515
513
520
519
520
520
520
515
522
524
527
528
522
521
525
522
526
521
514
513
517
515
513
513
509
505
506
506
510
516
519
528
530
530
526
522
524
519
515
510
507
507
515
506
512
513
515
516
512
513
511
506
505
506
500
502
498
500
498
498
499
495
492
494
496
492
492
496
497
494
494
495
496
492
492
491
492
497
497
496
499
496
497
498
499
499
502
502
505
508
507
506
505
506
507
510
509
508
506
506
510
507
505
506
504
503
501
498
502
500
501
498
500
502
502
502
501
504
500
501
502
500
503
500
497
499
498
499
498
495
496
495
497
496
493
494
494
498
493
499
496
496
500
498
501
499
500
500
499
504
501
502
500
499
499
497
498
498
496
495
494
496
494
494
491
490
492
488
489
487
488
487
487
489
489
490
490
491
491
494
493
494
493
496
498
496
495
495
496
496
498
496
495
500
499
498
496
498
499
500
500
499
497
497
498
497
495
495
496
495
495
494
496
497
494
494
493
496
495
494
494
492
491
490
488
485
485
488
486
485
485
482
483
482
483
482
482
484
480
481
480
481
484
481
484
483
482
483
483
482
483
483
483
483
484
485
485
488
488
488
488
488
491
487
490
488
486
488
487
489
486
486
488
489
486
485
487
490
490
491
489
490
493
492
493
495
493
495
493
494
492
495
492
493
492
490
492
494
492
490
491
494
489
490
489
487
489
486
487
486
487
486
486
486
485
485
487
486
484
486
488
487
487
485
486
488
484
486
487
485
485
487
486
486
486
490
485
486
489
489
489
491
493
490
493
492
493
491
492
496
493
495
493
494
499
497
500
500
502
503
504
501
501
502
499
501
496
498
495
492
495
492
492
490
490
492
489
488
487
487
490
490
491
493
496
500
504
499
508
509
510
509
506
509
512
510
510
511
509
508
505
501
497
503
497
496
499
494
495
496
493
491
492
493
498
498
504
506
508
512
514
516
513
512
514
513
514
509
510
508
506
505
504
504
503
506
505
504
506
508
511
506
513
513
512
513
512
512
510
508
506
503
505
502
503
504
501
502
503
501
501
503
506
506
507
504
508
509
508
505
504
505
508
504
502
503
507
502
503
503
505
502
501
501
501
503
500
501
501
499
499
496
498
496
494
492
493
493
489
490
489
487
486
485
486
487
485
485
487
494
491
496
495
496
495
494
494
490
492
492
490
488
487
489
485
486
483
483
483
481
483
483
482
481
482
484
482
483
482
482
482
482
482
484
483
484
480
485
483
483
482
482
484
484
485
482
482
486
481
484
483
483
483
480
482
483
482
481
480
482
480
480
480
479
479
477
478
477
477
476
476
476
477
474
474
474
477
475
475
473
474
473
477
477
476
477
479
479
479
479
478
482
478
480
479
481
480
481
481
483
481
481
482
481
481
483
483
482
483
482
484
484
485
483
486
485
483
484
483
480
482
479
480
479
478
477
477
477
477
472
472
473
474
473
468
469
469
471
470
470
467
468
470
468
467
467
469
471
468
471
467
469
469
466
471
470
470
471
469
471
475
473
473
472
474
475
475
474
474
475
473
471
475
472
474
471
474
474
471
471
471
472
472
471
470
470
469
470
470
470
469
473
470
472
472
470
471
472
473
473
474
475
475
475
475
477
474
475
478
476
475
480
477
478
478
479
480
483
484
484
485
486
488
481
487
483
488
485
486
481
486
483
478
479
476
475
473
474
472
473
474
475
479
477
478
475
475
472
471
465
473
469
474
476
478
478
485
484
485
484
480
482
493
490
489
487
484
488
487
485
481
486
478
487
484
484
476
483
479
480
479
479
479
484
485
484
488
484
493
499
495
491
499
500
497
492
490
488
499
491
492
492
491
489
486
495
492
490
490
489
489
490
489
486
485
488
491
492
494
494
499
495
503
507
505
507
506
506
504
508
509
505
505
510
505
503
507
505
505
503
506
502
505
508
502
500
499
499
500
499
500
502
502
500
505
505
510
511
508
510
507
509
511
514
517
511
514
514
515
508
504
503
505
501
500
502
502
503
501
500
503
504
511
514
517
521
524
527
531
534
537
541
545
544
548
551
561
566
565
563
564
564
563
557
550
550
543
539
535
536
541
537
539
536
543
549
546
551
553
552
554
555
552
564
566
575
580
582
588
596
604
610
603
599
601
604
606
602
596
599
604
606
601
596
593
596
597
592
587
585
587
589
591
587
585
593
597
603
600
592
598
603
608
604
600
598
603
607
608
600
594
601
601
601
604
596
592
601
604
606
604
594
595
593
591
586
580
579
584
584
581
578
576
584
580
584
582
580
581
590
587
592
590
586
595
597
595
594
584
598
599
606
604
603
601
614
620
623
620
607
605
619
616
618
609
602
609
619
619
620
610
607
624
621
621
613
602
605
614
608
609
601
591
594
601
601
600
594
587
600
604
602
598
591
590
597
592
590
583
580
594
595
588
577
573
579
580
577
578
571
569
569
569
568
567
564
561
560
557
563
560
563
563
565
571
577
579
583
584
587
585
593
592
595
596
600
604
605
609
606
602
596
587
602
601
601
597
584
583
591
587
587
587
582
586
591
596
597
597
598
595
602
608
607
605
596
593
598
597
592
587
587
597
596
602
606
610
604
622
631
648
650
646
641
650
657
663
643
628
616
631
628
619
605
605
602
599
594
591
594
602
598
600
599
595
601
608
607
607
607
604
597
590
596
589
590
585
584
590
597
595
598
594
593
594
592
588
588
583
589
595
595
591
588
585
593
594
595
596
600
601
613
616
619
616
610
609
621
618
615
613
603
611
616
613
615
612
610
604
591
589
597
610
603
604
604
604
604
605
610
616
625
627
636
634
644
652
652
653
648
642
631
629
637
636
637
633
621
613
621
618
616
612
611
603
603
610
609
609
606
603
597
600
606
606
607
604
604
601
614
600
602
598
587
582
587
589
579
573
571
564
562
560
556
554
550
551
545
543
537
536
535
533
534
530
530
528
529
526
529
523
521
524
522
