1359
12060
7547
487
479
487
485
485
482
482
483
483
480
484
482
481
481
482
480
483
481
480
482
481
480
481
482
482
482
480
484
482
482
482
483
482
483
483
483
483
480
483
483
482
483
482
482
483
481
482
482
481
483
482
484
480
482
482
483
483
484
964
482
483
482
483
484
483
481
483
483
485
483
483
483
485
482
483
482
970
484
1453
483
485
487
483
486
483
488
487
485
486
483
488
485
486
485
486
486
486
486
490
2337
480
1207
617
4096
482
481
483
481
480
483
482
482
483
480
483
483
480
484
482
482
484
481
483
482
482
482
482
482
482
479
482
481
481
483
478
481
479
481
482
479
480
481
479
481
480
479
481
481
481
481
482
480
480
481
481
482
482
484
481
482
483
482
480
483
480
480
483
480
481
479
480
480
479
481
479
479
481
479
478
477
479
479
479
478
479
478
479
478
477
480
478
478
478
478
478
479
479
478
479
479
479
478
478
478
479
478
479
478
479
479
955
477
479
478
476
479
477
477
479
477
478
479
477
479
477
479
479
477
476
477
477
477
478
477
476
478
477
477
479
476
477
477
478
477
479
478
478
477
478
479
479
478
479
478
476
479
478
476
477
476
478
479
477
480
478
477
479
477
477
477
477
479
476
479
478
476
479
477
479
476
479
476
474
479
477
478
476
476
479
477
477
479
477
479
318
592
509
490
483
481
479
478
477
479
478
479
478
481
479
476
480
480
479
479
479
479
479
479
479
480
479
479
480
478
479
480
479
478
482
478
478
479
479
479
478
479
479
478
479
478
478
479
479
479
477
478
479
478
477
479
478
478
479
478
478
477
479
479
476
479
479
478
475
478
476
477
480
477
475
479
479
477
479
477
479
476
478
477
478
478
479
478
476
478
479
478
476
479
476
478
477
478
479
476
479
478
476
478
478
479
479
477
479
479
479
478
478
479
479
479
478
479
477
480
475
481
479
479
479
480
477
480
478
477
478
479
479
478
477
479
479
477
477
476
476
475
479
475
477
478
475
477
477
477
476
473
478
475
473
476
477
480
475
478
352
603
479
479
478
479
479
479
478
480
479
477
479
480
477
478
476
479
481
478
480
481
480
480
482
483
486
483
484
486
485
486
487
485
486
490
489
488
489
489
490
490
485
489
487
489
488
486
486
487
485
487
485
485
483
486
485
485
484
483
485
483
482
483
483
482
480
482
482
479
482
481
479
481
479
479
479
480
481
479
479
479
480
479
479
479
479
479
480
479
478
481
479
478
481
479
481
480
481
477
482
480
481
476
472
398
365
435
716
479
480
479
481
479
481
481
480
484
481
483
481
482
485
485
486
485
489
487
490
489
489
491
490
491
490
491
490
490
491
491
490
489
492
489
490
488
487
488
488
487
488
488
486
490
488
489
487
486
489
491
488
489
490
489
491
491
491
492
489
492
492
490
491
490
491
489
490
489
491
490
491
489
490
489
491
491
488
490
490
488
488
487
488
488
488
487
487
487
486
486
487
486
488
487
487
487
487
486
486
486
487
488
485
480
487
485
485
486
482
484
484
485
485
484
488
482
485
484
485
487
481
481
485
484
487
484
486
488
484
484
485
486
486
486
485
485
485
487
486
486
486
485
487
485
484
484
485
484
487
483
483
483
482
481
483
483
480
481
482
483
481
479
483
482
480
483
481
480
483
482
481
482
481
482
482
482
482
483
482
484
481
484
484
483
483
485
483
484
484
483
485
484
482
480
481
484
482
482
482
481
483
483
481
482
480
483
482
481
481
480
482
482
483
481
484
481
482
484
483
483
483
483
483
485
484
485
484
483
483
485
486
483
487
483
484
486
486
484
487
485
484
488
486
487
487
486
487
489
490
488
490
488
488
488
489
488
490
488
489
488
488
488
488
489
489
489
489
489
489
490
488
489
491
489
488
487
489
488
490
489
488
488
490
488
490
490
489
490
490
490
489
492
490
489
492
492
490
492
491
491
493
491
491
491
491
492
491
492
490
490
488
489
491
491
487
490
487
488
488
485
486
489
485
487
489
484
488
486
487
488
486
486
485
487
486
487
487
485
488
486
487
488
487
486
490
487
486
489
487
489
488
488
489
489
488
487
488
489
488
490
489
489
489
489
491
489
490
488
489
489
490
489
488
488
492
489
489
490
490
490
488
490
490
490
489
488
491
488
488
490
488
486
491
487
488
489
490
487
490
492
488
489
490
491
490
491
489
493
491
491
493
492
490
493
492
490
493
492
491
494
494
492
492
493
492
493
494
493
494
492
495
494
496
496
494
493
496
494
496
495
492
496
496
495
494
495
494
496
494
493
491
490
495
494
492
493
493
492
494
491
491
493
493
491
495
491
493
493
494
493
492
494
492
494
493
492
492
494
495
493
493
493
495
493
494
496
493
493
495
492
496
493
495
491
494
493
491
490
492
490
492
490
490
491
488
490
489
490
489
489
488
489
489
488
489
490
487
489
489
486
490
487
489
487
488
484
487
486
484
487
481
488
484
485
485
483
484
484
485
484
483
486
483
486
486
485
484
484
485
483
487
486
484
487
486
484
486
487
489
488
487
490
489
486
489
489
490
491
491
492
491
490
494
491
489
493
494
491
493
492
493
495
493
492
493
493
493
492
493
496
498
493
497
494
495
495
494
495
493
496
495
495
493
496
493
495
497
496
494
497
496
495
494
494
494
494
494
493
495
494
494
494
495
496
493
495
495
493
496
495
492
495
495
492
494
496
492
493
495
493
494
495
496
495
496
496
495
494
497
495
495
497
495
494
496
497
495
496
496
496
495
496
496
497
496
495
498
495
496
495
497
495
494
493
495
497
497
493
496
500
497
494
497
499
496
496
498
497
497
498
495
500
495
495
500
498
495
500
499
496
498
496
498
497
496
500
497
496
497
499
498
498
498
498
498
498
500
500
497
499
499
497
500
502
495
496
499
498
497
497
501
498
499
501
500
499
498
498
496
501
497
497
499
499
495
499
499
497
500
497
496
498
496
497
496
493
495
494
497
498
496
498
493
497
496
498
496
495
496
496
496
495
496
495
492
496
496
492
494
496
494
494
495
494
497
495
494
494
493
495
493
492
492
491
491
491
490
491
487
490
486
485
485
484
485
485
488
484
483
484
488
488
486
489
486
487
486
488
485
484
486
488
485
485
486
486
486
485
489
486
487
487
489
487
488
489
488
488
491
489
488
489
490
488
489
490
491
489
492
490
491
492
491
494
493
494
495
496
495
497
497
494
498
497
503
497
496
502
499
499
504
500
501
500
500
501
502
500
502
502
501
499
499
498
500
503
492
496
503
500
499
499
495
504
498
496
499
499
500
499
500
501
500
501
501
502
502
505
506
508
509
512
514
515
518
521
520
522
522
524
524
526
528
529
528
528
528
530
531
531
533
534
536
536
537
539
537
539
538
541
539
539
539
541
540
541
541
543
542
544
545
547
547
548
550
550
551
552
552
553
552
552
552
1107
551
552
551
552
552
554
553
555
555
557
556
558
558
560
559
559
559
560
559
559
562
560
560
558
557
556
555
556
555
555
556
557
557
559
559
560
561
559
563
561
562
560
563
562
563
561
563
563
563
563
564
563
563
563
564
564
563
563
565
565
565
565
566
568
567
566
566
564
564
564
564
563
563
563
564
563
564
564
564
563
564
565
564
564
566
566
566
565
566
566
566
565
567
566
565
565
566
566
565
566
567
566
568
567
567
567
567
568
567
568
567
567
567
567
566
566
566
566
567
567
567
567
567
567
567
568
567
567
567
567
567
567
566
566
565
566
565
566
566
567
568
566
568
567
567
569
566
568
568
568
569
569
569
571
571
570
572
572
573
573
573
574
574
574
575
575
575
574
574
574
574
573
574
575
575
575
575
576
577
576
577
577
578
578
579
578
578
579
579
580
579
579
580
580
579
581
579
579
578
579
579
579
578
578
579
579
580
580
581
581
581
581
580
579
579
580
579
579
579
578
578
578
578
580
578
578
579
578
578
580
580
581
579
580
581
580
580
581
581
582
581
581
580
577
581
577
577
578
578
578
577
576
578
576
579
578
579
578
578
579
580
580
581
582
584
583
585
586
585
586
588
587
588
587
587
589
588
589
589
589
590
590
591
592
593
592
594
594
594
594
595
596
596
596
596
597
597
598
597
598
596
597
597
597
598
597
598
598
596
597
598
598
599
599
600
600
601
601
602
601
602
601
602
602
602
602
603
603
604
603
604
604
604
604
604
605
604
604
605
606
605
607
607
608
607
608
607
610
607
610
608
609
609
609
608
609
608
607
605
606
604
604
604
604
604
604
604
604
604
603
604
604
604
606
605
607
607
608
607
609
608
608
608
607
606
608
604
606
605
606
605
606
605
605
605
604
604
604
605
604
604
604
603
604
603
603
604
603
604
603
605
604
605
604
605
605
604
605
605
605
605
606
606
605
607
608
608
609
609
610
610
611
611
612
612
612
613
614
614
615
614
615
615
616
615
616
615
614
615
615
615
615
616
615
616
615
615
616
615
616
616
615
615
615
615
613
613
613
613
614
613
614
614
614
614
615
614
615
616
616
617
617
616
616
616
616
615
615
616
615
616
617
616
617
618
617
616
617
614
613
613
616
612
614
603
606
606
605
605
604
598
596
597
597
595
594
590
591
592
589
587
588
584
584
583
584
579
576
575
577
576
579
575
577
575
574
575
572
571
571
567
563
560
563
566
563
562
565
562
561
562
556
558
555
550
550
555
551
553
548
547
548
546
545
548
545
540
542
544
542
543
543
542
545
546
546
546
546
548
545
546
545
548
549
532
542
538
545
541
544
542
542
540
536
544
539
542
542
540
541
537
538
537
539
534
535
538
537
536
539
537
536
540
537
534
533
533
536
536
535
536
537
538
537
535
538
538
538
536
537
536
540
538
535
538
539
536
535
538
538
535
539
539
539
536
541
540
540
534
538
539
531
534
534
536
536
535
535
539
535
536
530
529
534
526
528
528
530
532
532
531
533
529
530
528
529
527
526
529
527
524
528
530
526
528
528
528
528
528
528
530
528
528
530
529
528
529
529
530
532
529
528
529
531
530
529
529
530
530
530
529
530
532
532
530
533
532
531
534
536
533
534
534
535
526
528
532
533
536
531
533
530
524
528
530
528
529
528
530
531
531
533
533
536
537
539
542
545
549
552
557
563
565
571
574
578
584
583
582
583
583
588
590
597
604
604
605
612
615
604
599
600
586
587
588
588
586
586
590
587
588
592
594
594
603
604
604
606
606
608
607
610
608
609
615
619
616
616
619
618
617
622
626
623
624
628
626
625
631
629
622
622
626
624
621
627
626
620
619
619
614
615
620
616
614
622
621
620
618
625
622
624
626
625
618
616
619
615
615
618
623
620
616
621
612
606
604
605
604
604
605
607
606
607
612
609
609
613
615
611
617
617
616
616
617
617
615
616
619
618
615
619
620
616
614
614
614
611
611
615
617
614
613
615
615
614
611
614
613
611
611
615
611
613
614
616
618
616
616
616
618
612
612
614
613
611
612
612
614
613
613
614
611
612
612
613
612
611
612
611
612
613
612
613
612
613
614
613
611
612
610
611
608
610
610
611
610
611
612
612
612
611
611
613
612
613
611
612
611
611
609
610
608
1220
606
605
605
605
606
605
605
606
606
607
608
609
609
609
611
612
613
611
612
613
615
613
614
612
614
613
613
613
613
612
612
612
613
612
612
613
614
613
615
614
615
616
617
618
619
618
617
618
618
618
617
618
618
618
618
619
620
619
619
620
622
621
621
620
623
621
621
620
620
620
620
620
619
620
620
620
621
621
621
621
622
622
620
621
621
621
620
619
620
620
620
617
620
620
620
620
621
621
622
622
620
620
620
621
619
621
620
622
622
622
623
622
623
623
624
624
625
625
625
625
623
622
622
619
617
618
618
619
620
620
621
622
623
624
624
626
625
626
627
627
628
626
626
627
626
627
626
626
626
624
625
625
626
626
626
626
627
627
626
626
625
625
627
625
625
626
625
626
625
626
625
626
624
625
625
624
624
623
625
624
623
624
623
623
622
620
621
620
619
619
620
620
618
618
618
619
618
618
618
618
619
618
619
620
620
621
620
622
620
619
619
619
619
618
619
620
620
620
622
622
623
623
624
623
624
624
624
623
622
623
622
622
623
622
621
620
619
621
620
621
622
623
624
624
626
626
627
626
627
626
627
626
627
626
627
626
626
626
626
626
626
626
623
620
618
626
622
620
620
620
620
621
621
621
622
620
624
619
618
609
611
615
616
614
613
614
613
611
610
609
608
606
605
603
603
600
600
595
595
593
591
588
589
586
583
584
585
582
576
576
572
572
575
572
571
569
574
571
568
569
570
567
563
562
563
562
559
560
561
555
559
556
556
550
554
548
546
545
546
548
545
543
544
546
541
541
543
542
540
543
541
540
542
541
543
542
541
543
541
543
536
541
538
537
531
536
539
537
539
538
540
540
540
539
540
540
542
540
539
541
539
542
539
539
539
541
542
540
543
541
543
544
543
541
546
545
544
544
544
545
547
545
546
548
547
548
547
547
548
550
547
549
549
550
551
548
550
551
552
549
553
552
552
550
553
553
552
551
547
544
552
551
546
552
1092
547
545
548
548
549
549
548
551
552
554
556
559
562
566
569
574
581
588
592
602
610
615
618
624
612
613
611
612
607
614
618
616
621
620
623
625
623
626
630
633
638
640
637
639
636
626
624
619
619
618
625
621
621
629
632
633
633
635
640
646
647
651
653
650
655
652
648
652
646
646
650
653
647
646
650
648
646
652
650
653
656
653
648
651
653
650
647
652
651
650
654
655
648
646
645
641
636
635
640
640
640
646
644
642
644
643
643
639
641
640
637
633
635
637
630
628
629
631
635
635
632
634
636
636
633
636
638
636
634
635
633
632
636
639
635
631
634
632
631
630
634
635
634
630
631
631
627
626
625
623
621
623
624
626
625
627
631
633
630
630
627
623
619
620
620
617
618
619
622
621
617
620
621
620
621
618
618
620
620
619
619
622
622
622
623
626
627
627
625
626
625
623
625
625
627
625
626
626
628
626
625
627
628
627
624
626
624
624
623
623
622
621
622
622
624
624
622
624
625
626
627
627
629
630
629
630
629
629
627
628
628
628
629
627
628
628
628
629
630
630
632
630
631
632
632
630
630
630
628
629
628
629
628
628
628
630
629
629
630
632
632
630
633
634
633
632
634
632
634
632
633
633
633
632
634
632
634
633
633
633
635
634
633
634
634
633
631
633
633
634
633
633
634
634
634
636
636
635
635
637
634
634
635
635
634
634
635
635
633
632
634
633
633
632
633
633
633
632
632
633
633
632
632
631
632
631
631
631
631
630
630
631
631
632
632
632
634
636
636
635
637
638
639
638
639
638
640
639
639
640
640
641
640
640
641
639
639
639
637
636
635
635
635
635
633
1275
633
636
634
635
635
635
635
635
636
636
637
638
639
637
639
639
639
637
637
637
636
636
634
636
636
637
637
639
641
640
641
642
643
641
641
643
643
641
642
643
641
641
639
639
639
638
639
638
638
639
638
639
639
639
640
641
642
643
643
645
644
645
644
646
646
646
646
646
648
646
646
646
646
645
645
644
646
645
643
644
645
646
646
646
647
648
647
646
648
648
649
647
648
650
650
650
648
650
649
649
647
648
649
647
646
646
647
646
647
646
648
646
646
648
646
646
647
648
648
647
648
648
649
649
649
650
648
649
647
647
647
646
646
647
646
646
646
646
647
644
645
646
644
642
642
642
642
638
637
637
637
636
633
630
627
630
625
624
621
622
624
623
621
621
622
623
624
625
626
630
630
632
634
636
637
637
642
640
639
640
641
637
636
634
635
637
636
638
636
634
636
635
635
634
635
635
637
640
640
642
643
643
644
644
646
648
647
647
648
650
649
648
651
650
650
649
653
651
650
652
654
653
652
652
654
652
652
651
653
651
649
653
652
651
650
654
654
652
653
654
654
651
653
653
653
651
655
653
652
650
649
651
651
648
649
650
650
650
652
654
653
653
654
653
653
656
654
656
658
657
659
662
661
661
662
663
662
663
661
661
661
663
663
658
663
663
660
661
662
661
659
661
663
663
663
659
657
1323
661
660
660
657
654
655
655
654
654
654
655
657
655
658
658
658
657
658
659
658
655
657
659
658
656
657
659
658
657
660
660
660
658
661
661
659
655
653
655
657
656
653
653
652
651
653
653
652
651
653
654
653
652
654
655
654
657
658
659
657
659
660
659
656
659
657
655
655
656
657
656
655
658
660
660
659
661
663
664
661
663
664
663
661
661
663
662
660
663
662
660
661
664
662
661
661
663
663
662
660
662
661
661
659
661
661
660
658
662
661
661
658
659
658
658
655
656
656
655
655
655
658
658
656
658
659
659
658
658
660
661
658
656
658
656
657
654
654
656
655
652
653
655
653
650
650
650
649
645
646
647
646
646
647
650
650
649
651
652
654
652
652
654
654
652
651
651
652
650
649
650
651
650
649
650
653
652
651
652
655
653
653
651
652
653
654
651
652
654
653
652
651
655
652
652
651
650
652
651
649
649
650
652
650
650
651
653
653
652
652
656
654
653
653
656
655
655
653
653
655
653
653
651
654
651
650
647
649
648
648
646
646
650
649
646
647
648
647
647
645
646
646
646
646
646
649
650
650
649
651
653
652
653
652
653
653
654
651
651
653
652
650
650
651
651
650
649
650
652
651
650
650
652
653
651
652
654
652
654
654
650
652
651
650
650
653
652
652
653
655
655
653
654
656
655
653
653
654
652
651
649
647
646
645
646
646
646
646
650
650
649
649
652
652
651
649
649
651
650
647
648
650
649
646
648
650
649
648
647
652
652
651
649
652
653
654
651
653
654
654
651
653
651
652
649
650
651
650
649
648
652
651
650
647
648
649
649
646
646
648
646
646
646
648
647
647
646
651
650
650
648
649
651
648
647
646
649
647
645
646
648
647
648
646
647
649
650
648
646
648
647
645
647
646
646
649
649
649
647
649
651
650
649
651
651
650
648
648
649
647
644
643
646
644
643
641
641
643
642
642
639
641
640
640
639
638
640
641
642
640
641
644
644
642
641
644
645
643
641
644
645
644
644
643
645
646
646
644
644
647
645
644
645
646
646
644
641
646
645
642
642
645
645
645
643
646
646
646
645
645
647
646
645
643
642
644
641
640
638
638
640
640
639
640
643
644
641
643
646
646
646
645
647
646
647
650
648
647
650
648
646
646
650
648
648
646
647
649
648
647
647
649
649
648
645
645
646
645
644
642
643
645
644
640
640
644
641
640
638
639
641
641
641
641
642
644
644
644
643
646
645
645
643
644
646
645
645
644
643
646
646
645
644
648
647
646
646
646
648
647
646
645
647
647
648
646
647
650
649
649
649
652
652
653
650
651
654
654
652
651
653
653
650
648
647
649
648
646
645
646
646
646
643
642
646
645
644
643
644
646
646
645
645
647
647
646
646
646
647
646
644
645
648
644
640
646
640
641
643
637
638
637
630
635
638
627
635
625
626
627
621
615
615
613
611
609
605
597
605
598
600
598
598
595
592
590
591
588
587
584
585
585
581
579
574
578
578
578
576
577
576
576
577
577
576
574
574
573
574
573
571
575
574
570
576
574
571
575
577
577
576
575
578
578
575
579
578
579
576
580
580
581
582
579
583
581
583
581
581
582
580
582
584
580
583
587
583
584
584
585
583
586
585
585
586
587
585
587
588
588
584
586
589
585
588
590
590
588
589
587
587
587
587
587
585
586
587
586
586
586
588
585
586
585
588
587
587
586
586
585
585
586
586
584
585
584
581
583
583
583
586
584
582
586
586
585
583
586
584
585
585
584
585
586
585
586
585
587
586
586
589
588
585
586
588
585
587
586
586
587
584
587
586
584
587
585
586
585
585
586
586
585
586
586
585
585
586
585
585
584
584
582
583
584
583
582
583
583
585
582
585
584
584
584
583
585
584
582
584
584
584
584
584
585
584
583
585
586
584
585
583
586
582
583
582
582
582
581
580
579
577
580
579
575
576
575
577
578
577
577
578
579
579
581
580
581
582
579
582
579
577
575
573
575
573
573
572
572
573
574
573
573
573
575
575
574
574
577
577
576
577
575
577
577
578
576
577
576
578
578
578
578
580
578
580
581
580
581
581
583
579
579
580
582
581
579
579
581
581
579
578
580
580
582
579
579
579
580
577
579
579
579
579
578
581
582
581
581
582
581
580
581
581
582
579
580
580
578
576
578
577
577
574
577
574
577
576
580
576
578
577
578
577
579
578
579
580
579
579
578
580
580
579
579
579
581
577
580
579
578
577
578
578
575
578
577
578
578
577
576
577
576
574
576
576
576
575
575
577
575
577
575
576
576
576
577
577
577
577
579
578
576
577
576
577
577
578
576
573
576
577
577
578
579
578
577
579
575
576
576
575
575
575
575
573
575
574
573
573
573
574
571
573
573
574
572
572
574
573
574
572
574
574
575
573
575
572
574
574
574
575
574
572
574
574
572
572
573
573
571
572
572
573
569
573
573
572
572
571
574
572
571
572
572
571
571
572
572
572
571
569
571
571
569
571
568
571
568
569
567
568
568
568
568
568
570
568
571
569
568
569
567
569
568
567
566
566
569
569
569
570
568
569
569
570
566
564
564
563
563
564
564
563
562
561
563
563
562
563
563
563
563
565
563
564
564
565
565
566
565
565
566
565
563
562
563
563
563
563
561
563
563
561
562
560
561
560
563
562
563
563
563
563
563
561
563
563
563
563
563
563
563
563
563
563
564
564
566
564
567
567
565
569
567
568
569
569
570
568
568
570
569
567
569
570
567
570
568
568
570
568
571
569
570
570
572
571
571
572
573
570
572
573
569
570
571
570
570
571
570
566
570
569
568
566
568
566
566
565
567
566
567
567
565
567
566
566
566
566
563
563
563
563
563
563
563
563
564
560
560
563
560
560
560
559
559
559
559
559
560
560
562
559
561
563
561
561
562
561
563
561
559
561
561
560
561
563
562
562
560
560
562
563
562
563
563
564
565
565
565
568
566
564
566
566
565
567
566
565
567
566
566
568
565
568
569
569
568
570
569
572
571
569
572
571
569
569
570
569
567
569
567
567
566
566
568
567
570
568
571
576
576
576
580
577
586
573
575
574
576
572
574
571
572
568
568
571
570
571
567
569
568
568
569
566
569
569
569
570
570
570
571
572
572
571
573
572
572
573
574
572
571
573
574
573
573
574
570
570
571
571
570
566
566
565
566
565
567
563
564
564
565
564
564
565
564
566
561
563
563
564
564
563
564
563
565
564
566
566
565
565
568
567
568
568
569
567
571
570
570
571
570
572
570
569
572
571
569
571
572
570
570
570
573
573
573
574
575
575
576
575
574
576
575
577
576
575
576
579
578
577
579
576
578
579
578
580
575
577
577
576
576
573
575
575
575
574
575
573
573
575
574
576
574
575
576
577
577
576
578
577
579
579
580
580
579
581
581
579
582
582
582
582
582
582
584
584
584
583
584
584
585
585
586
588
584
587
588
585
586
587
584
584
584
584
581
583
582
582
580
581
580
580
580
582
581
581
580
579
578
577
577
577
577
576
576
575
576
576
575
577
573
575
575
573
575
575
575
576
574
576
577
576
576
576
574
576
575
574
574
573
574
573
573
573
574
573
574
574
571
572
571
570
570
569
570
567
568
569
568
568
570
566
563
565
566
567
569
571
571
571
572
574
574
575
576
575
574
575
575
574
573
572
572
573
574
572
571
571
572
570
570
570
570
569
569
570
570
568
570
570
571
568
571
570
569
570
569
571
571
571
573
573
572
574
574
576
574
576
575
574
573
572
573
573
573
570
569
572
571
568
567
565
565
564
565
564
565
567
566
568
567
568
569
570
570
572
570
572
573
573
575
575
575
577
574
574
575
575
575
575
573
575
576
575
575
575
576
577
578
578
578
578
575
578
578
578
576
576
577
576
576
576
576
575
576
577
576
576
577
579
576
577
578
578
579
579
579
578
578
577
577
577
576
575
573
574
574
574
572
573
573
572
572
573
573
573
573
574
575
574
572
577
576
576
576
575
576
574
577
574
575
575
576
576
573
573
575
576
576
575
575
576
574
577
577
576
578
576
574
576
576
576
577
575
576
575
575
575
577
573
575
575
575
575
574
573
574
575
573
575
573
574
571
574
572
571
571
572
571
572
572
573
573
573
574
575
576
575
573
577
575
575
573
574
573
572
573
573
574
574
574
573
572
574
571
573
572
572
571
571
571
571
570
571
569
567
568
570
566
568
568
568
566
567
568
570
569
570
572
570
571
574
571
573
574
572
574
573
574
573
572
573
574
573
572
573
575
575
576
575
575
577
575
577
573
574
571
577
576
578
577
578
579
575
577
575
578
577
576
576
575
574
575
574
574
574
573
573
572
574
573
570
573
574
574
575
573
575
575
574
573
575
573
575
573
572
574
573
572
571
572
572
573
573
575
572
574
574
574
571
574
574
573
573
573
575
576
574
575
575
576
578
577
576
576
576
576
576
576
576
575
576
575
576
577
574
574
574
572
573
572
572
573
574
573
572
573
574
573
574
572
574
573
574
574
574
573
575
576
576
577
577
579
579
575
577
577
577
577
578
577
578
578
579
578
579
581
580
580
581
578
579
579
580
579
578
577
578
577
576
576
579
574
576
573
576
572
572
573
572
573
572
570
572
572
571
572
573
571
572
573
573
573
574
575
575
575
574
574
574
573
574
572
572
571
573
572
573
571
571
572
571
569
571
570
570
570
569
570
571
571
570
572
573
573
573
575
573
574
575
576
573
575
580
574
574
576
576
577
576
575
575
573
573
575
571
571
572
572
573
571
571
570
570
570
570
572
571
569
572
572
571
573
573
573
575
573
574
575
575
574
575
575
577
574
576
576
576
576
575
576
573
576
574
576
573
571
570
570
571
569
569
570
570
569
571
573
569
572
573
571
571
572
572
569
571
571
570
570
570
570
571
569
570
569
572
570
569
570
570
569
570
569
568
570
569
569
569
568
570
568
570
569
567
568
569
568
568
569
569
569
567
568
568
569
569
569
569
568
570
571
568
568
567
568
568
567
568
568
565
566
567
567
567
565
566
566
566
565
566
566
566
566
564
567
568
563
562
562
563
564
564
564
564
564
565
565
566
567
567
568
568
567
567
570
568
569
568
567
567
567
566
564
566
564
565
564
565
565
563
564
564
564
563
565
564
565
564
565
563
565
566
565
567
565
567
567
569
568
568
570
568
566
567
569
568
568
567
568
569
567
568
568
568
570
569
569
571
570
570
573
572
572
573
573
573
573
573
574
574
573
573
573
572
572
569
572
572
568
572
571
571
573
574
573
572
575
574
573
573
573
572
572
572
572
569
571
572
571
570
571
570
569
570
570
565
566
566
567
565
564
565
564
563
563
564
563
564
563
565
563
566
566
566
565
566
567
567
568
568
569
566
569
568
569
567
569
569
567
569
570
569
570
571
568
570
570
571
569
568
569
566
569
568
569
570
566
568
570
569
571
570
568
570
569
569
569
567
566
567
567
568
567
566
567
567
567
566
567
567
565
566
565
566
564
564
565
565
566
565
567
566
565
568
566
567
568
566
567
568
568
568
567
567
565
566
567
566
564
566
565
566
565
567
567
567
568
568
570
571
568
572
572
571
571
569
568
569
568
567
567
565
565
568
567
566
567
566
567
567
569
569
568
569
567
569
570
567
569
570
569
569
570
568
571
570
569
571
570
571
571
572
571
572
572
571
571
572
571
571
571
571
572
571
572
571
563
565
570
571
572
572
573
574
573
575
570
574
575
575
575
572
571
570
570
569
571
568
570
570
570
571
569
568
571
570
570
569
569
569
571
568
570
571
570
571
573
571
570
574
573
572
573
573
572
573
572
570
571
572
571
571
571
572
570
571
570
571
570
570
571
570
571
572
573
572
573
574
571
573
574
575
574
575
575
576
574
574
574
575
575
576
577
575
578
578
579
578
578
578
578
578
578
578
575
576
577
575
573
573
573
572
573
573
572
570
571
573
572
574
572
573
573
573
573
574
575
571
573
574
574
574
573
574
574
573
572
571
570
571
570
571
571
572
573
573
573
575
574
574
574
576
575
576
575
575
575
576
577
577
578
579
579
579
579
578
578
578
578
578
576
578
577
577
577
577
578
578
579
577
578
575
576
576
576
574
576
575
575
573
578
573
577
571
574
572
574
574
572
572
571
571
568
569
567
567
566
566
566
565
566
566
567
566
567
568
568
568
568
568
571
569
571
571
571
571
570
572
571
570
571
567
568
570
568
568
568
568
569
568
569
567
569
568
567
567
567
567
566
567
566
567
566
567
568
568
569
568
569
570
570
569
569
569
567
567
568
567
567
566
568
566
564
567
566
566
565
567
567
567
568
567
566
566
565
567
567
566
566
566
567
567
566
568
563
561
562
565
561
561
561
558
559
559
561
560
560
560
563
561
563
563
561
563
563
564
563
561
563
559
559
562
557
559
557
554
547
546
553
552
548
554
540
549
550
546
550
550
549
549
549
550
550
549
551
549
551
546
545
549
552
552
553
553
554
553
553
553
554
554
551
551
554
554
552
554
555
554
554
555
555
554
557
556
557
558
559
559
559
559
562
562
561
560
563
562
563
561
563
562
563
562
563
561
563
563
563
563
563
564
564
564
564
563
564
564
565
563
563
563
565
565
565
566
564
568
567
565
569
569
570
569
570
568
571
569
570
571
570
571
570
572
572
573
573
574
574
573
574
575
576
577
578
578
578
577
579
578
579
578
581
580
578
581
582
583
581
582
582
583
582
582
581
578
581
580
580
580
578
578
580
580
579
581
578
580
579
581
578
580
580
577
576
576
576
577
578
577
578
574
576
575
576
574
575
574
574
573
573
573
571
568
568
568
569
568
568
569
569
570
570
571
572
570
571
572
572
573
572
573
572
576
574
575
577
577
577
575
576
577
578
576
578
576
576
577
575
577
577
577
578
576
579
578
579
576
577
579
578
579
577
579
579
578
579
576
580
579
580
578
580
580
581
580
580
581
581
580
580
581
581
582
582
583
580
583
579
579
579
577
575
576
573
571
573
570
573
573
570
573
572
570
571
573
571
569
571
571
571
568
569
569
570
570
569
569
569
569
569
566
565
567
566
566
563
566
565
562
558
562
561
562
561
559
556
555
553
559
555
553
552
553
551
553
550
546
548
550
548
549
547
547
547
541
547
543
543
542
545
542
544
544
542
545
539
543
540
541
540
541
538
540
537
539
535
537
535
537
535
537
533
536
534
536
532
538
535
536
538
535
538
536
537
535
537
537
537
535
535
534
536
534
533
534
535
532
534
531
532
531
534
531
531
534
530
533
530
532
532
532
530
531
531
530
530
529
528
528
527
528
528
526
524
528
524
525
524
529
523
525
526
525
526
527
526
526
528
527
526
529
526
525
526
526
524
527
525
525
525
526
528
523
525
526
528
527
528
525
528
528
528
527
525
528
521
525
525
522
523
520
524
522
522
521
524
521
521
519
522
521
520
521
522
521
522
517
518
522
525
522
524
527
525
524
523
526
523
524
521
527
525
525
523
525
522
524
523
523
522
522
523
522
521
524
521
523
524
521
521
523
522
523
524
525
524
523
526
526
523
526
524
526
524
525
528
524
525
527
524
525
525
521
524
526
521
526
527
525
524
527
525
522
526
527
526
524
524
526
524
526
527
525
524
524
527
525
526
526
526
527
524
529
527
527
524
526
526
524
525
528
525
524
526
523
525
527
525
523
525
527
525
521
525
524
522
521
524
523
522
522
523
522
522
522
523
525
524
521
523
523
521
523
526
522
521
523
524
521
522
525
524
521
521
525
524
521
521
523
524
523
522
521
521
522
524
524
520
522
525
521
524
523
523
523
523
527
523
521
527
523
524
523
524
523
525
525
524
522
524
528
525
524
523
527
525
525
528
522
526
528
525
524
524
527
525
525
527
525
525
526
527
525
526
527
524
525
527
522
522
524
524
523
524
525
522
523
525
527
522
522
524
526
524
523
523
526
522
525
525
521
522
523
523
522
520
525
523
523
521
523
521
523
523
521
520
523
521
520
522
521
522
520
521
522
522
521
520
521
521
521
525
521
522
521
521
525
520
522
523
521
524
521
521
522
523
521
518
521
523
523
523
521
521
524
521
521
520
519
521
522
521
522
521
520
522
523
520
521
522
520
521
523
522
523
522
520
521
523
524
521
521
523
521
523
523
522
521
523
524
523
521
524
523
522
524
525
523
523
522
525
521
525
524
521
521
522
522
526
521
522
524
521
521
524
523
520
520
524
524
523
521
521
524
522
521
525
521
524
522
521
523
525
525
521
521
524
525
521
521
522
526
522
523
524
522
521
525
524
522
521
526
523
524
523
523
521
525
525
523
522
524
525
525
523
524
524
525
524
525
524
525
523
523
526
526
523
521
524
525
527
525
523
523
524
524
523
523
521
522
522
523
526
521
523
526
524
523
521
526
525
525
521
521
522
526
523
521
524
525
522
524
524
526
522
523
526
524
525
524
524
524
524
526
524
521
528
525
524
525
525
525
525
525
524
525
527
523
525
525
527
523
522
526
526
524
525
524
524
523
523
524
526
523
524
523
527
526
522
525
527
522
526
525
523
524
526
522
523
524
523
525
524
526
521
522
524
522
522
521
522
521
521
521
524
521
521
521
522
521
520
523
522
521
521
522
525
523
521
522
521
523
527
525
521
527
526
524
524
526
523
522
525
528
525
522
526
524
528
524
524
526
522
518
521
523
522
520
519
523
521
521
522
521
521
519
521
519
520
522
521
520
521
521
517
523
516
519
519
520
517
516
515
516
514
513
514
513
516
516
512
517
518
516
516
517
517
519
520
514
520
519
519
509
512
518
519
518
520
517
521
521
520
521
521
522
523
521
521
523
523
525
523
521
523
524
524
525
521
523
525
524
523
525
526
523
525
525
526
525
524
527
526
527
526
527
527
527
528
530
530
531
531
531
531
532
533
530
534
533
533
533
535
533
535
535
537
532
532
533
531
530
530
532
530
519
531
533
531
533
533
534
535
532
532
537
535
536
535
535
536
536
536
534
536
535
536
534
532
532
534
533
535
533
533
535
535
535
535
537
537
537
539
537
539
539
540
540
541
541
542
539
542
541
542
541
544
541
542
546
545
550
544
546
549
546
549
546
545
546
545
543
544
543
543
545
541
542
543
542
543
540
545
543
546
544
548
549
547
549
549
547
546
547
548
546
545
543
546
546
528
541
543
541
538
536
540
542
544
544
546
545
1093
552
550
550
552
553
555
556
560
560
563
564
566
568
572
577
580
582
586
592
595
596
597
602
605
601
602
604
605
604
604
612
612
611
611
614
614
613
613
617
617
616
618
624
621
619
623
624
625
619
620
624
621
611
608
604
603
601
602
600
602
604
604
607
608
615
618
617
621
623
626
626
624
624
621
610
608
610
609
606
608
606
605
606
604
605
604
605
605
610
609
608
610
608
609
608
609
608
608
605
604
606
606
606
606
611
612
611
615
620
623
621
623
623
621
622
622
618
617
618
615
616
615
613
613
608
610
611
610
610
610
613
611
613
613
616
620
619
622
623
623
623
623
620
619
616
619
617
622
622
623
624
627
627
629
631
632
628
632
632
635
632
631
636
634
635
636
637
638
640
644
642
640
641
645
644
641
645
645
646
641
639
640
636
632
629
630
632
628
633
635
637
634
638
638
634
623
616
630
622
622
619
619
618
618
615
615
616
615
613
615
615
619
619
620
623
625
625
627
629
629
628
629
631
631
630
631
633
631
631
633
635
637
638
638
640
641
642
642
645
644
644
646
647
649
645
646
646
647
647
652
653
651
647
646
648
648
648
648
650
646
648
648
649
648
649
651
651
650
650
651
651
649
650
647
648
649
648
646
646
645
645
646
644
646
646
646
646
646
647
646
646
647
646
646
647
646
646
648
647
648
648
647
650
649
649
650
651
650
650
651
649
652
650
651
651
652
649
651
651
652
647
649
649
649
650
650
652
651
652
651
655
654
653
654
654
655
655
655
653
655
655
655
656
655
656
655
658
656
656
653
651
651
649
647
649
647
647
646
648
649
648
648
649
651
653
650
653
651
649
646
646
644
642
641
641
639
641
640
642
645
644
645
646
646
646
647
646
646
648
648
649
651
652
654
653
652
653
652
652
651
652
653
653
654
654
653
655
654
654
654
657
655
656
657
657
656
657
657
659
658
656
658
658
655
654
658
654
648
646
646
646
646
644
644
646
646
646
646
646
644
646
646
645
646
648
648
648
648
650
647
645
646
646
645
646
646
646
646
646
647
646
646
647
648
648
649
648
652
650
651
653
653
654
658
657
660
662
664
662
662
663
662
663
667
665
666
667
668
668
671
671
674
674
675
671
664
658
665
663
658
658
657
656
657
655
654
656
656
657
656
659
656
653
653
652
650
649
647
647
645
645
644
643
643
644
644
645
645
646
647
648
648
647
649
649
649
646
647
647
644
646
646
644
643
642
645
643
643
641
642
644
644
643
643
646
646
652
652
653
654
657
658
661
663
665
665
665
667
669
668
665
668
669
669
669
670
673
673
671
674
675
675
675
676
674
675
675
677
678
678
679
682
680
680
680
684
683
680
681
682
682
681
681
683
680
680
682
680
681
677
679
675
666
673
669
666
663
665
665
662
664
664
664
662
665
665
663
663
666
666
667
667
669
669
667
668
671
671
669
666
669
668
668
666
670
666
666
663
666
665
660
661
658
656
657
656
659
659
659
657
657
658
659
657
659
661
661
660
663
664
665
665
666
667
665
665
664
664
663
663
666
665
665
664
663
664
663
664
665
663
661
659
663
661
660
658
656
656
656
653
651
649
651
649
647
648
649
648
647
651
649
652
649
654
653
653
652
654
655
655
652
653
654
654
651
656
653
653
651
654
654
654
651
649
652
652
650
650
648
651
649
649
650
650
651
650
653
653
652
653
655
657
656
657
657
658
657
657
657
657
654
656
655
653
651
652
651
652
649
651
651
652
651
652
651
652
651
652
653
652
651
651
652
652
651
652
654
651
653
654
654
653
652
653
653
653
655
656
653
654
656
656
654
656
657
657
657
658
657
658
654
653
648
647
646
646
646
646
646
646
648
649
647
650
651
653
653
655
657
659
659
659
660
659
659
659
660
660
659
658
659
661
661
661
662
664
666
668
668
670
670
671
668
667
667
665
662
662
661
660
656
659
660
660
659
660
660
661
658
658
659
656
656
657
657
657
657
657
658
655
656
656
654
653
654
654
654
654
655
656
657
658
659
664
662
663
662
665
665
665
664
665
665
665
664
666
666
667
665
667
669
668
665
667
668
668
671
669
670
671
673
672
673
675
676
676
673
672
673
673
671
670
672
669
666
668
664
661
659
661
660
662
659
663
665
666
664
666
668
668
664
665
666
666
663
664
669
666
665
664
667
667
667
663
665
665
664
662
661
661
663
660
659
662
664
661
662
662
662
661
661
664
664
666
664
666
666
667
666
668
667
667
665
667
667
664
663
664
661
659
656
659
656
658
653
654
654
653
653
653
655
655
655
656
657
657
657
661
662
662
663
665
664
665
662
666
664
663
662
662
663
662
661
662
662
663
663
663
665
666
665
668
666
667
666
669
667
665
661
661
663
660
658
656
657
657
655
657
657
655
656
656
657
657
655
658
658
659
659
660
664
665
664
664
666
666
666
662
662
662
662
658
660
660
660
658
658
660
660
659
657
659
661
662
660
662
664
664
666
663
663
666
666
664
663
665
665
663
661
664
664
666
662
663
660
662
661
658
650
647
654
647
645
645
642
631
630
636
633
631
630
629
626
625
624
623
622
619
616
615
614
613
608
607
606
606
604
604
604
600
603
603
601
600
601
601
601
600
602
606
601
606
606
605
607
609
611
609
609
613
610
609
610
612
612
612
613
612
614
611
614
616
615
610
610
614
613
613
610
613
615
617
619
619
617
618
619
616
614
617
616
618
614
614
617
615
618
612
614
612
611
608
609
608
602
603
600
598
601
602
604
605
606
604
610
610
617
625
633
639
645
649
647
652
652
661
662
664
661
651
653
656
651
655
655
665
665
663
659
662
660
657
661
658
668
659
661
670
675
679
673
675
672
668
661
669
667
667
677
682
686
691
698
695
706
704
702
708
703
697
687
693
694
697
693
693
692
688
684
689
684
681
687
689
688
688
695
697
699
694
699
691
674
677
671
672
669
664
669
666
672
673
673
673
679
687
693
690
700
700
695
702
707
706
697
700
699
698
688
689
689
686
683
685
683
679
683
688
694
690
697
700
696
695
697
696
688
685
688
689
685
687
683
668
662
666
667
668
667
662
663
663
662
662
658
663
666
667
664
668
671
670
665
671
666
665
668
668
666
664
669
667
667
658
662
663
665
670
664
664
665
663
661
659
665
665
668
664
667
672
672
674
678
680
683
681
687
684
685
679
672
264
407
1351
664
665
663
663
660
664
664
663
665
669
669
667
672
674
675
676
680
682
681
680
683
683
684
687
687
687
685
685
688
688
688
686
691
690
687
684
688
690
688
677
669
675
678
673
669
674
671
668
670
670
667
662
663
666
667
668
663
667
665
668
667
664
666
664
666
662
663
660
661
657
657
653
653
651
652
653
656
655
657
658
662
661
667
668
669
665
666
667
667
664
664
667
668
664
668
669
669
674
671
669
669
669
669
666
666
668
668
664
666
668
669
668
669
672
673
676
672
673
675
674
672
673
673
674
672
669
673
671
668
668
671
673
671
669
676
677
677
676
682
682
678
682
682
673
674
675
674
670
671
672
668
672
670
670
674
673
671
675
675
674
674
677
674
673
675
677
677
673
671
672
672
669
663
654
659
658
658
655
653
653
652
656
656
656
656
659
657
658
659
660
663
663
662
664
668
667
667
667
666
665
665
665
666
666
668
667
669
670
672
671
674
671
670
671
673
672
670
673
673
674
673
677
676
678
676
679
678
678
677
680
677
677
672
669
671
670
669
667
667
667
665
664
661
661
660
660
659
662
662
660
662
664
663
665
666
667
665
667
667
668
666
667
667
668
666
666
667
667
665
667
667
667
666
668
668
667
671
671
670
673
673
673
672
674
673
673
674
675
675
673
674
675
675
674
671
674
674
673
671
674
673
672
670
674
675
674
671
671
675
674
671
671
672
671
669
670
671
671
669
669
671
669
667
667
667
667
665
663
665
665
664
663
666
665
664
662
661
656
660
1319
650
640
635
639
635
637
633
632
631
628
626
625
625
624
623
623
622
622
620
620
620
620
620
621
617
617
618
618
615
616
617
617
614
618
616
615
617
620
617
615
616
617
620
622
620
623
625
628
626
628
630
631
629
626
629
628
630
635
630
633
635
629
628
629
631
628
628
629
629
628
626
622
625
617
613
606
606
604
605
603
603
602
600
599
600
600
595
592
593
586
587
586
586
584
585
587
586
591
592
597
603
602
608
612
616
619
617
620
622
619
621
618
618
616
614
614
615
614
616
611
611
611
613
613
612
612
609
610
610
610
611
609
616
610
614
615
612
612
616
612
611
612
609
609
604
606
604
604
604
602
604
599
602
599
599
597
598
596
596
594
594
595
590
592
589
591
588
589
590
589
589
588
592
589
587
591
588
589
589
588
587
587
585
586
586
585
584
586
585
583
584
584
582
583
582
582
579
582
580
580
581
580
577
579
579
578
579
580
577
577
577
579
578
577
575
577
578
576
574
572
575
573
573
571
572
572
570
570
570
573
575
574
576
575
576
574
572
573
572
573
574
572
573
573
572
572
570
572
568
568
568
565
567
565
566
563
566
564
564
565
564
565
564
563
563
563
563
563
562
562
561
561
561
562
558
560
559
559
558
557
560
562
559
563
560
564
564
556
561
563
563
561
563
900
786
563
561
563
563
563
562
561
563
560
556
557
557
551
552
551
551
549
548
545
545
544
541
540
538
536
532
532
534
532
534
535
536
535
534
536
539
536
539
539
543
540
541
538
543
539
539
541
536
542
537
539
536
537
534
534
533
537
533
532
534
533
528
531
532
529
526
526
524
526
523
522
524
524
521
521
521
523
521
521
524
521
521
522
523
520
521
521
518
517
521
519
516
521
518
517
516
519
518
519
519
521
520
521
521
519
521
517
518
521
519
516
520
521
518
520
521
520
519
521
521
520
521
523
521
520
523
522
521
521
524
521
521
521
521
520
523
522
521
523
524
522
523
525
524
520
522
519
517
517
521
522
521
521
521
521
520
521
521
517
518
516
518
516
515
521
520
522
521
520
524
522
521
522
519
522
520
519
525
521
524
524
526
524
526
526
528
528
529
525
525
526
528
523
527
523
521
520
527
526
525
525
524
528
523
528
525
527
531
526
527
530
530
528
531
532
531
533
531
536
532
536
532
534
536
536
537
538
535
537
538
538
539
539
538
539
540
538
538
539
541
540
541
540
539
540
542
541
542
543
544
542
543
544
543
541
542
543
539
542
542
540
539
540
541
542
542
543
543
543
542
544
540
542
543
544
544
543
542
542
542
542
542
543
542
543
543
544
543
542
545
544
544
543
545
543
545
542
542
542
543
544
543
545
545
543
544
544
544
544
541
539
541
543
542
542
540
541
542
541
539
540
541
541
539
541
542
540
542
542
542
542
540
540
542
541
541
541
539
541
540
542
541
539
539
540
540
542
538
541
542
541
541
540
540
540
538
539
538
535
537
537
535
536
536
537
534
535
535
537
536
537
537
538
537
539
540
539
538
538
539
539
539
539
535
536
537
539
539
539
539
538
538
540
539
540
539
537
537
538
539
538
539
539
538
539
539
538
539
538
539
538
539
540
542
539
539
541
540
541
540
538
540
536
540
542
540
542
540
541
538
542
536
540
538
536
536
534
539
534
540
537
543
539
546
541
544
547
542
543
541
543
537
536
534
538
538
539
536
535
538
538
526
533
531
534
532
530
531
533
532
534
533
533
532
531
527
530
529
529
529
525
525
525
527
525
521
525
524
524
523
525
523
524
526
523
526
526
527
527
523
525
530
530
529
528
527
530
529
528
531
527
528
528
527
525
525
526
526
522
525
523
523
523
525
520
522
520
523
521
519
521
521
522
522
521
522
521
521
521
523
523
517
518
522
521
518
518
520
513
513
519
512
512
514
512
512
512
511
512
512
512
512
510
513
513
513
512
515
515
515
513
514
518
513
514
517
517
516
517
514
517
518
520
520
518
517
520
517
516
517
518
519
515
519
518
517
514
518
518
516
519
520
517
520
520
519
521
521
521
520
520
519
516
515
515
515
514
515
516
515
516
514
517
514
516
516
517
515
514
515
513
513
513
515
508
511
511
512
514
512
512
513
512
514
514
512
506
511
516
512
512
515
517
515
517
519
517
519
519
519
520
521
522
522
524
524
522
526
524
521
526
526
524
525
526
526
526
524
526
528
525
527
527
526
527
527
527
525
525
527
527
525
527
529
526
526
527
527
525
523
521
525
1048
521
520
523
1029
527
518
519
515
517
516
517
517
514
512
512
511
511
510
511
514
507
508
509
509
510
510
512
508
506
508
507
513
504
509
507
504
507
506
502
501
507
506
504
506
507
506
505
503
508
511
510
508
507
511
508
508
512
508
513
510
510
511
510
509
509
510
514
510
513
511
512
513
511
511
508
512
510
510
506
508
509
506
509
505
505
505
505
507
503
506
510
504
502
508
505
508
507
505
504
507
503
502
503
502
499
499
501
498
497
502
499
500
499
500
499
500
500
500
498
497
501
495
499
499
499
497
501
498
500
498
502
499
498
501
501
497
502
499
499
498
503
501
499
496
498
504
503
502
503
501
498
502
503
500
500
503
502
500
502
501
498
493
1003
498
495
495
495
498
497
500
500
500
504
505
506
509
509
510
515
515
521
520
522
525
526
523
522
525
523
524
525
524
520
516
522
521
520
520
522
523
520
522
521
521
522
519
522
522
520
521
520
517
518
518
518
518
515
517
512
513
516
513
509
512
514
513
507
509
511
509
507
509
510
509
510
511
511
508
511
510
508
509
509
507
506
509
507
504
506
506
505
504
503
504
503
502
501
500
498
497
497
499
490
495
498
497
496
495
498
499
497
498
499
499
497
494
497
500
498
497
497
495
499
499
496
499
499
500
499
501
500
502
502
500
501
502
502
501
502
503
502
503
502
503
504
502
503
504
504
503
503
503
503
502
502
501
502
501
501
501
501
501
503
501
500
503
503
500
502
502
502
501
502
499
501
500
500
499
499
501
498
494
491
499
500
495
497
496
497
500
497
500
502
499
503
502
504
500
503
503
502
503
503
504
503
502
501
502
503
502
501
502
498
502
500
502
498
497
498
500
498
498
496
497
498
498
498
496
497
499
496
497
497
495
498
495
496
494
497
497
495
497
495
495
498
497
495
496
497
495
498
494
498
495
496
498
499
498
496
498
497
498
500
497
499
496
501
497
498
500
501
496
499
496
500
499
500
502
501
503
504
502
507
506
505
503
508
506
509
506
510
506
510
507
509
509
509
509
512
507
511
512
509
509
509
507
503
508
509
509
511
510
512
513
513
516
517
518
517
517
519
520
518
518
521
518
516
518
517
521
520
519
519
522
522
523
521
521
521
523
521
523
523
523
521
526
523
524
522
522
523
523
518
523
521
521
522
521
519
523
521
521
521
522
521
522
519
516
521
516
515
515
517
517
517
521
521
523
526
530
535
537
539
543
542
533
539
535
540
537
540
538
534
533
536
537
536
534
536
534
534
534
534
532
531
532
531
531
530
530
529
527
530
529
525
530
529
520
527
521
527
528
523
526
523
523
521
524
519
521
517
520
516
517
517
517
513
519
513
518
517
513
515
515
515
512
514
512
512
511
514
513
513
514
510
512
510
514
513
512
513
513
512
509
514
509
511
515
511
510
510
514
511
511
513
512
510
511
514
508
512
514
512
511
513
511
508
515
513
512
511
513
511
509
513
513
511
512
514
510
510
513
510
513
513
514
513
510
512
511
510
507
514
510
510
513
510
509
511
512
509
514
513
511
512
512
510
513
512
511
513
511
512
513
513
514
511
517
512
515
515
513
516
513
514
513
516
516
517
515
515
513
514
513
517
515
514
514
513
514
513
510
515
512
512
515
512
510
512
513
510
511
514
510
510
512
510
509
513
510
511
514
510
511
510
512
511
513
512
512
512
511
512
511
513
512
512
513
510
512
510
514
513
512
513
514
510
513
514
512
514
513
515
515
514
518
515
515
516
516
515
517
517
516
514
515
517
513
518
517
515
516
518
512
513
508
517
516
511
516
514
513
514
514
511
514
513
511
516
514
511
514
512
514
509
512
515
515
510
515
514
511
513
514
514
512
513
514
513
513
516
517
512
513
515
513
513
515
515
514
513
515
511
515
515
515
515
516
512
515
517
516
516
517
517
518
516
521
517
518
517
521
516
516
521
518
517
512
513
518
511
513
511
513
504
513
513
510
512
511
511
508
508
513
510
511
511
511
513
510
511
510
512
511
510
511
510
510
509
512
513
514
509
511
513
508
512
510
511
510
511
510
510
508
507
512
507
510
513
510
512
512
510
509
514
508
513
510
514
511
511
515
513
510
515
512
511
517
516
513
515
516
517
515
515
516
515
516
514
513
513
513
510
513
515
511
512
514
510
509
509
514
514
515
513
514
512
512
514
513
513
514
516
512
518
514
516
515
517
515
513
517
516
519
517
514
516
520
515
515
516
517
513
517
520
516
514
517
516
513
519
516
518
517
516
516
516
518
518
519
516
514
518
515
520
520
516
518
520
519
516
517
517
518
517
519
516
513
521
514
517
521
517
517
518
521
516
519
521
519
519
519
521
519
520
521
519
519
519
521
518
518
521
519
517
515
519
519
519
513
517
518
515
515
514
519
515
515
516
515
513
515
513
514
514
515
517
514
515
516
515
513
513
516
512
513
514
511
514
517
515
514
514
515
510
514
514
516
515
510
512
516
512
511
513
514
512
513
513
513
516
512
514
518
514
513
514
515
514
516
516
514
515
515
515
517
518
515
514
519
516
519
516
518
520
516
515
519
519
516
516
516
520
514
515
520
516
514
516
517
513
515
516
517
515
516
517
517
515
515
518
518
516
520
519
519
519
515
515
515
519
511
516
517
517
513
517
516
514
513
518
515
515
513
518
515
514
517
512
513
514
515
513
513
514
515
513
518
514
513
515
515
515
511
514
516
518
514
519
514
517
517
518
513
515
516
513
516
514
514
514
517
514
515
516
514
513
517
516
515
511
517
512
514
515
514
514
510
516
513
513
512
515
514
509
512
514
512
512
514
512
513
513
512
512
510
509
511
507
512
508
510
508
511
510
507
512
512
513
510
513
509
513
510
512
509
509
509
507
509
506
506
508
503
503
505
504
503
504
504
504
502
503
502
503
500
500
501
500
500
500
499
498
499
499
497
496
497
496
494
498
495
496
498
497
495
498
498
499
497
499
500
500
499
501
499
497
501
499
501
499
504
498
499
500
498
500
501
500
500
501
501
501
499
502
502
502
502
502
503
500
503
503
503
504
504
503
502
505
506
506
504
505
506
506
505
507
507
506
506
507
507
505
508
509
508
509
507
509
508
508
509
508
508
511
507
510
509
509
509
508
508
508
510
510
509
511
510
510
512
510
511
511
512
510
507
511
510
511
511
509
510
511
511
510
510
510
512
510
509
508
509
510
508
505
510
508
506
509
506
509
508
510
510
508
515
513
516
515
516
513
506
514
516
517
516
515
520
521
519
520
520
524
521
522
525
522
524
524
525
526
523
526
526
527
525
527
526
527
525
528
525
518
521
523
522
524
523
524
524
523
526
526
527
525
526
526
528
526
527
529
529
529
531
530
532
532
531
532
532
532
533
531
533
532
533
531
534
530
532
534
533
533
535
535
533
534
533
535
532
534
535
534
534
536
536
534
536
537
536
537
537
538
540
537
537
539
539
539
540
539
540
541
540
541
539
541
540
542
538
543
542
542
543
544
542
539
542
541
540
538
539
538
539
537
541
539
541
543
543
542
543
542
545
548
540
546
548
545
548
546
544
536
541
535
538
537
536
536
538
539
536
537
538
537
535
539
534
532
532
530
532
535
529
533
534
536
534
536
535
533
535
535
536
535
534
535
536
535
535
536
537
536
537
536
539
536
538
539
540
537
540
539
541
539
539
541
541
540
542
540
542
542
543
543
543
543
544
542
545
544
545
544
545
546
545
545
544
546
547
546
546
547
545
545
545
545
546
543
545
544
544
543
541
544
543
543
545
542
545
534
539
539
536
534
533
532
534
535
536
535
534
538
535
535
536
536
536
536
533
534
535
536
534
532
532
533
531
531
532
528
531
530
529
531
529
529
527
526
529
528
527
524
526
526
528
525
524
523
525
522
522
525
523
523
523
522
521
521
523
517
518
516
519
516
514
515
516
517
514
513
509
513
512
507
507
509
516
515
514
515
516
519
516
518
521
520
519
521
521
519
519
519
515
520
521
521
520
522
521
522
523
521
524
522
524
522
523
524
522
521
524
523
522
521
522
521
521
521
519
522
518
521
519
520
520
517
520
518
517
518
520
520
519
520
521
520
521
521
521
522
521
522
521
522
521
521
520
518
520
516
520
520
521
521
522
524
524
525
526
525
527
527
528
526
528
527
527
525
526
528
528
531
528
531
531
533
533
532
533
532
530
531
534
531
532
534
532
532
522
527
530
531
529
529
527
529
527
529
526
528
528
527
527
525
526
526
526
526
523
521
525
523
524
524
524
521
519
520
522
521
521
521
522
521
521
521
521
522
521
521
522
521
521
523
521
519
520
522
521
519
521
523
519
523
522
521
521
523
523
522
521
522
522
521
523
521
523
522
525
523
524
524
525
