580
582
584
582
580
586
585
577
577
580
573
590
577
571
574
571
566
565
566
563
563
564
567
563
563
564
562
571
571
572
575
583
586
583
585
583
583
582
579
585
580
578
588
602
584
596
595
594
589
589
588
580
583
576
577
612
610
601
596
594
597
587
582
582
587
590
590
586
588
590
594
599
591
587
589
581
578
577
582
575
583
585
591
593
594
596
594
604
597
604
608
616
620
616
604
609
598
600
598
595
600
603
613
613
613
612
610
602
610
612
605
604
602
598
608
608
600
610
604
607
606
633
619
619
614
613
606
604
604
609
607
611
617
614
611
606
621
631
607
607
619
624
624
616
610
606
611
602
605
600
614
605
591
595
590
591
592
593
596
595
593
590
591
587
586
588
596
588
584
584
588
593
587
593
595
603
598
598
592
590
592
593
586
583
585
584
581
581
587
580
587
582
588
592
589
595
590
588
597
613
611
616
604
602
608
598
593
591
588
587
584
587
579
590
586
587
591
590
585
583
581
579
574
576
576
577
573
576
573
577
579
574
575
576
576
574
578
572
574
580
581
575
574
579
574
573
577
578
578
584
588
589
591
602
598
608
612
604
616
617
610
609
606
595
593
586
594
594
600
597
597
592
595
600
591
601
597
600
595
592
590
594
602
605
617
609
609
610
611
612
614
607
609
614
599
598
598
596
595
611
604
612
610
612
609
612
619
612
608
612
611
604
605
601
603
604
599
606
604
602
601
599
596
603
602
594
602
597
599
607
603
603
601
597
594
588
584
582
573
576
572
567
575
568
580
574
589
587
592
586
589
586
578
579
574
576
573
569
572
576
576
571
577
584
580
581
590
585
591
590
590
593
598
600
591
589
582
581
579
582
588
579
593
588
585
596
591
586
591
593
591
596
596
614
616
618
630
619
618
614
610
612
614
610
615
612
622
625
623
622
630
633
627
618
617
609
607
602
598
599
591
592
588
584
589
592
595
605
604
604
604
608
620
613
617
615
605
613
610
613
618
618
618
604
603
598
600
596
594
599
604
605
608
610
619
628
623
626
622
612
614
616
609
610
607
602
612
603
598
603
600
607
605
607
601
604
602
613
611
615
617
617
631
618
619
623
619
626
631
634
634
625
629
642
641
639
646
645
644
649
648
642
626
620
615
618
621
619
621
623
608
614
607
609
613
619
616
621
621
641
638
623
629
627
615
620
622
627
631
621
616
625
612
616
611
620
607
605
605
599
595
601
599
602
599
603
604
596
609
628
627
633
624
636
621
613
615
610
603
597
592
596
594
593
609
602
614
629
626
622
618
626
616
625
619
616
629
633
636
627
633
644
637
625
618
622
618
617
613
621
616
619
623
612
617
609
611
616
614
614
619
624
615
612
616
605
611
615
609
615
610
611
612
617
609
611
617
614
629
621
619
626
624
624
617
636
637
638
631
632
634
623
627
631
624
625
624
625
636
638
644
635
631
633
629
626
634
624
624
631
629
625
624
621
614
610
616
614
620
611
624
618
618
616
616
619
617
618
614
623
616
619
612
615
616
614
616
614
616
620
618
615
623
623
627
627
629
625
629
630
631
636
629
624
630
627
633
632
626
623
630
623
623
631
630
615
616
615
623
638
651
686
685
654
649
634
637
657
627
626
622
618
624
621
614
616
619
612
606
608
605
604
603
607
601
609
608
604
611
604
604
628
617
609
606
608
604
599
603
597
594
594
595
604
602
599
604
602
598
598
599
596
598
592
590
591
592
590
591
594
592
595
603
598
600
605
615
624
641
629
638
649
659
663
653
655
654
644
641
630
627
622
628
617
615
610
610
608
607
608
608
611
624
611
613
629
628
621
634
626
627
640
636
634
630
634
639
656
667
659
695
784
715
702
740
788
742
723
708
698
715
722
720
705
762
740
782
742
761
748
756
730
707
688
703
679
681
684
679
670
678
678
675
689
684
675
683
674
683
677
682
685
682
682
679
682
683
671
672
668
680
677
675
667
655
677
669
670
668
683
679
678
677
686
688
679
682
670
664
640
633
624
623
608
604
599
599
592
598
592
589
587
587
584
583
585
583
587
580
586
582
583
578
580
584
576
578
581
601
588
597
592
597
600
617
608
601
607
601
606
598
600
594
596
594
592
587
585
581
588
602
598
591
592
588
587
586
582
584
580
583
577
576
590
580
585
582
587
582
581
580
579
581
586
589
593
590
588
585
583
586
578
582
598
587
590
597
592
600
593
593
595
587
587
589
584
584
581
571
574
568
568
564
570
570
567
572
567
563
571
570
571
571
567
575
577
578
578
575
577
579
575
585
589
583
586
580
579
579
577
578
582
575
596
593
589
589
589
582
599
595
588
584
583
583
578
587
582
584
583
588
582
583
591
592
588
595
592
616
612
626
620
603
606
593
593
597
590
594
591
585
589
591
592
585
589
595
591
590
611
614
614
617
615
612
604
601
590
590
586
582
583
592
586
590
584
586
595
595
597
608
599
594
587
596
596
602
612
608
611
611
612
599
604
601
595
601
602
603
610
600
596
584
589
582
595
594
595
594
592
584
598
589
587
597
589
601
594
610
593
590
598
594
589
595
596
596
592
591
587
579
581
578
584
582
582
582
582
580
571
577
575
575
572
563
571
570
561
564
578
574
575
580
576
579
587
580
591
588
592
584
591
593
597
604
607
598
604
600
593
590
588
601
596
587
586
587
597
599
594
595
597
596
591
591
595
589
584
585
579
592
585
584
584
576
581
581
574
581
582
579
581
579
583
591
594
597
593
596
592
587
596
594
585
594
582
581
593
602
597
600
594
590
589
587
591
597
588
594
587
597
598
604
605
604
607
604
627
624
622
619
625
628
614
619
609
599
594
597
591
592
593
589
592
598
605
611
619
637
651
647
655
673
676
693
684
699
684
697
685
675
698
695
723
702
726
700
714
702
705
693
698
694
694
693
687
674
707
690
686
691
685
673
677
669
669
669
675
659
665
645
627
606
611
608
606
604
603
602
610
614
621
617
625
621
632
629
632
637
637
652
670
684
679
676
669
675
662
662
662
662
660
664
665
667
664
656
676
674
682
692
684
694
688
680
688
688
676
680
680
679
676
679
673
674
682
681
679
686
679
678
684
677
672
676
669
661
671
674
673
678
674
667
669
660
671
666
661
666
662
652
655
651
659
670
671
663
679
674
671
679
671
662
662
667
674
671
666
669
669
666
667
670
675
670
671
667
670
668
671
670
656
665
668
659
660
666
654
666
651
653
648
644
651
661
654
647
651
649
654
648
649
641
652
649
644
648
652
655
655
660
649
666
658
667
666
670
665
660
661
663
649
625
623
621
631
645
644
643
647
650
636
640
645
646
639
655
646
639
630
632
646
654
660
663
657
659
652
660
660
664
666
666
666
671
669
665
670
668
668
664
666
662
672
664
659
666
651
650
653
659
651
657
666
668
668
667
662
661
657
663
654
651
646
644
645
649
654
646
645
641
650
641
658
648
642
627
608
604
601
599
601
604
608
604
604
608
606
607
612
627
629
622
627
628
612
617
617
615
606
601
603
604
609
612
627
643
640
636
630
635
628
618
617
614
611
615
614
613
617
624
625
626
634
639
639
637
634
639
633
635
633
640
639
646
652
653
657
655
662
665
665
667
667
668
666
675
676
670
667
679
673
672
671
676
670
670
671
663
660
653
653
647
652
649
646
647
649
650
642
638
648
647
644
652
653
649
655
643
633
636
635
627
626
630
627
630
633
636
631
644
641
647
653
639
646
642
637
641
649
626
616
620
616
618
626
632
654
637
630
635
638
651
647
651
655
664
656
659
657
657
671
668
668
672
676
667
673
689
674
682
683
676
672
677
676
663
668
656
656
644
645
631
634
628
621
626
621
622
623
629
623
634
635
624
642
637
634
633
634
629
629
633
623
623
621
625
646
666
669
664
656
655
646
647
649
634
633
626
623
630
631
634
632
638
641
642
642
646
633
645
643
646
631
633
637
631
631
633
636
646
637
645
643
646
631
632
635
625
622
618
622
617
616
618
614
615
608
611
606
620
629
634
625
616
616
608
603
601
597
597
592
592
597
590
585
589
588
587
587
584
584
584
586
585
586
592
587
585
587
585
588
588
595
591
590
594
589
591
586
581
585
580
582
580
576
579
574
575
576
573
575
571
573
575
571
573
569
571
566
565
568
564
567
563
561
565
562
563
563
562
568
561
564
564
569
565
565
565
568
566
569
564
569
569
565
573
566
563
562
569
563
560
573
570
576
572
572
572
566
565
564
566
563
563
564
563
564
565
564
565
563
563
564
561
562
563
563
560
557
562
559
559
562
559
561
561
564
572
574
570
569
570
568
565
565
563
564
563
563
563
564
566
563
567
569
573
567
568
572
570
566
566
570
566
575
569
573
571
572
572
572
573
571
571
572
568
569
570
569
570
567
571
568
569
570
567
570
566
564
566
563
564
577
587
591
590
591
590
590
584
582
580
580
579
577
574
576
569
579
595
602
600
592
593
592
592
590
584
578
578
575
573
573
574
576
578
584
580
577
580
579
578
577
576
575
575
574
573
571
573
569
570
572
572
571
572
570
572
577
577
586
584
595
596
601
597
600
606
604
606
603
605
604
605
595
590
591
585
584
580
578
574
573
571
576
574
580
590
584
588
590
590
597
599
595
602
603
610
614
608
612
625
622
608
604
602
615
613
617
608
600
597
588
579
587
596
588
585
599
600
595
592
587
588
585
585
579
585
579
586
582
583
581
587
581
586
585
585
593
595
604
602
600
596
595
592
589
585
583
581
578
578
570
572
570
577
571
577
577
579
579
578
575
579
572
570
573
574
573
571
575
573
577
576
577
580
581
579
580
585
582
578
578
580
579
573
575
575
578
574
575
571
574
570
570
569
569
573
572
578
577
578
577
578
579
577
578
573
573
571
572
577
575
578
581
579
589
599
598
599
595
600
597
589
594
590
598
600
588
590
587
585
585
594
582
582
581
578
578
583
578
583
579
580
582
579
583
586
582
580
584
583
585
576
577
575
575
573
574
577
576
577
586
583
578
583
583
584
581
578
580
575
578
575
575
576
572
578
580
579
593
587
596
587
588
589
586
591
586
582
585
583
581
576
581
579
579
578
576
580
577
585
584
587
593
583
585
591
598
601
596
596
603
599
588
597
591
597
590
591
598
598
624
613
605
602
593
593
586
587
584
591
604
590
590
585
580
576
576
572
572
565
564
562
564
563
562
563
573
581
597
593
605
611
612
595
594
589
581
575
571
572
584
578
572
571
572
573
584
590
585
581
590
590
600
596
589
594
594
627
608
600
598
604
608
609
605
618
608
646
661
619
604
602
604
592
583
578
573
588
575
574
573
571
574
577
606
602
600
590
585
586
599
588
585
584
582
579
575
573
575
593
583
580
581
586
581
581
581
575
573
571
567
564
563
563
563
561
562
564
565
565
566
565
565
566
578
579
572
570
572
570
566
566
565
571
571
577
589
594
585
587
592
596
589
586
594
589
584
581
577
578
572
570
569
568
566
565
564
566
570
572
575
590
587
584
578
581
579
576
576
574
575
575
575
585
579
586
585
586
587
584
588
585
598
607
601
591
615
591
593
587
582
577
573
569
566
569
574
588
587
604
595
608
616
607
614
616
612
607
607
603
596
589
586
579
575
572
580
586
595
620
623
636
634
636
659
664
650
640
637
615
603
595
589
580
575
573
576
570
567
566
564
562
562
561
559
557
557
556
557
563
579
577
574
579
580
588
590
587
592
592
592
604
600
592
586
583
576
573
570
578
570
569
569
567
565
563
564
563
566
563
566
569
565
566
569
568
565
563
562
563
563
567
563
563
572
569
571
576
577
579
580
584
591
586
577
578
578
580
574
585
576
573
570
570
566
566
569
572
569
577
571
584
589
589
591
593
592
597
602
596
593
588
578
575
570
572
566
564
565
562
566
564
562
571
567
568
563
566
574
579
575
593
580
579
582
581
578
575
572
576
572
571
566
567
563
564
563
567
574
567
575
571
572
572
582
580
586
587
590
588
589
588
588
580
578
578
570
568
564
560
559
557
554
555
553
553
554
553
553
554
554
557
565
565
564
566
572
576
579
585
585
583
577
573
567
564
563
560
557
561
562
579
571
567
569
570
567
567
566
566
566
568
570
569
567
565
565
561
560
563
562
560
559
560
559
557
557
556
556
552
554
550
554
552
548
549
548
549
547
550
552
552
556
557
561
563
563
562
563
561
561
562
563
566
563
562
563
564
562
561
564
562
561
560
562
560
558
560
557
557
556
556
555
552
552
550
550
548
547
549
546
549
546
544
546
546
545
547
546
543
547
544
545
544
542
541
542
545
543
545
544
545
544
546
544
551
547
547
563
575
601
579
577
591
593
668
616
601
598
597
583
595
605
611
606
617
675
646
635
626
635
622
633
586
567
560
555
551
549
548
544
547
541
545
544
544
547
544
544
544
546
547
546
543
546
544
542
544
543
552
547
551
551
553
551
561
555
555
552
552
549
550
550
546
543
541
544
543
543
542
543
541
539
542
541
538
540
536
537
537
545
553
545
545
544
547
547
545
544
544
545
541
543
545
543
540
542
540
538
539
541
539
539
539
541
540
543
540
543
543
539
540
540
538
536
539
537
537
537
536
539
541
537
537
538
537
535
537
535
535
536
536
537
542
539
538
542
541
544
542
541
541
539
538
537
533
535
535
535
534
536
537
537
537
539
536
537
537
535
537
537
536
538
538
534
537
537
538
536
533
533
534
535
533
531
534
533
536
534
534
538
532
533
534
533
531
533
532
528
533
529
526
532
527
526
531
527
526
527
526
527
525
525
525
527
525
530
532
526
527
528
530
528
527
527
528
529
529
532
530
530
530
531
529
531
530
533
532
534
534
532
532
532
532
532
533
532
532
533
531
534
536
533
533
533
533
534
536
534
535
536
537
537
535
534
534
533
534
536
535
544
565
567
586
588
583
573
563
558
556
552
550
546
543
540
543
539
539
540
542
538
541
542
543
541
543
547
545
543
541
543
543
541
545
545
553
555
556
557
554
555
553
554
557
556
554
552
551
548
550
545
549
546
545
545
545
543
545
541
544
549
548
551
550
551
555
551
552
548
551
550
554
558
562
558
558
570
569
576
566
573
573
570
571
574
630
605
592
599
592
593
592
585
592
589
575
566
568
558
554
553
546
548
545
541
543
540
540
541
542
541
542
542
539
545
545
541
552
547
553
558
552
558
550
548
547
545
542
541
546
543
544
548
549
542
544
546
546
544
541
544
542
538
540
541
544
542
542
539
545
542
544
544
541
542
544
545
549
545
544
544
544
541
542
542
539
539
539
537
537
537
534
536
542
538
535
538
535
537
536
535
534
538
535
535
536
535
535
538
535
538
538
536
540
537
535
539
537
535
537
534
534
535
532
532
533
530
531
536
533
529
529
534
532
531
531
530
530
535
533
530
529
530
532
528
528
530
528
526
529
528
527
531
528
527
531
530
527
529
528
528
530
526
526
528
527
529
527
526
528
529
533
530
532
532
531
530
531
523
530
529
531
528
528
526
524
527
525
526
529
526
525
525
523
522
525
527
525
524
524
524
525
524
526
529
527
526
528
529
530
528
529
535
532
530
535
532
530
529
530
528
530
536
530
529
534
531
530
531
530
527
532
529
526
528
532
530
525
531
530
530
534
533
533
534
537
543
552
548
542
551
553
558
552
549
547
550
548
543
541
540
538
539
538
536
535
534
537
533
531
532
531
532
531
529
533
530
529
529
531
528
532
534
529
534
532
537
537
539
535
538
548
544
544
544
542
540
542
539
538
537
535
533
535
536
534
534
536
540
540
541
540
546
547
547
549
551
550
552
550
553
553
548
550
547
549
547
549
547
545
548
547
544
545
543
544
545
545
548
551
546
547
551
553
551
553
555
555
561
558
556
554
558
560
559
562
557
563
571
564
563
563
563
558
562
557
560
571
566
564
567
563
587
579
569
566
567
565
566
564
564
564
567
563
565
568
564
563
560
559
557
557
560
565
553
575
572
575
576
573
571
563
564
554
581
573
566
565
555
574
581
574
570
568
570
566
563
576
579
580
573
566
570
565
562
561
564
563
563
563
567
567
564
573
569
574
578
563
565
562
561
565
563
560
561
561
565
567
568
575
576
579
574
572
567
570
572
571
593
589
589
589
584
584
591
589
583
587
605
599
592
595
583
592
584
576
573
572
574
569
573
571
572
574
571
565
568
565
565
565
563
563
566
566
571
566
572
573
571
572
576
578
576
574
580
578
580
575
573
570
571
576
570
573
578
568
570
580
576
573
573
569
568
566
563
569
564
567
565
570
571
569
569
576
573
570
572
568
567
564
563
566
565
567
566
564
563
563
562
562
562
558
560
556
556
555
559
562
557
561
562
563
562
563
563
563
557
573
590
578
580
577
579
580
587
591
590
585
576
584
573
571
569
573
570
571
572
585
580
571
575
568
569
573
571
584
597
654
650
607
604
605
590
576
573
564
563
554
555
550
551
548
545
548
544
541
541
541
536
541
541
541
540
539
543
542
548
554
545
548
550
558
557
552
552
550
551
549
546
548
546
543
544
541
544
542
542
544
542
542
544
544
543
545
543
541
547
544
542
545
546
546
551
548
547
549
546
546
547
545
539
542
539
538
540
541
539
541
540
539
542
543
547
544
543
545
544
544
544
541
542
544
544
543
545
548
547
546
554
550
551
551
549
552
550
552
553
552
554
552
550
554
551
547
550
548
545
547
548
545
545
547
544
546
547
546
553
547
547
547
547
551
563
558
554
554
553
552
553
552
549
550
547
548
545
547
545
544
550
546
545
547
545
544
545
549
548
551
550
550
551
553
550
549
550
549
548
549
551
552
554
556
552
560
561
559
561
568
576
574
579
573
568
564
565
562
563
563
562
561
560
561
558
572
572
572
580
571
567
565
563
557
558
556
558
559
578
566
561
558
561
565
563
573
573
586
569
570
569
564
565
563
581
582
572
568
570
569
568
565
561
561
558
566
564
561
563
560
555
558
561
565
564
562
561
563
563
563
563
567
565
562
573
574
580
572
574
569
567
565
567
565
576
564
574
570
580
580
573
570
570
572
570
570
573
575
571
570
585
579
575
578
575
574
571
574
572
572
573
570
574
568
573
569
568
569
565
566
565
563
563
563
560
563
562
561
563
560
560
561
559
557
562
557
556
562
555
555
557
561
556
561
557
562
561
560
566
566
563
565
564
560
562
559
559
555
552
553
550
547
547
555
551
548
549
548
548
548
548
550
549
548
547
547
548
549
548
548
547
550
547
543
548
548
546
543
548
549
547
548
549
546
547
544
547
546
543
545
547
544
545
542
544
546
541
541
542
545
542
548
544
543
549
553
542
546
545
543
547
543
545
545
544
551
546
545
545
544
544
546
554
548
547
547
546
545
544
544
541
544
543
540
543
542
541
543
542
541
546
545
548
548
547
545
551
555
549
551
553
560
550
568
569
564
570
569
565
562
558
558
560
558
551
553
553
551
551
548
543
552
548
548
551
554
549
555
554
557
553
554
556
554
553
552
548
551
546
546
543
544
540
544
541
539
541
538
537
542
540
537
540
545
541
541
543
539
539
544
544
545
547
546
546
538
539
540
537
537
541
539
539
537
537
539
536
537
535
537
538
541
542
539
539
539
541
537
538
535
536
539
542
540
541
541
540
538
536
530
532
535
532
535
536
533
534
537
541
538
537
540
537
543
537
539
540
539
537
538
537
539
535
534
536
537
537
535
538
546
551
544
541
541
543
539
539
542
539
534
538
536
534
536
535
541
537
537
536
541
533
533
530
530
528
532
530
529
528
533
531
528
530
529
526
527
529
527
528
528
528
527
533
531
538
543
539
539
541
536
535
539
539
535
535
535
535
533
528
530
528
530
531
527
533
533
528
531
530
529
530
529
531
532
529
532
533
531
535
538
536
536
535
535
536
549
544
537
544
540
542
542
544
538
541
538
541
541
542
541
542
539
540
539
537
538
535
535
538
537
536
533
534
535
535
534
533
536
537
540
541
544
543
541
542
539
539
538
537
541
541
535
534
536
533
534
534
534
535
535
533
534
540
539
534
536
540
536
537
538
537
537
540
541
542
545
550
552
562
553
553
554
559
563
565
578
580
577
566
568
567
566
573
576
584
616
613
611
616
599
580
581
568
563
561
557
556
555
551
553
552
548
546
541
541
539
537
537
537
537
537
536
538
536
534
538
536
536
538
538
543
548
543
546
548
554
561
553
550
550
543
546
544
543
541
543
548
550
547
548
554
543
550
555
547
544
546
542
539
539
539
537
543
541
535
542
541
537
539
538
535
535
537
536
533
535
533
530
535
533
534
533
533
532
533
533
534
537
538
537
536
535
537
539
540
537
534
533
534
537
532
528
534
526
527
527
525
528
529
525
525
529
526
527
528
529
525
529
528
533
532
532
533
533
534
531
531
531
540
534
535
536
537
534
532
535
533
531
531
529
527
524
525
530
525
529
528
538
533
534
536
539
539
542
542
540
538
541
537
534
533
533
530
531
530
528
532
532
529
527
533
533
530
533
531
529
533
531
529
530
530
527
528
532
532
531
530
536
532
533
536
533
532
534
537
537
537
537
536
539
536
542
541
538
540
538
537
536
542
537
539
539
538
536
540
540
538
539
539
534
534
530
533
532
530
536
535
530
530
536
534
533
532
534
531
530
534
533
532
529
529
532
530
529
531
532
528
528
531
531
532
531
533
531
529
530
533
531
532
535
536
532
534
534
531
532
531
530
529
529
528
526
527
532
534
527
531
532
533
531
528
529
528
527
533
530
537
535
541
551
560
561
554
551
551
545
538
533
536
536
533
533
533
530
529
531
531
531
529
532
531
529
531
542
538
537
538
535
549
548
552
549
554
544
545
547
545
544
543
539
540
536
544
548
545
544
543
543
544
539
542
537
538
537
539
543
543
542
544
544
543
544
544
540
544
549
555
552
546
544
547
543
539
545
542
542
540
539
543
544
541
544
554
553
554
551
550
545
542
545
545
543
546
543
553
558
562
563
562
565
561
563
555
550
549
545
544
543
543
541
542
542
548
548
549
552
552
553
551
549
552
562
557
556
556
557
552
547
545
545
542
544
542
542
543
544
549
543
546
548
544
542
542
544
542
540
543
541
540
540
539
546
547
554
549
563
563
566
563
562
563
557
557
558
556
556
550
559
559
559
561
559
553
553
552
550
553
552
552
550
552
551
551
548
550
550
549
550
565
582
567
563
561
558
558
560
556
555
572
568
563
564
558
558
556
565
561
557
556
561
558
555
563
572
563
566
563
565
564
560
560
559
551
551
559
556
559
555
550
554
558
552
549
553
553
545
547
548
545
540
538
543
546
542
538
536
541
540
540
542
542
540
540
542
542
543
550
546
547
548
549
550
547
545
545
545
543
541
541
543
538
543
550
549
550
551
546
543
549
543
547
551
548
546
548
550
548
552
549
554
552
551
548
548
547
556
556
559
559
561
553
558
558
554
555
552
553
555
558
557
556
553
551
550
548
554
553
549
557
550
547
550
549
553
553
556
563
563
560
560
554
554
555
556
559
554
551
549
550
548
543
548
547
543
542
547
545
547
553
544
548
545
556
551
550
550
550
548
551
550
556
561
556
553
550
545
547
547
545
545
546
552
548
548
547
548
550
550
559
552
551
551
549
542
543
540
541
539
543
542
539
537
536
538
542
537
536
542
549
545
548
549
546
549
549
543
541
544
547
546
546
549
555
552
554
554
554
551
548
552
549
544
543
550
544
541
540
540
542
538
537
537
544
540
538
536
537
538
540
538
539
536
535
537
533
536
536
531
532
537
535
535
536
531
534
536
536
532
536
534
538
532
535
534
536
539
537
539
537
535
533
531
533
535
536
535
536
535
532
535
537
537
534
535
531
531
527
529
529
528
528
529
525
525
528
524
527
526
531
532
532
531
531
533
528
535
531
531
530
530
526
527
527
529
533
535
536
533
534
537
538
536
536
539
536
534
538
538
541
539
537
536
537
538
537
536
536
533
530
529
530
531
528
530
527
530
528
529
527
528
528
528
528
527
531
530
531
527
531
529
529
533
531
529
529
528
525
528
531
527
527
530
529
530
526
526
526
525
526
524
524
519
522
522
521
523
525
527
526
529
529
528
527
527
526
533
528
525
524
523
524
521
521
520
525
524
522
522
530
528
523
524
525
525
525
522
526
531
526
524
528
530
526
525
525
525
526
522
519
525
526
525
525
524
525
524
520
525
524
527
532
526
524
527
526
524
525
525
522
523
521
521
521
523
525
522
523
526
524
523
521
519
521
521
520
522
521
520
521
517
521
521
521
520
518
520
519
517
513
517
519
517
517
521
520
520
517
521
520
520
518
519
519
515
514
512
515
515
513
514
518
517
518
515
519
518
517
517
517
517
515
514
515
517
517
514
519
521
521
520
516
521
522
522
524
523
524
526
523
522
522
524
523
522
523
522
521
524
522
522
521
527
534
530
528
526
531
531
530
531
532
534
531
532
534
532
536
536
544
541
533
543
542
541
550
548
550
545
543
541
535
530
526
522
518
513
515
516
511
516
516
512
512
513
516
512
510
511
510
510
508
507
506
507
507
511
509
508
508
509
512
513
512
510
511
514
514
511
512
513
513
514
513
511
517
518
519
517
520
518
518
516
515
513
509
507
506
502
504
505
505
506
502
510
514
512
505
505
507
511
511
510
509
505
508
511
515
511
514
511
512
512
515
511
509
508
509
509
509
507
509
511
510
510
509
507
502
502
504
504
504
504
503
509
508
504
510
508
507
509
512
510
512
515
516
516
514
517
521
521
516
517
516
512
511
514
514
510
511
507
507
508
509
507
510
507
505
511
514
517
513
516
515
515
510
509
511
511
507
511
511
511
511
515
516
514
512
511
515
511
515
513
514
517
516
515
517
518
517
516
515
515
511
513
512
511
514
511
514
512
512
513
512
510
509
505
507
511
513
518
515
516
521
524
527
523
522
524
526
524
519
526
523
520
529
526
525
523
523
524
527
522
522
528
522
519
520
516
516
513
517
516
516
512
511
516
514
514
513
512
513
512
513
516
516
519
521
520
519
519
518
517
515
513
510
517
516
514
517
519
515
515
516
519
513
515
515
513
519
519
516
517
516
522
519
517
521
518
516
514
515
519
521
518
516
520
518
514
513
517
515
520
522
521
523
521
528
522
523
525
523
529
524
523
528
528
532
535
534
530
530
525
528
523
522
521
521
520
516
516
517
519
521
523
522
528
524
527
530
523
527
528
526
521
521
521
521
525
525
529
523
528
529
539
540
533
546
554
555
553
545
540
543
545
540
549
555
553
548
542
536
541
540
535
536
542
545
545
540
540
535
535
534
530
526
525
522
527
525
526
523
534
532
528
532
531
536
538
533
535
532
527
527
525
527
526
524
522
529
531
532
532
536
536
540
536
538
535
538
535
532
528
531
531
529
526
530
530
527
531
525
524
530
531
529
527
528
529
528
529
541
531
527
534
529
524
521
517
523
521
520
517
518
518
514
519
525
528
524
523
521
522
520
519
519
516
515
512
512
512
516
514
520
521
527
532
528
531
534
535
540
536
535
535
540
539
539
539
538
534
533
529
522
524
524
522
520
521
524
526
526
531
530
540
537
546
538
536
551
543
549
556
560
550
553
547
551
547
562
551
550
547
544
541
548
539
543
547
549
544
540
535
538
536
531
534
542
540
551
548
546
551
553
547
554
552
559
557
556
560
564
563
563
566
561
555
552
545
539
545
551
550
551
554
560
567
562
571
560
554
556
551
550
552
552
545
542
542
545
546
554
555
552
551
545
547
543
547
547
549
550
548
551
547
551
552
543
548
556
553
559
553
555
547
544
547
548
549
550
549
544
543
545
539
539
536
540
538
539
541
542
542
548
557
550
556
563
563
565
563
553
555
558
555
552
547
543
541
536
536
541
543
543
550
552
556
547
546
543
542
546
543
541
549
554
546
549
549
546
552
543
544
537
533
536
539
541
537
536
544
541
545
540
541
543
536
540
537
536
535
532
534
528
533
532
534
530
530
538
538
542
545
541
547
547
553
550
553
559
562
576
580
570
572
582
592
599
591
587
578
580
580
577
574
564
571
572
569
582
584
576
588
598
587
576
584
580
582
594
592
595
606
626
636
611
590
601
584
574
585
599
612
729
657
637
628
656
650
644
628
642
650
650
623
586
569
558
565
557
561
555
561
562
566
562
556
553
566
561
561
554
559
551
545
548
541
542
549
546
541
542
545
538
541
540
543
544
545
545
547
543
541
538
535
534
536
536
538
535
534
541
539
540
543
550
540
543
543
537
550
543
538
544
543
543
542
541
540
538
535
535
531
539
538
538
533
534
534
532
533
527
529
536
544
541
549
563
555
566
579
584
577
576
575
592
592
581
578
582
574
563
555
565
557
558
555
552
543
555
566
562
561
564
557
562
557
563
561
571
567
573
585
591
588
595
586
585
587
597
608
602
605
597
604
603
598
592
583
576
576
576
575
576
577
581
579
583
584
612
596
592
590
592
580
578
571
564
563
563
565
562
564
563
563
566
562
558
563
570
567
566
565
559
558
555
555
552
549
558
552
551
553
561
553
553
549
553
546
548
550
551
550
552
555
545
550
546
548
549
558
546
551
549
547
553
547
544
541
539
538
538
537
535
534
535
532
533
532
536
538
533
540
531
541
539
539
541
534
535
535
537
534
534
536
529
528
529
527
526
526
534
531
532
530
533
534
533
530
532
540
535
533
532
532
529
529
533
537
540
537
538
535
540
538
537
543
537
540
536
535
533
534
532
531
529
528
525
521
526
531
534
532
532
535
538
542
537
537
542
533
534
536
537
533
532
531
529
533
529
528
531
529
536
534
534
531
532
534
540
542
541
539
541
542
536
545
548
549
550
545
545
536
535
538
543
540
539
542
533
540
543
544
545
545
547
556
558
556
556
555
557
560
559
560
559
559
556
553
556
559
557
563
557
556
554
551
552
553
552
554
553
555
559
561
562
574
575
569
574
573
575
572
569
566
567
563
560
565
562
563
558
569
569
569
569
577
576
576
584
584
584
595
592
585
587
583
580
575
575
570
570
571
569
567
570
571
570
563
565
563
562
566
566
564
573
580
582
582
591
591
588
590
598
602
596
599
598
596
593
596
596
598
599
604
603
613
618
619
614
620
619
612
623
624
613
619
608
606
601
603
599
598
599
604
602
601
587
582
579
593
596
605
603
614
606
618
625
626
618
615
608
598
592
585
593
589
590
598
601
604
604
607
597
590
584
594
610
601
603
598
593
587
596
586
585
584
583
571
576
576
575
575
578
580
582
587
591
603
600
589
602
598
607
601
596
596
587
580
579
579
586
607
615
616
620
627
630
627
634
618
617
615
608
605
610
607
615
615
600
603
597
604
595
599
601
599
599
604
597
592
597
600
601
614
613
607
604
598
596
597
589
591
590
598
587
593
596
629
616
615
607
599
593
589
583
582
586
576
584
585
583
588
580
573
568
565
562
561
563
563
568
571
573
577
577
582
588
592
598
585
590
598
595
594
589
585
600
593
578
604
601
609
599
600
586
586
585
593
600
593
596
590
591
585
586
584
586
602
603
593
590
591
594
595
594
594
604
597
603
595
598
599
604
618
609
613
613
610
608
597
591
579
582
587
594
597
596
602
597
594
599
588
586
589
593
595
597
589
590
586
588
592
603
600
590
598
607
608
610
619
620
626
636
633
634
632
632
622
627
626
637
620
634
632
624
616
604
612
627
625
639
620
621
634
630
618
607
606
598
604
604
620
636
644
658
661
646
639
637
628
628
625
616
610
608
604
598
597
595
595
598
601
612
614
620
625
627
640
641
649
646
638
635
632
626
646
652
664
651
642
636
614
602
602
597
589
598
592
588
584
582
571
581
578
580
592
596
602
599
600
609
605
599
608
613
599
602
592
597
593
606
597
595
592
590
583
580
579
587
596
615
647
640
635
639
646
635
636
629
624
616
610
597
582
601
586
596
591
613
622
619
612
612
617
621
632
634
636
636
630
623
622
612
608
602
599
599
595
598
605
614
611
620
618
623
615
618
629
621
624
613
607
598
590
591
587
599
607
612
605
605
605
605
591
589
586
589
579
583
583
581
596
589
608
618
621
625
627
626
627
626
623
621
618
618
613
617
629
625
620
622
628
628
622
621
614
614
618
611
606
610
612
614
619
617
635
645
638
639
634
627
617
609
619
613
613
625
645
622
627
623
618
613
610
605
608
626
634
631
627
624
630
615
618
611
622
637
633
632
622
609
612
605
612
628
640
636
632
635
630
622
617
615
609
610
622
616
618
630
630
622
620
605
600
606
608
607
607
602
604
599
598
590
602
598
591
590
583
592
585
592
603
605
621
621
622
605
608
609
616
615
618
609
611
603
611
620
629
624
621
626
623
629
648
652
649
643
638
622
641
617
645
643
655
646
644
643
636
629
625
613
613
602
605
604
609
612
616
612
610
603
620
617
615
611
612
602
594
605
604
600
598
597
605
608
611
609
627
629
619
624
639
644
645
653
646
643
636
633
624
618
601
602
587
585
588
593
606
599
624
616
639
657
667
654
649
645
634
621
609
602
599
598
586
582
579
580
579
576
585
576
573
571
574
565
575
572
574
578
579
579
581
594
580
598
593
610
619
611
609
622
618
617
604
605
603
602
605
599
597
596
589
589
588
591
579
586
591
598
601
595
602
592
584
601
602
615
611
609
609
611
603
607
601
604
597
593
583
598
592
601
626
627
642
646
650
664
651
662
651
649
651
644
641
636
633
628
607
606
604
593
581
581
587
591
593
583
580
579
586
584
582
585
582
570
572
574
574
575
570
557
571
564
563
556
558
558
550
556
557
562
562
567
565
554
568
564
572
571
571
571
579
571
578
564
570
573
573
565
573
581
586
581
573
576
575
574
570
570
560
575
566
563
563
562
566
559
563
564
563
566
563
561
559
560
573
569
572
569
575
575
578
583
583
579
579
580
574
580
577
581
579
579
577
573
568
563
563
563
564
568
570
567
567
566
569
564
563
563
564
567
564
561
558
555
568
570
564
567
564
563
563
564
570
563
573
576
573
574
570
570
568
567
564
562
570
569
566
566
569
567
567
566
566
568
568
569
569
573
576
578
575
568
572
569
578
574
572
574
571
571
572
573
569
569
564
563
569
568
573
581
575
574
577
569
568
567
567
567
564
567
561
563
563
564
563
565
564
563
562
560
561
561
560
563
561
561
563
557
557
558
556
554
553
555
562
561
566
574
566
580
587
576
582
586
584
588
586
582
577
574
567
566
568
568
567
566
564
563
559
564
562
560
565
563
563
565
561
559
554
556
555
557
556
554
555
551
552
555
558
554
569
564
568
565
566
570
567
562
565
564
561
556
558
563
559
558
562
558
551
553
550
553
557
553
555
556
552
554
548
548
549
553
554
561
555
554
554
550
555
552
558
561
559
556
556
556
549
553
552
555
550
552
549
550
547
549
550
555
552
559
554
557
553
550
556
553
549
550
549
548
548
552
548
552
557
555
556
559
559
558
556
553
552
549
546
544
537
539
541
539
535
544
546
546
548
545
545
543
544
540
537
536
536
537
537
535
534
537
536
539
544
538
540
545
543
545
543
545
545
543
536
546
543
540
539
536
536
542
540
534
532
532
502
550
536
534
535
533
535
532
530
538
536
530
534
528
528
532
531
529
528
528
528
533
530
529
532
532
534
537
534
536
535
531
534
535
537
534
537
536
532
532
536
536
535
538
536
540
544
554
547
558
551
545
545
541
537
538
543
540
534
537
537
531
531
535
535
532
532
529
530
527
532
533
531
534
531
533
537
538
539
548
555
559
603
570
560
563
561
556
550
555
551
553
556
562
562
592
582
568
576
568
558
556
552
548
543
538
534
532
529
531
529
529
527
526
528
522
525
526
525
528
526
523
523
525
525
524
522
526
527
526
528
537
530
537
540
538
536
535
532
532
532
531
529
533
532
532
530
532
531
528
530
530
531
534
532
529
533
530
533
536
540
536
535
543
543
547
543
550
546
543
547
540
542
543
547
544
545
547
545
545
546
546
550
543
539
544
537
534
533
536
533
532
537
543
546
540
538
539
541
532
537
537
536
536
535
535
533
530
532
533
530
535
533
533
536
536
539
540
543
539
547
547
543
544
544
547
550
546
547
545
546
541
545
543
543
547
544
545
541
543
540
538
541
537
541
540
540
539
540
545
538
545
541
542
544
547
546
545
540
551
550
549
565
572
565
558
569
562
565
561
555
563
563
567
555
555
550
548
555
549
550
547
560
559
558
558
558
552
553
548
547
552
555
562
558
557
568
572
569
585
584
583
602
596
631
623
609
628
617
618
604
600
598
590
578
574
578
618
606
616
601
596
604
594
603
610
611
609
608
603
624
612
616
603
603
589
583
576
582
579
585
600
613
585
594
591
589
579
581
572
583
583
585
586
576
580
576
571
569
582
589
574
576
580
573
576
573
571
572
584
585
596
589
596
586
586
573
584
571
574
572
569
576
575
575
572
581
590
581
579
585
577
578
571
572
567
562
559
568
562
561
559
557
556
558
555
554
557
558
557
556
555
553
555
551
548
551
551
552
552
550
547
545
549
554
550
549
551
548
553
551
549
552
551
553
557
552
561
555
560
559
552
556
555
555
556
557
555
562
559
567
565
580
571
567
569
563
561
558
557
556
549
555
556
557
549
555
557
553
555
551
551
550
547
545
549
545
535
544
555
548
549
549
557
551
551
554
554
553
550
560
554
560
567
565
562
562
560
555
559
558
549
555
562
558
558
555
562
559
556
563
558
560
563
557
561
560
557
556
562
561
567
575
588
590
577
582
580
584
580
583
584
582
577
587
576
576
576
576
572
568
565
561
564
557
561
557
569
566
568
582
595
584
590
579
577
584
591
593
595
593
590
596
599
598
593
595
587
590
586
575
588
583
590
595
593
589
605
604
604
608
601
608
619
614
621
630
607
617
595
595
598
592
588
577
571
571
572
568
579
581
577
570
573
566
571
575
578
581
573
580
577
581
587
592
586
599
587
585
599
593
604
601
592
593
581
586
577
581
584
586
581
580
580
582
588
582
583
582
581
575
569
570
567
567
571
567
566
584
601
591
588
591
584
577
576
571
571
569
569
569
582
585
580
579
584
579
582
573
569
565
569
574
567
566
563
563
561
560
565
571
571
564
568
567
567
565
566
567
570
566
569
566
565
559
567
563
562
568
571
576
583
578
578
576
578
578
578
582
575
583
576
573
584
593
594
584
585
582
579
575
573
565
563
563
562
561
559
563
564
567
563
567
565
568
577
569
577
577
576
571
577
583
573
580
569
575
571
584
570
574
577
570
569
570
576
568
569
569
565
569
572
577
580
579
584
588
583
586
590
581
584
578
585
591
595
614
612
607
615
608
599
600
606
597
584
599
586
590
578
572
567
564
563
564
559
566
569
580
589
585
581
583
568
574
572
579
563
566
562
564
570
570
572
579
582
586
597
599
607
626
617
618
615
624
600
592
604
604
621
623
631
620
607
603
601
612
638
661
732
684
672
673
666
625
596
578
571
564
567
563
565
561
559
567
563
565
572
567
569
560
574
576
574
571
569
575
564
575
573
568
568
566
563
569
568
571
566
566
571
567
566
568
566
571
568
573
568
576
576
577
567
572
568
567
564
565
563
563
560
562
563
558
564
560
563
565
572
566
573
581
580
578
581
574
577
582
595
593
614
608
607
602
602
592
599
598
589
578
592
590
579
580
587
581
589
583
579
570
575
575
566
563
569
570
566
569
576
567
579
570
575
569
576
571
578
579
573
580
579
582
583
579
590
581
569
581
580
577
580
580
572
574
576
566
577
583
584
575
576
576
578
575
566
576
577
575
574
574
578
575
574
591
577
585
604
610
617
608
603
606
601
605
600
604
599
599
586
602
599
603
590
586
592
587
580
578
578
577
574
573
581
577
574
579
574
577
576
577
576
581
582
581
577
579
575
579
585
581
576
580
574
572
572
577
577
572
575
575
579
571
567
569
566
565
563
558
559
558
562
555
557
560
560
555
556
558
558
559
556
559
554
556
559
558
556
555
561
555
555
558
554
556
558
562
558
557
557
559
558
556
554
559
556
553
553
550
552
550
549
545
541
544
545
551
548
545
553
547
548
553
555
547
550
552
546
553
554
561
573
562
565
561
568
560
560
562
568
564
560
559
557
555
557
553
554
552
550
550
552
555
553
553
553
555
555
557
555
554
561
563
561
564
562
561
564
561
565
569
567
577
581
568
571
580
580
582
572
573
581
589
573
583
582
586
589
597
589
595
598
591
589
599
603
599
605
600
603
603
590
596
597
587
598
599
601
601
588
591
592
592
602
595
606
615
615
606
603
602
602
593
588
597
592
599
604
604
591
602
607
609
597
603
594
595
601
590
592
583
587
591
585
588
592
598
592
590
587
604
599
605
596
597
591
592
578
580
580
582
582
579
578
580
574
578
584
589
586
578
574
573
573
567
568
570
564
570
578
568
570
568
575
569
572
575
579
580
572
574
582
568
576
580
583
578
569
578
581
578
574
571
565
568
571
566
563
573
567
578
605
593
590
592
583
583
585
578
567
568
566
563
563
563
563
564
558
561
563
563
569
569
564
569
567
571
564
567
560
566
566
566
566
558
563
565
565
571
564
570
565
567
559
560
565
562
568
564
568
565
580
573
570
572
565
571
574
576
583
572
573
570
570
569
572
578
572
580
574
574
576
573
571
569
567
573
569
572
576
569
570
568
570
569
568
568
563
564
563
560
566
563
565
569
566
563
566
565
565
571
565
566
564
565
559
565
564
562
565
561
560
560
561
558
554
562
558
556
555
555
553
552
551
552
556
554
559
555
554
554
555
551
550
549
545
547
547
546
543
541
545
544
543
545
546
547
546
547
545
550
546
549
551
549
550
548
545
552
549
549
549
554
556
555
563
558
560
562
558
558
558
557
554
552
553
553
555
566
557
553
554
553
552
551
555
549
547
546
547
550
550
545
554
559
552
546
555
555
549
547
545
542
541
539
542
544
539
541
541
540
539
542
540
542
542
542
540
540
544
542
540
551
551
544
541
543
542
545
543
537
539
535
539
536
544
538
540
544
543
546
548
547
547
545
547
545
542
541
539
540
543
542
544
555
550
557
555
563
553
553
556
551
552
546
550
547
546
543
543
542
541
539
542
540
548
544
547
554
555
560
564
559
556
560
562
560
557
560
561
555
565
561
556
570
574
582
572
574
578
571
569
562
560
560
556
556
559
556
556
562
565
560
567
565
569
566
562
563
576
566
564
563
569
570
563
571
568
565
570
570
566
568
568
568
567
564
568
579
577
576
565
569
564
561
559
550
550
555
558
551
560
564
563
557
556
563
556
556
550
562
551
554
558
555
559
569
572
563
563
574
568
565
570
580
578
573
572
571
566
590
592
604
598
614
612
612
607
600
596
587
588
593
594
583
577
576
601
639
630
671
688
688
675
672
649
666
664
657
631
604
599
581
577
579
585
573
574
570
567
571
574
569
573
572
570
571
567
564
567
562
595
581
577
592
604
603
591
580
571
577
579
575
571
566
563
559
554
555
555
552
553
553
555
567
560
560
552
557
563
565
558
557
555
555
552
544
541
553
560
555
563
563
570
572
588
602
587
585
592
590
587
590
602
590
580
590
576
579
571
564
565
559
576
574
568
567
563
575
574
570
576
576
575
575
576
572
575
594
583
574
574
572
569
570
566
566
564
563
564
563
576
589
591
611
602
613
619
614
629
609
613
612
600
593
596
585
585
589
583
578
578
576
578
578
575
579
582
582
587
583
589
594
591
596
597
603
614
597
599
598
599
592
604
594
590
587
604
598
587
586
593
588
591
587
590
584
585
579
575
571
573
572
570
566
571
569
563
568
556
570
577
568
571
577
573
573
568
568
567
568
563
568
566
573
572
578
586
581
579
580
575
566
571
567
576
568
573
579
582
587
581
584
584
589
584
570
589
600
599
598
589
587
587
584
576
604
600
581
603
609
615
610
603
583
590
591
587
578
576
574
565
571
572
572
580
578
581
576
574
575
570
603
589
585
581
573
571
569
577
575
579
564
584
601
591
591
586
586
588
584
588
581
587
588
584
598
596
594
594
590
582
572
574
580
574
572
572
570
569
566
562
562
559
557
548
548
554
551
553
553
561
561
563
571
576
586
590
604
616
621
628
621
619
621
626
629
624
605
614
615
613
605
602
596
590
586
586
583
592
597
593
605
598
622
622
627
619
606
596
600
593
594
578
576
587
580
579
589
588
600
588
592
591
605
602
599
604
595
590
593
598
605
609
608
621
619
616
625
609
606
626
621
615
616
591
598
593
600
604
601
599
605
611
601
602
603
620
616
613
605
600
587
607
614
602
598
609
602
629
620
606
602
598
609
599
605
606
594
598
599
592
582
588
582
580
579
584
573
574
579
577
578
570
582
576
585
581
579
578
576
576
575
581
587
574
576
570
572
570
570
570
567
569
568
571
570
571
569
568
574
581
585
587
604
607
598
595
602
588
587
585
577
573
574
571
573
582
572
572
569
569
567
563
562
562
559
553
562
562
576
568
566
575
569
568
567
578
563
562
563
561
557
557
558
553
565
556
561
564
558
562
567
561
559
558
558
556
548
558
551
555
557
560
559
562
561
557
572
559
560
562
563
563
576
564
574
565
566
561
561
557
563
559
561
564
560
551
564
561
565
564
566
565
567
570
565
569
563
565
569
568
567
565
564
557
559
557
551
553
554
555
561
557
547
554
553
554
558
567
557
560
553
559
562
561
557
553
563
559
558
559
553
563
556
560
571
558
561
563
559
563
562
563
563
564
561
564
560
560
566
559
561
561
562
563
562
567
566
564
569
565
567
566
569
570
567
564
573
564
576
573
587
581
587
581
581
579
579
574
580
581
570
582
574
589
579
581
578
578
580
574
574
575
572
571
585
575
572
578
579
584
580
577
578
574
574
565
574
567
576
581
575
573
573
567
566
563
561
557
556
561
552
557
558
557
555
559
556
557
558
550
556
554
554
557
554
565
566
562
575
569
587
591
580
579
575
570
564
558
558
560
566
565
567
567
579
573
568
571
569
566
563
559
556
559
558
555
556
556
561
558
562
563
563
563
558
560
557
562
563
566
565
567
565
557
561
563
565
560
562
563
563
562
567
566
569
566
565
570
572
574
580
582
582
580
579
581
577
576
585
579
578
581
583
583
579
571
581
580
569
578
577
571
566
569
566
565
561
563
562
565
563
563
565
571
573
566
563
562
565
556
558
559
558
557
553
560
557
553
557
560
558
556
553
553
554
557
561
555
562
567
563
563
561
561
557
561
559
561
563
572
565
568
565
571
572
570
573
571
573
573
572
575
576
578
582
581
580
576
576
576
574
573
572
579
579
575
585
580
577
584
582
582
585
587
583
586
586
585
589
593
587
586
589
595
585
578
579
571
574
581
578
583
593
587
583
578
589
589
592
599
605
593
608
616
627
612
622
625
641
645
627
630
628
612
616
603
606
