2714
687
687
680
678
691
695
697
693
688
702
706
699
696
710
715
718
720
714
721
722
713
722
724
725
712
723
723
720
710
697
703
710
709
707
710
714
713
710
711
710
701
708
713
711
713
709
706
700
698
693
690
688
684
676
678
674
667
665
666
664
662
662
657
655
664
659
655
660
664
665
664
669
672
673
673
680
676
678
678
680
682
673
687
681
683
686
688
687
687
690
684
690
692
690
691
692
686
694
690
696
688
677
690
692
697
688
691
696
699
698
696
697
691
694
693
692
675
676
690
687
687
688
678
691
694
692
694
684
686
696
693
696
701
698
697
698
699
700
701
699
694
696
700
700
700
712
707
708
701
702
697
699
695
691
689
688
684
680
671
679
680
678
675
674
673
671
666
677
680
681
681
681
673
682
688
680
687
679
688
690
691
682
686
684
690
694
692
690
688
688
684
687
686
681
678
667
676
677
675
671
661
668
669
669
652
665
668
664
664
664
655
667
664
665
671
671
670
669
672
673
661
671
672
674
672
671
661
678
677
674
674
669
664
674
675
666
677
676
662
677
674
671
678
674
676
680
680
682
684
682
681
680
669
679
682
682
679
680
678
671
673
679
682
682
682
682
687
688
689
689
691
690
690
675
691
684
692
686
685
674
685
687
677
678
688
687
688
676
685
689
690
681
682
688
690
684
682
691
693
686
687
695
698
697
688
698
700
702
701
699
690
701
705
705
694
703
708
712
713
712
710
695
712
714
703
689
712
698
701
715
705
710
691
690
693
700
711
708
706
708
707
709
710
704
714
716
713
713
702
714
714
712
709
698
711
711
702
712
712
712
712
705
710
716
715
711
710
719
718
717
709
719
723
724
723
717
716
725
725
724
718
721
724
722
719
713
711
714
719
713
706
706
715
714
712
709
703
712
711
707
698
705
707
706
700
694
705
704
700
683
689
700
699
698
693
687
699
700
689
700
702
701
697
695
701
703
697
702
703
687
689
694
708
700
705
700
705
707
706
697
704
708
710
708
707
700
707
710
709
708
694
709
708
706
699
706
706
704
695
706
696
704
707
707
707
707
708
708
703
709
710
707
707
701
703
704
702
700
699
698
692
696
699
699
698
697
698
698
688
699
698
695
684
688
697
689
688
684
682
688
687
685
676
683
684
682
675
679
684
684
685
677
684
688
688
682
681
689
689
688
680
689
691
692
684
686
693
693
680
695
695
693
686
687
696
696
681
695
698
697
692
688
698
698
697
688
696
702
701
692
694
702
703
702
692
705
705
704
692
706
705
704
687
688
699
708
700
706
703
702
693
709
710
710
700
707
715
714
712
701
713
714
712
712
700
709
711
702
705
709
707
701
701
709
708
706
701
703
711
709
708
699
706
711
710
707
696
708
707
705
700
695
705
705
702
695
706
705
703
693
704
705
701
694
693
703
700
688
690
698
696
693
686
688
695
693
686
687
694
693
688
681
693
692
691
689
682
694
694
692
685
690
694
692
688
681
691
691
689
681
682
690
689
689
684
681
691
691
685
678
680
680
681
681
680
679
679
682
681
679
675
671
683
682
681
671
679
683
683
678
672
683
682
681
673
678
685
686
684
678
689
690
690
686
684
696
697
697
687
696
701
701
698
689
702
703
703
689
698
705
705
687
696
707
702
698
684
689
698
701
697
696
699
704
703
697
701
695
699
703
700
688
694
694
684
689
690
690
687
675
685
684
684
673
678
674
662
656
659
676
665
667
671
660
675
677
681
669
686
686
681
680
665
674
681
681
675
677
677
661
680
683
685
676
676
681
689
686
677
691
695
684
681
696
695
679
684
695
689
685
679
695
691
687
690
685
676
689
688
689
681
690
689
680
695
694
674
689
687
676
688
691
685
680
694
697
685
697
695
683
694
696
684
693
697
690
687
701
491
898
1392
688
681
697
693
684
695
697
702
687
707
690
686
707
705
690
694
697
695
696
692
707
706
699
690
686
695
694
684
689
688
687
689
689
690
691
692
675
670
693
688
688
685
692
688
700
683
677
689
692
681
691
682
690
694
695
696
696
696
696
696
694
692
680
705
700
697
684
702
700
697
688
701
701
701
703
703
697
692
685
697
694
695
706
710
694
717
722
715
713
728
728
715
724
730
726
701
729
719
718
704
712
726
727
726
715
726
732
732
724
727
736
736
735
723
733
736
736
726
727
734
733
731
719
729
730
729
717
723
727
727
724
722
721
703
705
714
707
695
706
707
698
703
714
707
699
710
714
714
707
717
722
712
725
728
716
733
734
721
726
732
730
728
718
347
366
728
727
715
724
727
718
721
716
718
720
716
702
719
716
707
708
713
712
692
688
691
723
710
700
695
686
696
693
687
701
703
697
704
709
700
709
713
712
708
714
718
713
706
714
714
703
718
720
717
715
723
718
706
718
722
720
711
719
720
706
716
713
702
700
716
709
695
711
702
711
713
708
694
708
706
697
694
700
702
689
701
688
695
697
702
701
691
700
702
701
693
692
700
694
683
699
697
694
686
694
697
695
688
691
697
695
682
686
697
695
685
694
696
697
685
696
697
698
682
687
699
695
685
694
697
696
686
689
689
684
682
697
697
694
687
694
699
698
692
683
689
700
700
701
698
691
699
703
700
699
694
700
702
700
688
696
696
693
688
694
694
679
689
688
681
678
662
684
683
681
662
677
677
671
653
681
674
676
673
673
672
659
679
675
676
662
674
665
689
688
686
668
673
688
681
670
696
675
701
686
707
704
701
700
699
688
683
706
699
704
704
697
683
712
704
688
703
704
689
705
704
702
700
697
686
707
706
704
703
694
703
695
698
696
683
705
701
710
698
703
701
700
688
693
702
694
688
705
704
702
699
697
700
704
702
693
704
705
710
695
707
711
709
707
704
711
708
705
708
708
701
688
701
686
695
703
701
699
694
698
683
698
702
681
696
686
683
686
690
688
687
688
684
678
688
685
677
686
691
681
696
694
693
690
693
698
696
684
702
690
705
708
701
698
691
705
700
701
697
683
705
702
699
698
697
692
700
689
699
699
697
685
697
696
693
684
697
694
683
696
694
690
688
683
693
687
691
694
693
688
692
695
688
695
688
694
695
683
694
690
694
687
694
688
693
695
687
690
688
691
685
688
688
687
686
686
685
685
684
683
679
681
676
656
680
671
672
653
672
669
665
664
669
652
666
665
652
659
665
665
663
663
650
664
669
654
659
654
650
670
657
669
669
651
670
657
675
675
673
664
665
664
656
673
658
669
663
663
665
672
665
662
660
661
659
661
664
662
661
649
663
672
667
662
665
664
667
666
661
673
672
669
667
668
674
663
674
671
677
669
682
685
682
681
676
682
681
672
682
675
689
688
682
685
693
681
686
688
684
677
694
690
686
685
683
671
678
681
685
681
683
681
675
679
683
678
687
689
681
692
693
692
688
679
683
678
673
679
677
681
668
669
670
668
657
666
661
650
664
657
653
658
662
663
657
662
668
669
661
671
672
671
661
672
668
672
662
675
677
674
670
680
677
668
682
679
684
684
678
682
688
677
668
685
683
679
675
684
688
673
682
690
689
685
684
672
688
684
671
690
690
685
668
686
679
683
679
677
675
689
688
678
690
685
685
681
676
676
665
688
683
668
690
688
684
665
688
687
683
676
685
685
683
679
670
680
688
692
678
689
677
682
688
680
678
685
687
682
679
668
672
680
670
676
671
666
666
669
670
670
659
665
668
664
658
665
666
659
666
666
665
658
666
668
667
659
656
655
678
673
670
668
659
669
677
679
674
687
682
673
673
673
686
687
686
675
688
690
688
688
683
688
694
692
693
694
688
690
698
699
701
689
697
713
710
708
709
699
703
713
710
698
696
727
717
715
712
708
704
718
713
700
702
689
725
713
708
705
695
706
709
709
701
713
714
711
701
710
714
706
708
719
719
704
711
716
720
720
718
719
705
722
718
713
706
715
715
709
697
702
714
713
713
712
702
718
717
716
704
721
720
718
713
710
721
719
720
706
725
725
724
715
719
728
727
718
717
723
705
709
708
700
699
695
699
696
705
712
700
705
718
701
701
719
717
714
704
711
721
717
718
705
708
722
723
724
718
722
732
735
723
733
742
746
734
746
750
737
748
753
743
741
748
750
733
740
743
732
729
739
739
722
720
730
734
736
722
721
730
735
740
730
740
743
740
737
747
750
739
746
751
756
747
751
756
760
748
753
759
762
745
755
759
746
747
756
736
771
759
754
735
736
744
745
733
721
730
716
722
726
724
722
708
713
715
714
715
715
713
709
711
715
713
705
712
711
709
701
699
703
696
697
696
692
704
708
697
707
710
698
709
713
703
702
714
712
700
710
715
705
709
717
720
706
717
719
705
716
720
721
712
722
727
714
725
728
717
719
727
728
723
720
729
731
717
724
727
729
718
729
729
731
717
729
731
717
729
731
721
729
731
727
727
734
737
726
733
737
733
731
737
737
725
731
734
733
724
733
735
730
726
734
735
726
729
734
735
723
729
734
733
725
733
735
723
721
732
735
735
737
739
727
732
737
740
739
729
739
740
741
728
738
738
738
730
736
735
740
739
729
731
741
741
724
721
732
743
736
740
744
744
736
748
746
742
740
751
750
736
746
746
741
740
747
746
745
735
743
744
744
735
740
746
746
741
736
747
746
745
733
730
732
732
740
737
734
725
734
737
730
727
733
736
736
725
729
727
729
732
730
719
727
735
730
722
734
739
738
734
729
737
737
734
730
738
740
732
733
739
742
732
736
742
737
730
739
742
730
738
744
729
730
734
731
730
729
729
727
726
726
727
726
719
724
724
724
723
718
723
722
720
718
724
726
728
723
727
729
729
730
725
730
731
721
718
731
730
731
727
725
735
735
734
727
733
743
746
734
742
749
751
737
745
753
753
740
744
752
750
734
744
749
747
737
741
750
745
734
739
746
738
726
735
736
736
727
733
740
739
742
730
739
744
744
736
746
751
741
742
749
753
740
749
755
758
745
750
754
741
743
752
752
741
752
751
740
751
754
743
745
751
753
737
745
751
750
742
741
747
746
729
735
735
738
739
739
735
729
738
738
725
729
730
732
733
730
723
729
735
732
721
727
733
733
730
723
730
733
727
726
733
734
736
732
729
736
741
741
729
738
741
735
732
739
742
736
730
740
741
736
729
738
739
728
729
735
736
732
731
723
726
734
732
721
726
733
733
721
727
734
732
724
728
733
735
726
728
735
738
729
727
736
737
729
726
733
734
728
724
733
734
729
726
734
736
733
727
735
737
735
727
727
722
717
729
740
736
736
735
735
734
735
725
736
737
736
729
736
738
739
739
730
740
742
742
729
742
742
743
733
742
747
744
743
734
742
747
746
739
738
746
745
744
735
738
745
744
732
739
744
743
731
733
740
733
729
737
737
735
729
725
729
734
731
722
730
737
735
730
729
737
737
736
728
733
739
736
735
727
731
737
735
732
729
737
740
733
735
743
743
740
734
740
745
742
738
732
741
741
738
729
734
740
736
731
729
738
737
733
726
735
736
734
726
729
735
735
734
727
730
739
737
728
733
741
739
732
731
742
739
742
730
739
746
745
729
738
746
742
733
744
745
735
740
745
745
744
740
735
747
749
736
738
748
737
749
750
748
739
747
751
750
741
749
753
744
749
755
756
749
750
758
757
750
749
758
759
748
751
757
753
744
754
759
758
745
751
755
752
740
749
751
735
736
747
747
745
740
731
738
740
739
730
738
737
737
736
733
727
734
735
735
727
729
734
735
724
729
735
735
727
728
735
737
729
728
727
720
727
726
731
726
722
710
727
734
726
724
724
722
710
712
717
720
714
713
717
715
713
713
715
715
712
701
716
711
713
710
711
720
714
721
714
713
717
719
717
716
710
712
713
716
714
709
702
708
709
707
705
696
709
708
706
705
705
706
704
695
710
705
703
696
702
705
704
699
701
707
704
694
699
708
705
696
700
706
704
701
700
704
703
699
701
696
704
701
697
704
702
697
699
702
693
702
706
706
705
702
702
710
709
706
706
712
710
708
705
712
712
708
703
709
713
712
704
708
712
706
706
708
701
710
697
704
709
706
705
704
700
709
709
706
701
708
709
708
700
706
709
707
705
701
702
708
696
694
702
707
704
696
704
709
708
704
708
714
712
708
705
717
716
714
707
712
721
723
718
713
721
723
721
712
718
725
725
716
719
714
719
715
716
710
716
711
706
712
713
717
704
711
719
711
707
713
715
712
703
724
726
721
717
706
729
724
712
717
714
721
725
722
722
711
712
728
722
707
724
725
714
720
727
724
712
724
723
721
712
727
729
715
723
729
728
716
732
731
721
725
734
734
722
724
740
720
729
736
724
719
733
735
736
721
731
737
738
724
732
734
740
728
732
741
745
745
738
748
752
741
744
751
753
741
749
753
740
743
754
754
741
746
754
749
738
750
752
742
739
749
750
737
741
747
742
733
741
743
739
730
741
740
729
728
736
736
727
728
732
734
725
739
746
741
735
744
747
735
742
751
754
745
752
759
755
748
758
761
760
749
755
760
751
752
757
758
753
762
765
760
759
765
749
756
673
867
760
764
770
771
760
764
773
769
758
768
771
773
770
763
772
772
770
766
775
777
775
769
768
773
772
765
760
769
770
759
753
763
763
736
741
742
734
733
733
734
730
724
733
730
725
715
720
720
712
711
715
714
700
702
703
701
688
692
705
702
696
693
691
687
692
691
686
693
696
695
695
695
702
701
698
697
704
698
703
691
685
713
706
698
685
706
704
701
697
698
702
695
702
705
701
700
688
702
696
688
693
685
686
700
693
685
690
690
687
680
679
680
680
680
684
688
685
683
684
685
678
669
676
691
685
685
681
678
686
687
688
690
694
698
695
691
688
691
693
690
684
700
703
702
694
704
701
701
692
708
705
699
695
700
707
706
699
713
712
704
706
712
701
709
713
705
706
710
696
717
712
705
696
704
711
710
710
702
712
709
697
711
703
701
704
711
711
698
714
716
700
715
707
706
703
713
700
712
710
699
711
704
711
711
703
710
715
700
706
721
698
709
709
711
708
707
700
712
713
702
703
716
707
713
703
710
716
709
705
712
718
709
703
718
720
717
727
710
716
726
726
724
716
727
721
711
712
739
729
725
725
722
718
723
729
728
725
722
726
732
735
733
734
727
733
734
731
729
735
742
741
726
728
728
732
733
733
729
720
729
720
723
724
726
729
734
731
728
717
729
740
731
718
747
736
734
723
727
736
730
723
738
730
721
732
729
729
733
726
729
740
743
726
738
749
744
731
741
743
733
733
742
739
728
733
744
741
730
735
742
740
734
743
743
743
743
742
732
744
746
736
736
748
746
733
742
749
743
736
748
748
736
745
753
744
743
756
752
743
755
758
746
753
762
762
753
759
766
759
755
768
768
755
765
772
770
762
771
766
762
773
773
763
768
776
770
764
771
771
771
759
761
770
766
758
763
769
765
756
767
765
755
758
767
763
753
760
765
755
752
764
763
753
757
766
761
754
761
768
756
764
768
770
763
748
755
760
748
748
758
757
746
756
759
756
745
757
760
758
754
751
763
761
762
754
759
768
766
766
758
764
769
767
759
763
768
767
760
762
770
769
763
760
767
767
757
765
769
769
756
756
768
766
757
767
769
767
763
759
761
754
758
765
762
757
760
768
763
753
768
769
767
759
767
769
768
761
764
772
770
765
765
772
773
773
766
771
775
772
762
771
771
760
764
772
772
769
763
762
771
771
758
759
768
768
767
760
765
767
758
750
748
751
771
771
768
770
768
768
762
762
777
779
777
779
771
779
783
780
778
771
779
777
778
776
776
774
771
779
778
778
780
777
778
771
776
778
775
767
770
774
771
764
768
770
767
763
760
759
762
748
763
767
764
764
760
755
765
766
764
757
764
763
760
760
752
757
759
758
757
751
756
761
758
756
749
754
759
758
756
750
751
760
756
753
750
758
756
755
748
751
757
756
750
749
756
756
751
748
756
756
749
750
758
757
748
756
759
757
749
752
758
757
754
752
760
754
761
766
766
765
761
763
767
764
756
762
762
763
769
767
766
758
761
769
769
766
758
769
772
770
758
769
772
769
762
765
773
774
771
764
766
772
773
777
766
769
773
772
766
765
773
771
766
764
771
768
761
763
771
771
766
762
771
771
770
762
768
771
763
759
766
765
764
760
756
756
764
758
748
757
759
756
747
757
759
750
751
759
758
749
755
761
758
752
751
760
758
756
749
750
759
754
753
746
748
755
752
746
747
755
752
751
744
750
756
754
750
749
759
756
756
749
752
758
756
749
750
758
757
753
750
759
760
755
753
761
762
758
753
761
762
757
753
756
763
763
762
754
756
762
760
754
753
760
762
760
752
756
761
761
761
754
757
761
761
761
755
758
763
765
760
760
769
769
770
764
768
773
772
771
762
765
771
770
764
758
765
765
758
754
761
762
762
756
757
765
767
767
761
763
769
769
763
761
769
769
769
761
765
771
769
763
765
771
771
762
764
769
769
767
757
766
770
766
759
759
768
768
768
759
757
753
766
776
775
775
774
772
773
782
781
783
777
783
781
775
780
781
777
773
778
774
770
775
770
762
770
771
771
769
776
775
776
771
776
782
776
781
787
789
789
782
792
793
790
783
784
792
789
790
783
783
790
791
789
783
781
791
787
785
774
779
785
782
780
773
781
782
777
771
772
779
778
776
770
770
778
776
775
767
765
775
776
766
767
774
761
760
770
784
780
778
775
777
771
772
779
780
776
780
782
781
778
773
777
774
772
767
773
775
775
774
771
773
776
775
777
771
776
778
778
774
780
787
788
783
787
791
791
786
793
795
795
788
787
791
790
790
786
784
779
790
786
778
780
785
784
776
775
782
779
774
782
783
782
773
777
785
784
779
779
769
774
776
773
767
766
771
770
766
757
764
768
766
764
757
759
766
768
765
757
758
764
765
763
761
754
760
762
759
758
765
761
755
762
762
761
760
753
755
759
756
755
756
748
755
760
758
756
753
762
762
762
755
759
764
762
755
757
766
764
763
753
756
766
762
759
758
752
757
760
757
749
759
758
747
759
758
756
754
751
760
760
760
752
761
765
764
757
761
769
765
765
757
762
769
766
766
760
761
768
767
767
761
763
771
770
765
763
771
770
768
762
766
770
765
767
771
769
766
763
768
771
769
768
761
766
772
770
771
766
768
776
774
770
765
774
772
765
767
771
769
761
761
768
765
760
755
765
766
757
755
767
771
769
763
761
771
767
759
758
769
769
765
759
761
769
763
752
749
751
766
771
769
768
767
753
754
742
750
748
749
739
749
743
741
757
733
744
740
740
733
742
745
738
730
742
736
728
729
717
736
714
718
728
718
721
719
717
719
722
723
718
729
726
732
729
727
736
725
730
732
728
728
731
728
729
727
707
728
734
728
722
709
726
716
718
721
714
706
723
706
716
715
704
710
708
709
702
713
711
711
708
704
701
707
709
704
705
697
698
700
696
694
703
698
696
682
686
690
678
678
679
678
662
672
667
658
671
666
659
666
663
666
664
660
656
666
662
658
668
664
661
668
672
659
671
675
675
666
674
678
665
659
673
681
680
664
678
673
677
666
681
686
682
684
692
686
679
677
691
689
684
683
701
702
704
703
698
701
712
711
712
700
714
712
704
698
730
723
717
715
700
697
736
719
715
711
705
715
711
708
702
711
709
706
704
711
708
701
712
712
712
702
715
714
710
715
717
713
704
718
718
720
719
717
699
717
717
712
711
716
713
714
705
715
714
700
711
717
715
713
713
702
716
715
715
710
717
719
719
720
714
723
722
722
714
727
725
724
715
724
725
725
715
723
725
712
726
724
724
724
712
729
723
722
715
727
723
723
713
726
724
724
720
721
727
728
728
729
720
734
731
724
729
732
729
720
730
732
728
727
726
723
719
725
723
712
723
721
720
718
721
712
727
722
721
711
724
721
718
714
725
722
709
716
725
722
723
725
722
724
720
713
720
717
716
704
720
712
712
699
716
709
708
697
714
703
696
706
702
702
697
707
711
712
709
712
714
705
718
721
720
706
723
719
724
703
727
715
716
714
701
718
714
710
704
713
718
711
706
695
716
698
712
707
700
693
708
707
706
706
709
709
702
700
709
704
702
691
704
701
705
701
707
710
709
708
695
710
708
696
708
708
696
704
701
696
712
707
705
702
707
703
696
702
707
699
701
694
713
706
694
704
705
699
692
695
702
699
697
690
699
698
695
688
699
696
695
689
703
700
701
700
688
705
699
692
699
701
700
699
694
698
697
693
698
682
702
703
695
695
677
704
690
685
695
688
686
679
692
692
689
685
677
688
678
675
689
686
677
684
687
682
673
688
685
684
676
680
687
681
675
686
685
678
691
689
682
688
686
680
680
680
676
679
674
671
668
680
676
666
670
674
668
658
657
668
674
659
668
667
661
673
677
671
673
679
681
673
680
678
683
685
681
686
681
689
688
683
694
699
703
699
700
708
703
694
704
709
706
703
696
704
706
700
695
704
702
701
700
700
697
698
695
700
697
700
695
684
700
695
699
697
693
691
695
692
684
703
701
694
700
703
703
694
703
706
702
698
700
695
707
704
703
701
694
698
703
700
700
697
684
693
698
698
697
690
703
704
698
696
705
698
706
705
706
707
703
700
706
697
699
683
710
697
688
697
700
700
697
684
696
699
699
704
701
695
699
703
700
690
698
690
701
702
700
700
699
695
693
703
700
699
691
702
699
696
683
693
684
695
694
692
691
690
688
680
695
690
690
684
694
696
693
690
688
694
696
696
693
692
685
699
696
689
689
696
693
692
692
685
698
696
693
684
699
697
695
684
701
698
694
685
697
694
694
688
701
699
699
697
689
704
701
695
696
702
700
692
700
702
688
695
702
692
693
699
698
687
694
699
689
690
696
696
685
690
694
692
682
688
693
685
684
693
685
685
675
688
689
688
681
679
685
679
687
671
687
689
681
674
685
685
688
688
681
684
690
690
689
690
681
693
690
684
687
697
698
688
694
701
700
701
688
703
702
701
688
700
695
686
688
691
685
688
688
683
696
704
705
696
712
712
700
717
715
710
702
703
713
712
697
706
694
688
694
699
698
697
689
705
703
697
703
702
698
693
692
701
701
702
702
702
704
690
709
702
696
700
707
704
692
696
707
703
697
702
705
705
698
699
705
706
705
697
686
688
686
690
675
677
689
688
676
693
688
676
680
682
676
674
679
676
669
669
668
660
658
663
666
654
664
664
659
648
660
656
650
653
656
660
651
666
662
659
663
667
668
660
656
671
669
664
667
661
671
669
658
662
674
658
658
665
668
668
659
664
669
663
661
656
670
668
671
668
666
656
668
668
667
659
647
651
668
669
678
678
679
667
684
682
684
673
691
689
681
687
692
692
686
698
696
691
687
702
702
700
701
687
684
686
683
684
687
694
697
694
703
711
712
697
719
712
699
699
701
700
702
700
702
694
699
698
695
697
701
695
696
698
699
701
691
695
700
691
690
698
693
687
694
698
689
687
692
695
688
688
690
693
681
687
690
687
681
688
691
682
683
689
690
690
678
687
688
688
677
683
686
684
672
679
683
682
672
678
684
683
671
679
685
686
680
680
689
690
691
692
681
690
695
692
680
690
692
690
678
687
691
688
676
685
690
687
675
685
686
688
687
675
687
689
688
678
688
692
691
684
686
693
692
690
689
686
696
694
685
688
695
694
684
689
687
689
684
688
694
692
691
688
692
695
686
692
696
697
699
698
697
688
694
698
693
688
697
697
690
690
696
698
688
691
698
696
689
689
696
697
696
689
688
695
695
686
688
693
692
682
692
695
693
686
695
696
694
687
695
696
694
686
696
694
698
693
687
695
698
697
689
692
695
699
688
695
698
700
693
693
696
698
688
693
694
683
688
686
685
675
682
682
680
674
680
681
680
675
677
677
668
665
664
655
659
658
661
655
653
646
657
652
642
642
646
644
636
643
643
641
634
637
635
630
635
637
636
631
636
637
635
637
638
639
635
640
643
644
643
645
647
638
636
646
648
645
645
652
652
646
635
640
646
629
641
650
643
654
646
634
641
652
644
638
645
646
648
638
635
635
653
659
663
662
664
645
661
668
668
668
663
674
661
677
680
680
676
688
688
692
693
695
680
697
701
696
688
696
708
691
687
692
691
692
702
703
693
697
699
706
693
703
706
688
700
696
693
680
696
689
679
677
687
682
670
681
675
674
680
672
668
680
680
670
670
680
678
671
686
684
678
680
686
682
680
685
685
678
683
688
685
685
679
690
688
676
686
686
683
678
678
685
686
684
677
682
684
679
668
683
677
683
676
677
680
682
665
673
675
670
661
671
671
671
660
667
669
672
661
668
669
674
657
661
663
666
657
666
666
666
658
661
664
667
662
656
665
665
664
657
662
664
663
664
659
656
662
656
651
646
650
650
632
638
642
640
634
644
647
648
643
646
659
661
662
642
660
665
659
657
671
670
675
676
678
666
682
685
681
678
689
689
680
679
689
691
677
690
692
691
681
691
695
694
687
691
699
699
694
695
705
706
696
703
709
709
696
708
712
709
699
706
711
710
699
708
713
711
709
697
711
712
709
700
712
710
702
698
707
705
698
697
705
704
693
700
704
702
694
705
704
699
696
706
705
697
699
706
705
705
693
703
706
703
692
704
704
698
694
703
704
701
695
705
706
704
694
706
707
705
694
703
708
706
694
702
708
707
696
703
709
708
697
702
709
707
696
700
708
706
695
700
705
703
691
698
704
702
691
698
703
702
692
698
704
703
694
697
704
703
694
696
704
702
693
690
690
700
695
689
691
698
696
687
689
699
698
690
690
700
702
696
694
705
705
695
695
706
706
704
694
680
699
690
699
697
688
681
697
692
688
693
696
693
685
693
694
688
682
692
691
679
684
686
683
671
682
676
660
676
681
674
663
677
671
658
671
675
677
668
671
686
669
670
677
683
684
675
684
688
688
688
680
686
692
691
679
683
695
692
697
699
691
688
698
701
689
703
700
696
691
701
697
692
691
688
682
682
686
683
672
682
673
674
666
675
672
671
656
654
660
653
655
655
656
653
660
654
653
659
649
667
658
666
662
667
671
679
682
671
688
693
684
696
700
701
688
701
703
688
704
704
689
694
702
703
688
698
703
693
689
703
696
678
691
688
691
688
687
685
682
689
688
684
696
695
700
701
702
688
706
706
705
691
691
696
696
689
684
695
694
694
687
689
695
694
695
688
685
698
697
696
686
693
702
699
692
688
700
698
687
690
701
701
700
700
690
696
706
707
697
696
703
703
693
690
694
696
691
683
686
688
686
674
679
680
673
680
686
684
686
687
687
688
689
682
694
695
693
683
694
696
692
685
684
689
686
674
677
681
682
680
678
671
682
682
679
673
684
684
684
675
685
688
684
679
688
686
676
679
686
684
670
677
682
679
667
673
678
676
664
670
674
666
649
658
662
659
658
645
658
660
657
631
658
651
635
656
643
637
638
644
644
635
644
642
634
640
647
645
639
647
648
646
636
649
650
643
646
655
651
643
655
656
657
650
665
668
654
657
668
669
658
674
671
663
672
671
667
665
665
660
671
666
656
670
667
666
656
673
671
669
659
664
669
672
657
676
684
670
667
683
676
662
677
683
686
669
681
669
663
673
677
663
663
677
678
674
668
680
685
684
687
684
685
688
688
690
695
693
695
687
689
699
698
686
701
700
690
691
702
699
690
693
702
701
691
690
702
700
687
695
700
693
687
697
698
688
686
696
696
687
685
696
695
683
686
697
695
682
696
696
690
687
678
696
689
685
674
681
685
679
668
664
688
678
668
659
661
669
666
656
659
667
666
657
660
667
667
657
662
668
667
655
663
665
664
653
661
664
662
654
660
662
657
654
658
661
660
648
654
658
656
646
651
656
655
646
651
657
657
650
655
661
661
654
658
664
666
663
661
668
670
667
664
670
674
673
664
673
676
674
667
674
677
676
668
676
679
677
671
676
679
675
669
673
675
672
666
673
666
657
664
670
667
669
663
662
671
672
668
665
681
681
684
671
680
669
693
689
683
681
679
684
688
693
691
689
682
688
691
690
682
687
688
679
678
681
680
665
675
676
671
665
674
673
667
670
676
677
663
675
681
681
674
679
684
686
685
675
686
687
686
677
680
684
677
659
675
679
675
664
674
676
674
666
672
678
679
669
675
679
670
679
678
672
663
670
681
680
678
675
672
669
677
675
669
679
678
673
672
679
677
674
661
683
672
659
665
671
663
654
666
666
663
658
668
665
658
660
669
667
659
665
670
670
660
658
674
665
657
665
669
667
658
662
668
665
657
664
668
667
665
660
667
669
668
668
667
665
658
660
665
663
654
661
660
656
650
656
656
653
650
655
653
644
640
651
650
644
646
649
646
641
645
648
646
641
646
646
647
638
645
650
649
645
648
656
656
649
657
662
661
664
661
661
657
666
667
665
658
662
666
666
664
657
660
651
653
662
664
654
659
663
661
650
650
657
661
656
665
668
661
656
668
667
673
676
669
665
655
669
665
665
671
671
671
663
670
670
670
663
663
671
663
657
664
666
656
662
658
658
661
660
654
654
657
659
657
657
656
653
652
649
646
660
659
658
653
654
657
654
653
650
649
658
650
648
646
655
654
650
640
652
653
652
640
641
641
650
644
664
657
648
646
645
660
659
657
653
658
658
646
653
652
651
655
654
644
649
657
650
646
649
656
647
653
660
663
659
655
660
664
656
658
666
667
657
666
656
659
659
658
668
667
659
661
670
662
672
677
675
664
669
671
670
658
664
671
674
660
673
670
659
655
669
664
666
657
661
650
656
656
647
658
660
657
653
655
654
649
651
663
660
655
660
661
666
656
666
666
662
658
672
673
662
661
669
670
659
654
660
666
663
657
657
649
658
663
661
664
661
647
656
661
661
651
649
662
657
646
654
653
655
650
650
646
651
644
651
656
649
659
656
653
657
649
654
661
660
650
643
651
651
651
651
646
655
656
649
659
660
653
656
665
666
659
664
668
664
660
663
666
661
659
664
660
650
649
648
644
641
645
652
647
644
649
655
650
651
656
658
660
653
648
654
665
657
649
655
661
655
650
663
663
657
659
666
668
665
666
671
673
667
668
668
671
669
661
667
667
671
665
660
665
669
668
666
663
667
668
667
664
664
666
667
664
662
665
665
663
659
661
662
661
656
657
658
650
640
646
642
651
647
639
644
643
642
629
643
645
641
646
648
651
640
650
654
649
653
647
660
665
662
658
655
665
671
670
661
680
679
677
681
674
667
683
680
679
670
678
681
675
669
684
681
675
673
685
679
681
672
681
669
687
689
688
687
677
688
689
688
690
679
683
693
688
681
684
687
680
669
683
681
677
673
668
678
678
675
663
672
676
676
668
670
671
662
662
672
669
665
658
665
664
650
662
663
659
649
652
658
659
656
644
655
657
655
645
659
657
653
646
652
653
658
658
650
657
658
657
646
655
657
652
641
650
652
647
634
648
645
631
649
647
646
639
643
648
649
651
651
654
645
653
656
641
658
657
655
642
657
655
652
652
648
650
656
653
640
653
651
650
637
649
648
643
640
647
646
646
645
633
646
647
646
636
647
646
646
636
647
647
645
635
643
646
646
637
645
647
646
638
646
647
647
644
639
646
647
647
646
651
647
640
651
650
649
636
649
647
646
640
645
647
646
640
639
643
649
642
637
646
649
642
634
638
640
652
648
648
646
644
636
646
649
649
647
648
652
655
657
649
662
663
664
656
666
667
665
656
661
666
665
663
652
660
666
665
662
647
650
659
646
656
658
655
645
649
654
654
653
646
648
654
655
654
648
651
656
655
651
647
651
651
651
653
651
643
648
652
651
648
640
645
647
646
640
635
644
640
634
633
641
639
637
630
631
638
637
635
639
636
627
630
636
640
639
633
633
640
639
639
626
638
638
636
628
638
639
638
632
633
639
642
643
640
634
636
643
639
629
638
636
627
636
637
636
637
634
635
641
641
642
635
646
646
646
648
650
644
650
654
655
649
645
649
653
653
653
650
646
653
648
652
653
651
643
650
652
651
646
646
651
652
650
642
649
653
652
652
644
651
655
656
654
648
653
655
658
657
657
648
655
659
658
657
652
660
658
651
651
648
654
652
650
639
648
648
646
641
646
646
646
639
643
646
647
646
633
641
638
641
646
645
643
643
649
647
646
646
649
648
652
650
654
655
652
643
652
652
647
638
644
644
638
625
634
636
635
625
632
635
631
622
633
632
623
627
631
632
632
624
635
636
629
630
637
637
634
637
640
631
639
642
632
639
645
641
640
633
632
640
644
639
630
640
641
637
635
632
637
628
636
630
622
616
623
623
612
622
623
619
614
614
624
621
618
615
622
621
609
616
626
624
622
615
627
622
627
629
627
621
629
633
635
622
633
635
630
631
633
631
620
625
633
632
635
630
619
634
630
614
627
622
626
626
620
626
631
628
623
629
631
626
628
624
632
618
625
631
627
624
630
632
631
628
633
631
628
620
619
638
631
628
614
623
626
627
626
627
618
632
637
625
624
630
634
632
623
632
628
623
614
621
616
625
628
626
618
623
628
620
626
633
633
634
630
630
637
637
635
624
634
631
636
641
641
642
635
641
645
642
634
639
644
643
640
634
638
640
639
638
636
641
640
638
630
642
640
639
631
640
641
640
639
631
639
642
642
643
643
643
635
647
645
644
646
647
646
643
651
655
657
658
645
639
644
667
662
659
659
659
651
659
663
663
655
664
665
665
655
667
667
667
657
670
666
667
674
673
673
662
673
669
668
656
668
667
664
657
654
667
665
664
654
666
665
663
653
667
664
664
661
652
668
666
665
655
661
666
666
665
667
666
655
657
667
664
663
652
659
658
661
659
650
660
661
659
648
659
660
658
656
645
658
658
657
655
649
657
662
661
654
653
662
660
660
659
662
661
649
658
660
658
648
652
657
654
650
646
656
654
652
643
646
653
653
651
643
652
654
653
646
646
653
654
653
646
649
654
651
653
649
646
639
648
644
636
638
640
636
629
629
634
630
628
620
627
629
627
626
618
627
629
628
629
627
629
622
629
632
630
626
624
634
629
628
635
633
632
625
634
629
637
636
636
628
635
642
639
639
638
632
642
640
638
629
638
640
638
631
632
640
640
638
631
637
642
635
645
644
642
640
638
641
646
646
646
649
649
650
654
655
653
648
650
654
652
652
646
653
655
654
653
645
653
654
652
646
647
651
650
643
653
651
651
643
651
653
652
643
651
654
652
651
645
643
650
648
646
636
648
647
646
638
641
646
645
637
639
646
644
637
637
644
646
644
636
638
644
643
642
635
633
642
642
635
631
637
641
641
641
637
639
643
642
642
636
643
645
645
639
643
649
647
647
647
641
639
648
646
646
636
646
646
644
635
638
643
642
637
637
643
640
638
632
641
640
639
630
639
638
636
632
626
636
635
633
624
634
633
632
625
629
633
632
625
627
631
632
636
632
632
636
625
637
637
630
631
637
635
626
629
633
625
634
633
624
636
636
634
627
620
634
628
629
628
626
626
627
618
631
633
625
632
635
630
625
618
627
626
616
627
628
622
624
621
611
620
620
616
617
609
611
611
612
612
600
616
614
617
609
610
612
612
611
618
616
612
619
622
619
623
623
624
621
626
625
628
612
619
623
622
614
621
622
607
613
607
609
615
614
614
611
617
619
607
612
615
600
600
608
609
603
600
619
612
607
605
607
608
598
605
611
608
601
615
619
606
601
614
611
603
611
618
614
609
616
607
605
603
613
623
619
609
617
627
624
618
622
628
630
631
631
631
631
628
630
632
632
630
625
630
628
607
620
618
615
610
604
607
611
602
619
620
619
608
618
611
622
619
618
613
607
608
618
621
614
617
620
621
617
614
621
623
624
621
616
623
623
604
609
608
613
611
603
604
609
598
606
606
611
604
614
613
613
605
616
615
612
606
610
604
608
614
605
613
606
609
601
615
611
604
609
612
606
597
610
604
601
608
612
603
606
617
605
603
609
604
600
606
610
605
606
610
608
603
610
608
606
601
605
606
602
610
609
608
605
602
609
609
609
610
610
603
607
612
610
604
609
612
611
607
609
615
613
610
605
610
613
612
612
612
610
603
610
604
611
610
608
605
605
608
607
601
609
608
607
600
606
608
608
603
607
610
612
613
613
607
613
618
615
613
611
616
617
616
608
611
617
618
617
617
618
612
614
619
621
621
619
613
619
622
616
618
627
627
626
625
626
615
622
621
628
629
624
616
626
616
624
627
626
622
620
628
629
629
627
624
632
632
623
623
631
634
632
624
633
630
630
635
635
628
629
636
637
632
630
638
636
625
629
632
634
632
623
626
630
634
632
621
628
632
622
628
630
629
620
626
630
624
622
633
622
621
620
611
619
630
627
621
629
630
626
623
624
627
630
629
625
629
630
632
622
628
624
622
616
626
624
614
623
615
614
615
622
622
624
627
631
630
622
636
642
640
634
641
645
635
642
639
648
649
644
644
640
645
642
643
643
639
641
642
639
635
632
640
629
632
632
628
634
628
626
624
626
626
625
626
622
622
625
621
618
621
622
617
619
620
622
617
619
621
616
619
621
626
619
618
613
616
618
609
606
616
609
606
598
609
597
600
597
607
609
602
600
606
593
604
607
605
600
605
613
610
599
612
613
612
601
604
620
614
609
610
618
614
612
608
615
620
615
613
613
623
617
610
615
621
611
608
613
617
616
615
610
615
621
621
616
621
624
625
620
623
629
636
617
617
616
615
601
606
612
605
604
611
609
608
595
596
595
589
587
591
593
586
579
587
581
575
588
590
585
587
577
587
584
592
590
586
597
595
590
600
600
593
594
607
604
601
593
601
602
602
595
598
611
600
603
604
609
609
611
606
607
605
611
612
610
607
609
613
612
609
602
608
608
603
602
608
604
598
599
603
600
595
595
598
596
595
594
591
595
592
1313
1170
6649
5447
357
482
291
313
902
379
699
309
319
682
621
724
360
940
497
313
572
867
540
616
282
1084
657
502
280
553
527
319
1749
359
1272
533
480
329
270
673
361
267
618
362
554
271
540
582
406
1037
297
782
364
