557
555
553
550
556
576
568
570
566
560
563
562
559
555
555
560
563
563
562
556
561
571
584
578
573
586
582
581
578
573
570
563
561
557
551
550
554
562
566
562
556
556
549
556
558
551
556
559
563
557
560
563
562
562
552
555
557
553
557
556
547
553
557
559
562
554
560
563
569
566
563
563
563
563
560
560
557
550
555
566
565
567
567
560
561
561
562
555
557
560
569
563
563
566
573
582
579
584
584
578
574
566
562
561
560
556
551
564
572
590
584
574
576
570
566
565
558
550
550
548
546
549
554
558
563
561
565
572
564
569
1138
568
566
562
569
572
564
566
567
561
563
563
560
560
560
560
555
554
548
547
544
539
536
537
533
530
529
528
522
524
518
520
519
516
516
520
521
522
516
521
520
523
522
519
525
524
522
523
520
523
517
521
522
525
527
525
527
527
525
521
521
520
519
518
511
518
519
519
513
520
520
521
521
521
521
522
522
519
522
528
530
529
524
523
527
539
561
573
584
592
591
582
579
578
567
563
558
559
556
549
556
553
552
547
548
550
550
552
555
551
548
550
555
551
553
551
551
551
548
547
561
579
594
603
632
653
650
652
633
626
630
633
607
627
620
624
619
602
613
607
604
596
606
617
613
606
597
596
593
595
588
593
590
593
586
582
581
600
640
635
635
649
666
677
656
659
650
637
623
615
618
608
605
601
593
589
587
582
581
575
577
571
575
580
593
608
613
633
677
712
676
671
716
692
671
660
653
639
625
619
605
595
592
594
586
582
582
572
569
570
569
568
561
561
580
604
590
593
586
582
580
588
592
607
599
597
594
603
594
594
596
594
594
586
591
594
609
596
600
615
638
631
627
623
616
609
603
588
586
583
577
587
582
577
580
578
594
596
598
613
655
646
633
615
609
604
596
583
582
583
583
579
582
582
586
586
581
578
569
576
573
576
577
581
581
580
576
580
578
514
516
520
509
507
505
506
510
521
523
524
530
535
536
537
539
548
563
572
569
568
571
585
573
586
587
581
573
575
576
584
599
622
618
618
628
653
655
646
650
646
640
627
616
611
594
590
590
598
606
603
597
593
585
578
581
623
631
621
643
663
656
696
748
732
733
768
767
752
704
704
714
724
716
766
728
720
696
671
663
645
626
607
602
593
582
576
577
579
574
569
574
585
577
576
571
572
575
579
578
589
611
626
609
602
595
591
602
611
615
613
615
608
605
604
602
594
584
586
596
604
604
600
600
596
587
581
588
618
650
674
656
665
683
700
678
678
670
674
658
654
642
635
617
612
607
615
617
632
630
630
627
647
664
668
656
655
642
624
611
604
606
620
636
641
633
631
653
694
693
680
663
641
631
631
641
628
626
634
638
629
634
632
636
631
604
600
594
584
577
571
564
563
559
553
543
547
542
537
533
535
531
532
531
537
542
557
559
570
590
596
592
593
601
588
588
585
589
577
577
577
573
574
572
577
584
584
578
577
568
571
563
560
560
556
557
553
552
553
548
547
546
551
560
566
561
563
561
558
553
552
548
545
542
540
534
527
529
529
525
526
528
530
528
534
532
538
536
544
548
550
548
549
549
546
542
545
546
546
547
546
544
543
539
532
531
534
533
530
529
534
531
530
530
532
526
525
528
524
530
526
523
523
521
520
521
521
516
520
519
517
521
520
511
508
516
519
511
519
521
534
541
550
558
571
567
570
585
587
583
579
589
580
571
565
563
565
561
560
559
556
554
558
556
556
553
551
553
563
558
556
557
559
559
554
554
549
546
550
553
556
562
565
567
573
598
644
626
613
614
603
596
591
594
604
604
619
642
646
656
658
689
668
649
649
660
645
629
618
619
618
621
631
631
659
709
742
719
694
665
647
636
648
665
631
615
616
625
621
616
614
615
624
622
625
642
657
671
645
624
605
604
599
597
597
590
592
605
617
627
622
623
613
624
664
692
694
686
661
643
634
657
688
692
683
665
682
743
754
727
678
670
684
719
678
652
671
677
695
686
709
708
694
688
697
720
726
715
705
689
680
648
642
674
710
698
670
685
690
694
713
704
690
698
664
647
679
695
684
672
652
646
659
731
776
746
722
793
811
794
719
700
683
681
659
646
654
699
719
752
743
741
701
702
717
719
707
718
728
756
737
697
685
700
719
695
701
679
660
666
679
703
699
690
713
708
689
689
721
714
723
688
691
671
662
666
668
669
649
636
648
672
676
680
662
656
647
640
623
614
609
638
691
720
714
707
688
696
715
765
736
705
724
752
786
780
741
696
669
661
671
712
723
746
735
715
732
735
750
782
751
764
736
781
758
729
686
671
674
697
734
737
698
676
662
655
631
621
610
608
628
675
681
681
667
729
769
758
754
719
715
715
730
734
744
773
807
758
716
706
729
680
677
673
653
642
634
674
709
727
753
700
699
664
646
636
625
638
682
743
694
668
665
720
702
697
647
631
611
606
615
611
612
611
620
623
625
627
636
618
618
613
621
624
640
629
624
613
602
602
601
594
595
601
606
603
602
599
596
614
612
616
623
617
610
617
630
610
605
601
597
589
580
573
569
564
558
553
552
548
546
544
541
542
545
542
540
535
533
533
535
556
579
592
592
590
604
623
605
592
581
580
573
567
564
563
559
556
554
552
545
547
547
542
540
538
538
535
537
536
533
533
532
530
530
529
528
529
532
540
536
531
529
553
568
568
594
595
591
604
610
601
591
599
598
588
592
606
602
597
674
671
675
703
1361
688
710
685
693
706
721
711
705
726
731
737
755
752
735
766
787
799
770
825
811
820
797
787
755
802
839
864
809
802
784
752
743
772
790
775
812
809
829
875
884
857
794
804
806
779
744
771
781
771
771
780
780
813
834
828
817
827
787
764
766
743
757
774
815
792
749
823
894
787
759
747
731
721
718
720
728
759
780
728
723
755
779
777
734
710
688
692
707
741
748
777
801
807
797
809
812
803
817
791
801
818
834
796
760
743
750
756
774
771
790
819
831
848
878
812
807
836
808
807
833
886
893
861
843
815
833
833
851
798
771
797
840
839
795
807
839
821
792
783
790
818
823
799
828
822
831
815
816
851
851
834
814
804
813
811
861
850
844
844
804
771
729
712
738
892
793
852
872
841
811
851
845
804
793
824
863
826
845
814
841
816
828
819
833
836
850
799
814
804
761
764
796
815
768
747
752
755
777
772
803
782
808
813
838
787
772
746
714
698
691
704
723
748
775
749
773
803
821
806
779
820
810
826
832
807
782
762
844
864
851
840
809
792
832
859
851
837
845
832
784
755
723
714
708
716
702
698
701
702
697
700
691
690
713
703
715
700
695
699
687
679
664
655
647
630
627
623
620
625
636
665
708
751
771
771
779
855
817
792
773
814
825
884
842
916
958
829
898
851
893
813
817
844
819
822
883
908
872
856
905
892
871
889
917
884
869
870
895
896
859
915
876
881
895
952
883
877
867
856
777
772
747
743
771
849
869
925
936
933
938
859
820
818
821
771
767
784
813
823
876
941
856
858
884
889
839
876
896
912
869
836
870
859
917
865
916
865
802
784
754
740
743
799
781
787
854
1062
914
894
883
821
845
868
887
844
868
895
908
874
838
819
845
862
822
768
740
724
747
765
766
727
700
682
669
652
649
638
629
627
624
619
616
610
607
604
599
598
594
594
590
592
591
585
584
579
579
575
583
592
603
597
602
600
600
599
608
607
611
609
612
628
640
631
630
626
618
611
615
620
621
618
611
607
605
610
624
617
612
611
635
645
639
633
633
632
625
614
606
604
600
592
587
587
584
581
576
574
576
576
572
573
573
577
576
575
571
569
571
570
570
578
576
575
573
575
573
570
569
566
564
563
565
563
563
563
561
560
562
565
563
560
563
561
557
557
558
560
557
558
555
558
553
555
556
560
563
563
566
573
573
573
572
574
577
569
567
568
566
559
561
560
558
559
558
557
559
563
554
555
555
552
546
545
548
543
545
542
546
546
546
543
545
549
540
538
543
543
535
539
542
540
534
538
539
538
534
532
526
532
535
531
532
528
528
529
535
541
548
542
539
530
534
533
535
529
533
531
537
539
542
544
531
534
533
534
531
533
539
535
535
535
538
528
529
530
530
521
528
530
532
524
530
531
535
533
533
527
519
524
526
526
521
525
529
528
522
522
526
521
515
510
512
517
523
521
519
515
512
520
528
530
527
521
517
521
523
531
525
522
516
517
516
515
515
511
515
514
515
514
507
510
512
508
507
507
509
503
501
504
502
499
501
505
500
497
501
502
500
496
502
500
500
495
500
500
501
495
502
502
502
498
502
506
503
504
506
508
502
508
511
506
505
508
513
506
506
517
511
515
508
510
515
512
508
507
512
509
504
510
510
510
503
507
507
509
506
504
507
510
516
519
518
515
510
515
521
524
523
522
530
532
527
528
535
537
533
533
542
538
535
534
543
541
533
534
536
530
525
532
529
521
521
517
514
511
510
508
520
521
525
523
522
520
515
515
522
521
521
519
510
516
517
520
523
524
523
550
621
698
682
673
646
633
619
618
611
592
578
578
565
556
558
550
548
546
544
541
541
534
527
526
527
523
520
524
524
525
522
518
515
518
525
536
536
535
535
533
535
534
547
546
546
549
556
557
548
548
560
565
568
563
554
552
555
552
552
552
554
559
557
563
575
571
581
570
571
581
581
583
606
618
604
594
591
588
572
570
566
568
573
575
579
594
609
605
614
612
626
636
648
626
616
604
590
581
585
584
579
571
568
569
567
569
556
560
554
549
552
558
567
560
565
578
585
586
588
593
612
621
616
622
640
641
630
632
638
635
633
642
651
647
635
633
633
633
624
627
631
625
630
663
657
638
625
617
613
631
628
627
617
613
604
602
597
587
589
587
616
623
623
612
637
671
692
700
675
667
656
685
699
670
681
681
691
676
705
707
671
670
682
675
699
681
680
651
647
631
640
642
633
650
662
675
664
660
662
663
645
645
656
699
673
668
672
666
649
650
648
663
678
672
657
648
649
646
638
651
655
661
651
643
650
656
668
688
691
686
685
680
699
688
670
668
679
680
664
679
687
680
680
672
674
663
648
644
631
632
638
648
661
670
659
670
691
707
688
680
669
648
653
658
654
647
653
654
636
624
624
622
617
619
628
636
629
634
641
628
626
644
674
690
687
708
734
727
713
698
698
699
684
662
670
687
688
679
676
687
684
679
690
688
716
705
695
688
665
664
657
648
647
642
636
632
632
629
632
631
633
628
629
625
622
623
623
619
622
615
616
614
621
617
615
632
631
635
654
661
653
642
636
633
625
622
616
619
613
615
611
618
615
609
606
603
601
598
594
597
604
606
619
636
644
632
637
644
651
658
663
671
663
667
661
649
649
647
639
637
628
627
627
632
638
628
627
624
623
624
625
629
625
627
637
642
647
664
682
689
682
683
665
651
644
634
634
630
628
623
623
621
620
620
621
620
613
620
611
613
612
609
611
616
623
644
630
631
642
646
638
644
662
677
667
660
655
649
647
636
633
630
634
637
645
651
665
671
680
698
700
683
679
674
664
653
644
637
647
639
636
639
645
652
646
657
647
646
639
628
624
621
630
636
645
657
675
675
679
677
674
664
651
647
642
646
638
638
637
640
637
639
631
629
638
650
659
658
672
680
681
664
646
645
644
676
663
660
676
691
704
684
679
680
661
660
673
688
688
699
712
712
737
724
699
698
683
673
670
660
655
667
664
692
699
677
683
684
680
700
705
703
671
669
687
715
700
706
706
693
695
697
691
691
671
663
660
650
650
647
647
635
639
644
686
683
697
689
747
706
686
686
684
681
686
687
703
694
702
713
726
738
718
725
710
685
660
656
645
644
649
652
641
650
660
686
668
661
657
666
670
662
658
650
648
645
662
666
658
652
644
640
641
631
631
628
620
617
621
630
644
648
648
659
653
645
634
640
572
580
592
624
661
676
641
638
639
628
610
597
604
611
595
592
592
590
583
581
574
570
569
571
569
579
598
651
644
646
661
664
674
677
662
656
650
675
682
674
664
641
624
621
605
602
596
585
584
576
568
565
563
558
562
557
549
545
549
548
544
541
560
563
561
558
553
558
557
555
549
554
571
582
576
576
570
571
586
589
599
592
586
577
1138
560
561
558
554
547
549
550
554
563
585
1241
642
675
649
656
656
667
648
637
636
651
636
616
604
612
611
599
593
595
607
607
602
608
630
634
644
639
639
624
617
613
601
591
587
581
578
573
573
571
565
564
566
568
572
578
574
572
576
591
593
595
588
582
577
576
570
567
564
566
566
564
563
566
563
559
554
558
558
558
559
558
551
549
553
554
554
560
550
558
561
581
589
588
588
603
599
580
592
602
611
610
598
601
602
598
596
594
591
583
583
586
583
576
572
582
589
583
581
583
578
569
568
571
573
569
563
567
567
565
566
561
550
550
549
556
555
545
546
547
547
548
541
536
536
537
533
530
530
533
524
524
524
529
531
532
521
524
528
535
530
528
530
533
524
528
531
527
525
523
527
525
521
524
525
529
524
517
521
522
527
529
525
526
523
539
575
558
554
551
549
546
546
543
535
534
535
527
521
526
529
526
528
528
527
523
524
522
527
532
530
528
531
532
536
535
537
537
536
535
538
539
537
539
551
545
543
543
536
540
544
547
549
545
541
540
544
546
540
542
546
555
562
558
556
559
565
565
562
564
564
571
570
561
559
559
573
609
602
604
604
600
621
653
639
633
635
637
658
662
658
646
659
665
662
646
631
614
601
606
604
604
608
597
592
588
590
599
604
594
588
588
608
632
635
624
616
624
639
632
611
617
652
656
661
642
628
625
626
620
638
691
696
711
663
649
645
650
695
675
656
662
655
670
796
811
774
717
674
662
640
646
649
706
688
689
659
654
715
854
864
764
707
654
625
607
599
595
591
594
612
604
595
597
593
578
574
574
569
567
563
562
564
565
567
563
567
572
580
587
587
586
584
580
570
566
565
561
569
591
598
593
593
604
592
590
592
634
623
641
634
623
616
635
646
657
654
650
653
670
645
634
623
631
629
615
608
607
633
655
641
651
674
691
683
652
643
640
651
666
640
650
657
638
646
663
687
682
657
661
665
651
649
656
676
660
658
665
691
682
679
679
655
644
649
649
646
641
637
614
607
599
608
623
615
610
636
654
670
661
676
678
663
638
624
604
602
597
599
619
619
621
604
615
632
635
633
609
601
598
608
636
655
644
639
650
633
630
625
637
626
617
624
628
619
609
604
603
601
617
620
611
607
604
599
596
583
582
572
566
570
567
572
569
565
565
564
572
570
571
570
576
596
607
587
591
590
582
575
559
567
563
574
571
571
569
569
572
574
570
570
564
563
563
561
552
554
555
554
555
556
559
557
558
558
558
560
563
575
574
587
591
597
599
593
598
627
683
665
642
623
620
621
625
615
623
630
624
614
610
626
662
673
681
675
653
634
639
635
652
661
665
650
655
656
645
630
623
618
611
607
619
703
729
723
694
701
697
676
665
669
682
670
652
634
617
611
608
618
620
637
627
630
625
625
643
659
691
668
662
650
647
700
705
693
671
652
653
656
639
630
637
656
652
631
626
647
647
642
622
617
620
630
641
627
607
603
600
598
590
588
582
578
586
579
586
584
587
579
575
573
571
571
568
566
559
578
608
631
623
626
614
611
604
591
606
616
615
617
617
652
651
639
616
602
596
596
589
583
574
565
564
567
568
573
568
566
565
597
667
657
640
640
634
616
603
591
586
580
574
572
578
595
603
594
591
591
589
587
582
574
572
569
565
567
571
567
565
563
564
559
572
565
562
561
557
555
552
554
552
548
544
546
547
546
544
541
541
538
541
537
536
538
534
537
538
540
536
537
536
539
540
541
540
535
543
547
544
538
543
548
543
536
544
543
537
535
532
534
537
535
536
533
532
531
530
530
529
529
534
525
530
531
536
532
524
526
526
531
533
528
525
527
526
522
526
528
527
522
521
523
524
522
522
521
525
527
538
531
533
536
531
526
528
532
538
535
532
528
531
532
520
524
525
527
521
526
529
528
524
528
534
528
528
529
531
532
538
538
544
550
540
533
542
553
552
550
557
550
556
563
559
563
565
566
556
553
561
558
548
547
541
536
547
561
548
540
545
547
543
550
564
572
562
555
588
574
556
551
561
615
598
588
542
549
542
564
560
553
547
540
539
534
533
527
522
521
547
556
568
547
537
532
529
525
526
522
521
518
516
514
514
509
510
508
509
507
507
509
504
505
505
505
507
504
508
511
513
511
507
506
508
510
505
503
504
508
504
500
500
502
501
498
495
497
500
496
494
494
495
495
495
496
495
497
500
496
497
501
505
502
504
507
505
505
507
511
513
519
512
519
519
523
528
529
528
528
530
533
530
529
529
531
527
525
524
523
525
517
517
521
521
520
518
519
521
517
516
515
520
520
516
517
519
520
519
517
518
518
518
518
519
513
509
512
512
507
504
503
504
503
504
499
498
496
496
497
498
494
494
496
496
493
494
495
494
494
493
495
490
490
491
495
494
493
495
495
497
497
495
495
497
497
497
497
499
501
501
502
504
504
505
507
507
509
512
509
508
510
512
511
512
512
517
514
523
535
568
587
602
590
586
583
565
563
563
561
563
558
557
559
562
557
550
558
559
551
547
546
544
538
541
539
527
529
527
529
532
538
530
530
538
555
561
558
558
550
548
544
557
563
557
555
553
553
550
547
543
540
538
535
531
526
522
522
522
529
528
525
526
526
529
528
526
525
526
525
525
530
529
526
525
528
525
524
524
525
529
527
526
525
528
523
527
533
533
538
556
547
546
536
535
542
541
538
540
540
540
545
545
547
541
541
539
539
538
532
529
531
532
527
535
542
543
540
542
540
543
544
542
542
542
543
542
542
543
543
537
538
541
543
551
556
554
550
546
547
549
544
542
539
541
541
543
540
534
535
538
553
569
588
594
587
583
592
616
631
688
718
739
745
762
738
725
669
654
646
652
648
633
620
629
654
665
695
723
718
678
688
700
699
701
697
678
678
672
663
644
649
661
725
724
696
675
658
677
711
679
667
673
669
524
525
520
522
1052
522
521
522
524
519
518
525
525
527
527
525
523
523
528
530
531
529
528
530
529
527
532
530
530
530
527
528
533
533
537
533
535
534
534
531
530
535
534
531
532
530
529
534
546
543
543
540
544
555
552
548
545
550
550
549
554
558
555
555
558
568
565
563
563
559
555
556
559
553
556
585
567
583
588
639
632
603
585
574
573
567
570
579
580
587
590
590
583
587
594
591
596
614
622
620
626
618
607
616
612
606
594
596
617
614
606
648
671
641
628
611
610
656
666
710
836
846
834
813
752
741
693
690
681
664
647
688
703
682
657
643
633
613
612
653
685
653
623
622
613
611
605
596
591
602
604
634
613
602
614
620
618
605
600
601
602
597
591
583
584
581
584
583
577
573
575
577
571
569
560
557
556
561
564
593
583
570
571
590
590
578
580
590
584
586
578
568
567
563
558
559
573
573
572
582
594
600
593
586
581
581
585
572
572
586
601
598
602
629
624
614
608
610
603
600
600
614
612
606
602
609
635
623
633
618
604
610
604
582
576
576
584
630
629
625
620
609
614
589
583
579
591
591
594
599
612
623
631
632
610
599
594
595
589
589
589
585
577
572
573
566
562
559
561
584
597
589
616
639
635
620
649
676
636
642
657
662
645
652
642
619
610
613
606
593
588
585
575
564
566
561
557
556
557
552
546
549
550
541
546
545
541
541
534
533
535
562
621
651
621
661
695
717
680
634
607
604
606
584
569
571
572
572
560
564
570
581
570
575
580
603
613
596
589
587
583
587
588
581
570
569
575
572
562
563
567
573
577
572
570
560
560
563
559
553
550
555
557
554
561
554
553
553
556
555
557
551
549
554
559
558
561
553
554
554
558
554
561
561
550
549
552
556
556
549
552
563
559
565
563
557
545
544
549
554
557
552
547
544
551
550
550
553
548
542
536
535
535
530
527
529
537
527
528
531
537
539
537
534
522
524
528
528
522
529
533
529
530
528
520
520
524
526
523
520
527
530
533
526
527
538
535
534
533
543
539
533
531
534
533
532
531
530
530
528
525
529
530
531
529
531
534
532
524
527
534
531
521
523
526
525
526
521
531
523
521
526
532
526
522
524
524
515
513
516
514
514
508
507
506
508
506
503
503
506
501
499
501
501
501
498
499
502
499
492
491
493
504
507
507
504
501
496
498
498
493
489
495
495
497
491
494
498
493
492
493
495
491
488
487
491
485
483
484
485
484
486
487
488
481
483
484
481
484
479
482
484
483
481
479
480
484
485
482
481
484
488
487
486
482
481
483
491
494
492
490
488
489
491
488
485
488
490
486
487
490
489
485
488
488
486
485
488
490
486
486
490
489
487
485
489
488
485
485
487
487
487
485
487
487
484
482
483
483
484
480
479
479
483
479
478
479
482
479
477
475
477
481
483
482
484
479
479
478
482
482
481
480
479
477
481
479
478
476
479
479
476
476
477
476
477
475
479
478
477
475
478
478
477
475
477
479
477
476
479
479
477
476
480
479
478
478
480
478
477
477
480
481
478
480
483
480
479
481
484
477
480
480
481
477
479
481
480
478
477
479
481
482
482
480
479
483
481
479
479
484
481
480
483
485
480
479
486
489
487
485
492
496
488
486
491
490
489
487
488
488
479
483
482
485
483
483
485
487
486
479
485
488
484
479
484
486
486
485
485
490
491
486
488
490
494
509
508
507
503
500
499
500
494
488
487
491
489
487
491
489
489
493
495
489
490
491
499
493
488
490
494
496
500
496
497
501
504
505
505
503
498
502
507
501
497
498
501
500
496
498
504
498
499
499
500
499
496
501
504
505
498
503
507
505
501
509
512
510
504
512
513
509
508
509
509
508
503
506
504
501
498
495
494
494
490
484
483
486
491
493
495
494
492
489
488
489
489
491
491
491
488
484
488
489
484
483
480
482
482
479
485
483
483
483
481
479
481
479
479
479
479
475
477
477
477
477
477
477
477
477
473
475
475
474
471
472
471
471
471
472
475
472
469
474
473
474
476
480
478
478
480
481
479
479
479
485
492
495
498
497
499
496
499
502
505
503
510
505
506
502
507
514
514
512
521
521
531
523
542
582
583
557
555
546
540
542
539
538
534
532
525
528
531
541
535
534
533
532
531
528
523
521
520
521
521
520
521
520
518
519
521
532
532
545
570
572
557
562
579
577
604
589
565
579
579
581
582
572
563
558
545
547
549
552
557
559
564
568
571
575
578
568
559
561
588
628
689
871
759
776
765
703
672
642
621
601
592
574
565
562
568
569
567
567
570
566
553
542
534
532
530
543
535
538
532
538
568
555
555
549
549
548
543
538
535
531
531
528
525
536
559
556
550
550
556
551
547
545
545
541
539
535
533
527
524
520
521
521
526
529
552
566
559
552
548
541
541
539
563
565
586
624
641
741
707
718
771
768
718
659
631
604
592
582
569
564
562
557
552
544
541
534
528
527
529
529
531
529
526
524
521
524
523
521
514
516
521
523
523
519
519
519
523
517
512
518
514
514
521
520
518
521
521
521
521
521
517
515
511
515
511
509
511
514
508
508
512
514
511
513
513
513
512
513
517
517
516
511
516
515
514
517
517
517
519
536
531
548
556
546
542
543
544
540
538
536
529
528
528
522
521
524
531
537
536
538
564
563
554
565
565
559
561
593
597
578
575
584
577
563
563
562
567
555
553
558
549
550
542
538
544
543
541
534
536
540
533
525
527
530
541
544
545
552
583
600
581
577
575
575
579
566
573
577
563
559
557
560
559
557
546
555
561
542
542
538
535
528
524
527
523
523
521
521
519
515
514
512
510
512
510
512
515
510
510
510
512
514
511
511
504
507
505
515
548
734
707
645
637
635
646
626
598
614
610
593
572
555
555
558
572
597
587
569
567
562
570
563
563
552
547
550
542
540
534
527
526
529
523
521
519
521
521
521
522
518
518
514
516
514
516
517
520
516
520
521
525
526
525
526
523
522
524
522
526
526
540
538
534
534
534
535
527
524
525
535
554
561
551
541
538
546
544
546
543
543
528
527
531
531
531
530
529
524
524
523
527
535
526
525
529
533
540
535
531
541
537
533
532
534
531
527
529
528
526
524
522
520
518
515
508
507
515
511
512
510
514
524
523
521
521
524
522
517
513
515
513
513
513
506
508
510
527
525
517
524
521
520
513
520
515
514
510
509
504
505
507
508
511
505
512
518
530
518
515
517
522
518
517
520
524
524
514
517
524
522
521
522
517
516
512
513
517
518
517
514
518
524
521
517
520
524
523
521
521
521
518
513
516
521
522
517
519
521
521
517
512
516
513
519
517
519
517
520
514
507
509
508
508
507
509
512
509
507
508
509
503
503
505
501
497
500
495
493
495
496
491
487
489
487
488
488
484
482
486
489
486
487
487
487
487
487
487
487
488
487
486
486
485
486
485
484
485
486
484
482
481
485
483
484
486
484
482
482
484
484
484
482
483
482
482
482
482
484
482
479
481
479
479
480
479
479
481
478
478
478
478
477
479
479
478
479
481
480
481
481
479
479
484
483
483
484
485
488
490
489
490
499
503
514
512
508
519
537
550
560
600
634
689
758
709
697
723
712
736
695
657
648
622
605
587
585
583
574
564
562
557
550
546
540
534
534
533
530
527
525
521
518
519
513
510
509
508
507
511
535
549
539
532
529
536
556
545
546
547
547
544
542
538
545
563
557
553
546
554
549
544
536
534
535
530
527
522
530
532
523
521
521
521
521
519
517
517
515
517
515
514
512
510
512
513
510
509
509
507
504
500
501
502
505
518
514
513
511
511
513
511
510
511
508
507
506
508
505
502
499
499
501
503
517
508
506
521
533
537
535
535
529
527
528
532
567
556
548
543
536
531
526
525
528
541
541
538
535
535
557
577
566
563
563
555
551
546
547
541
540
540
545
543
544
543
551
572
551
542
539
534
547
557
554
560
554
556
578
570
572
563
560
553
548
548
549
551
546
548
554
570
597
575
564
558
606
606
582
576
574
577
573
562
563
570
559
549
545
546
543
545
553
548
543
549
543
542
539
542
552
550
550
545
544
544
551
555
545
541
541
545
549
548
552
552
548
546
547
546
549
548
545
544
539
532
528
526
527
531
553
551
542
539
537
534
536
537
533
531
533
533
531
530
534
552
552
546
544
542
545
549
551
550
563
563
566
564
557
551
550
557
576
593
593
576
563
563
563
589
602
625
622
633
626
607
604
591
584
592
593
592
587
581
593
651
677
630
620
602
591
585
582
586
593
585
588
589
611
621
622
615
598
598
595
589
585
581
577
569
568
568
564
563
562
558
556
547
540
537
535
530
531
527
524
524
519
519
521
516
517
508
511
513
513
512
512
510
508
506
508
510
505
504
505
506
505
505
507
509
506
505
505
505
509
505
505
505
506
507
503
502
507
508
510
509
516
518
517
514
514
513
518
519
517
519
518
521
517
518
526
520
519
524
527
524
522
526
523
522
519
523
525
523
518
520
522
520
518
519
520
519
517
519
518
515
513
512
518
510
509
511
514
513
513
510
510
509
509
521
518
517
517
515
513
514
509
505
501
504
503
498
495
493
492
497
492
490
490
488
492
491
493
488
488
486
487
488
492
492
494
493
495
499
520
526
504
499
500
502
509
512
516
516
535
531
528
524
529
532
551
551
549
572
585
584
563
551
548
561
546
544
563
561
563
562
557
554
552
553
547
540
542
545
545
543
551
561
572
572
571
562
549
542
537
532
529
525
533
530
529
530
526
522
526
527
523
520
516
515
513
519
528
523
519
520
514
510
516
517
520
513
509
513
517
515
512
511
517
518
520
519
518
518
515
516
517
513
513
508
511
511
505
503
504
509
507
506
506
509
514
512
513
512
511
512
512
512
512
512
510
508
509
508
507
508
512
513
512
511
511
510
512
510
508
508
504
506
504
514
509
516
541
575
591
604
652
772
705
650
619
604
742
714
666
648
638
642
646
658
666
665
737
781
726
722
750
735
740
707
675
667
638
622
613
603
604
605
618
631
630
634
629
630
637
616
604
601
625
633
629
608
620
612
623
598
587
591
604
603
595
588
581
576
574
570
580
609
610
602
599
592
590
579
562
554
545
546
543
545
546
538
537
539
541
542
544
538
535
530
526
529
526
527
523
524
529
532
534
531
537
539
540
536
536
535
534
535
534
534
530
528
528
526
525
523
522
520
519
517
518
517
515
513
512
513
513
513
512
511
514
510
511
509
508
507
511
511
511
512
513
509
509
509
511
509
508
510
508
506
507
506
506
514
515
512
516
517
514
520
519
515
522
522
520
528
521
523
521
534
533
531
528
528
532
532
540
538
543
531
534
534
545
551
547
538
540
547
543
546
547
544
541
546
548
545
546
534
540
541
549
542
537
539
541
537
528
527
528
536
556
545
543
532
533
534
539
534
527
525
530
530
529
527
526
520
522
521
520
519
521
523
518
521
526
526
523
518
522
522
522
517
519
515
520
523
519
523
526
517
520
523
525
520
522
526
521
518
524
521
519
515
524
517
515
518
519
515
515
517
519
519
518
517
511
510
511
514
511
509
508
515
522
523
524
521
517
523
523
523
518
516
514
519
516
513
512
518
516
515
513
516
516
512
514
517
516
514
514
517
513
509
512
515
511
508
515
514
512
510
516
517
514
509
507
509
510
507
505
506
510
505
505
509
507
504
508
511
512
513
512
510
513
511
507
507
510
505
503
500
503
506
503
501
501
503
500
497
494
494
496
493
491
495
495
493
490
490
490
486
488
488
489
484
486
489
488
485
483
486
487
491
486
485
483
480
482
484
482
479
480
481
478
478
477
479
475
476
479
477
479
478
476
474
478
482
480
481
479
479
482
483
481
479
484
483
480
480
484
482
479
479
479
490
492
483
481
483
481
497
489
489
489
484
482
479
477
477
479
475
474
475
478
475
475
476
479
477
474
475
477
478
480
476
477
473
473
476
474
470
468
472
474
469
470
471
472
472
472
473
475
475
475
476
475
472
475
478
474
474
475
474
470
474
475
475
473
469
472
472
473
469
471
475
473
470
471
472
473
472
471
474
476
475
471
473
476
475
475
471
475
476
471
473
474
474
469
472
474
471
467
470
472
471
469
469
472
474
472
474
472
469
470
472
469
467
471
471
467
468
471
473
470
467
470
475
478
473
473
470
472
471
473
469
470
472
474
467
475
471
470
468
468
465
465
468
466
464
465
468
466
465
470
470
470
469
469
474
470
469
469
472
470
468
468
468
471
465
465
468
468
466
464
466
468
474
472
474
473
471
479
476
477
476
474
476
477
473
472
474
474
471
467
470
470
469
469
471
470
468
468
469
473
473
469
472
473
470
466
468
471
471
472
468
470
474
472
468
472
472
470
466
470
466
470
465
467
465
465
465
463
462
463
463
463
461
462
463
462
461
460
462
462
460
456
459
459
455
459
461
458
462
458
464
461
462
461
459
461
468
467
468
467
462
465
465
463
463
463
464
459
459
458
458
453
455
459
456
455
455
456
461
457
456
459
459
457
459
457
473
469
466
468
471
469
468
472
475
478
474
476
479
481
483
479
489
491
487
492
494
494
489
495
498
496
490
486
487
495
496
494
491
487
496
495
495
498
493
487
488
493
498
559
656
691
668
654
662
666
654
672
718
815
737
672
653
632
618
604
600
597
578
592
597
586
577
568
572
565
558
554
549
540
529
537
526
521
518
516
524
526
612
653
618
596
613
588
580
564
578
579
567
570
569
549
539
532
535
540
537
535
530
531
530
525
522
521
521
521
521
521
518
523
525
521
525
526
521
534
537
531
551
555
576
581
559
567
1037
976
824
745
679
641
613
598
584
592
629
612
609
590
571
555
547
558
548
548
563
567
554
549
548
559
576
571
568
567
563
563
562
559
550
547
540
533
544
543
535
528
525
521
528
526
529
527
527
527
525
527
528
528
523
515
515
517
511
508
511
511
513
511
510
508
508
515
503
502
505
508
507
510
507
509
504
504
507
510
513
517
512
511
512
513
514
513
512
509
510
512
514
512
516
520
521
518
524
537
533
525
526
528
533
534
530
543
563
583
560
555
550
550
543
539
540
545
548
543
548
556
567
563
560
568
574
589
571
564
570
585
596
607
584
591
614
607
592
598
617
634
632
604
596
598
618
652
630
610
610
617
660
675
646
635
647
658
652
634
627
671
675
653
650
682
688
663
650
655
675
669
661
699
699
675
641
643
658
653
658
668
702
697
677
676
673
686
706
741
737
699
694
737
688
678
712
787
737
730
747
744
729
733
785
732
709
705
666
645
629
640
622
614
631
644
633
626
619
654
686
688
649
633
638
691
756
707
677
682
740
712
674
686
718
724
674
655
685
730
677
656
628
610
602
584
573
565
552
549
547
547
543
544
544
550
547
545
545
545
543
541
539
537
540
538
538
535
531
529
528
526
528
527
529
529
529
530
532
534
541
541
538
536
534
539
548
555
552
559
568
558
560
571
578
569
568
565
557
558
553
553
552
558
551
554
549
550
548
547
545
544
542
536
534
530
525
527
527
524
521
526
527
526
526
525
533
541
554
558
559
565
591
604
617
607
604
627
633
623
647
626
608
607
600
618
625
634
620
664
695
699
667
665
674
647
645
647
627
647
664
683
660
655
655
647
643
634
654
656
771
1088
799
717
679
644
630
620
624
625
605
604
625
666
686
668
663
655
663
675
653
621
629
617
600
581
574
572
565
562
562
567
565
564
563
558
552
548
547
548
543
535
529
526
527
531
541
536
535
533
530
527
526
527
518
516
520
516
512
514
511
504
507
509
504
503
508
510
506
507
511
511
509
509
511
511
509
511
509
507
503
500
505
504
501
505
507
509
509
507
510
517
519
521
521
522
523
526
526
536
523
530
536
536
529
535
539
543
536
532
533
537
534
533
531
530
521
522
528
527
526
525
522
517
516
518
520
515
513
512
514
512
511
510
508
505
504
504
509
508
512
520
517
534
523
523
519
518
522
521
519
519
519
512
512
517
520
515
512
513
518
520
517
515
521
521
522
521
516
516
516
524
521
520
523
523
529
535
526
525
525
534
536
532
530
530
528
549
546
537
533
527
531
528
529
522
521
524
528
521
528
522
523
520
517
517
520
518
510
511
511
506
511
514
518
519
513
660
622
612
620
1229
651
653
637
663
657
671
636
605
637
1095
777
729
704
686
662
668
640
606
591
590
587
576
586
592
580
571
568
564
559
560
554
547
549
550
552
545
545
545
572
612
588
551
552
551
557
543
541
537
534
540
534
534
531
531
527
532
533
531
532
531
535
547
541
546
550
570
534
536
538
545
542
538
534
530
529
528
522
515
511
510
512
508
504
501
502
504
504
504
501
499
499
503
502
497
500
503
507
510
507
510
508
507
508
509
509
505
503
507
509
504
501
507
511
518
512
516
526
530
524
528
533
528
526
533
532
529
529
525
526
530
521
518
524
521
521
521
526
521
522
521
519
521
514
511
515
514
514
513
514
512
511
508
512
509
508
506
505
507
503
504
505
503
503
502
501
506
505
505
507
509
513
511
511
508
506
505
508
504
510
520
526
533
535
531
530
533
537
536
534
532
533
532
533
528
536
555
566
569
561
566
586
590
588
597
595
579
613
611
603
578
569
593
597
587
605
608
588
611
604
586
581
591
607
634
609
585
588
593
584
580
567
564
578
569
569
583
584
637
655
623
589
570
566
575
578
575
588
584
578
574
589
578
575
568
570
564
559
556
559
551
542
538
542
563
554
554
553
573
579
579
584
577
572
570
563
555
549
558
553
551
552
549
544
540
537
534
530
526
522
518
515
514
512
521
519
520
521
521
520
518
514
519
521
521
519
521
516
520
519
518
517
516
512
510
511
509
507
508
506
501
503
501
501
501
500
500
506
512
512
510
510
510
510
497
501
499
504
506
507
510
523
538
546
558
590
585
573
584
587
590
573
601
583
570
570
585
574
569
573
562
555
546
555
553
551
546
545
561
553
554
549
544
538
534
537
529
528
531
531
549
544
546
541
563
610
666
623
585
592
595
595
577
578
602
599
588
589
623
621
604
593
600
637
662
641
625
604
593
592
588
572
565
554
557
554
560
567
568
558
555
554
575
568
562
557
564
558
543
541
546
554
547
542
539
553
598
600
606
597
653
686
646
599
590
572
561
559
556
563
558
563
561
629
633
675
802
734
685
637
606
587
576
573
564
564
569
561
565
579
582
587
586
581
618
669
677
631
601
601
605
611
598
606
653
681
653
623
604
590
604
603
585
584
613
643
650
646
660
658
630
617
634
607
615
629
609
601
624
634
636
615
645
668
678
658
671
683
671
629
604
620
632
614
617
618
601
591
599
640
690
737
680
650
633
610
593
593
601
588
585
586
611
632
640
598
585
574
574
597
611
618
604
627
646
606
589
583
576
568
563
558
560
557
568
577
580
583
576
571
563
562
584
714
667
639
621
617
616
606
598
597
601
581
571
566
563
595
593
589
599
578
570
565
558
552
554
553
554
549
542
541
541
541
537
534
535
537
534
532
532
532
529
530
530
533
536
533
531
532
538
541
544
543
540
538
538
542
546
547
546
543
543
553
563
583
574
582
563
563
563
562
564
561
550
554
551
560
570
571
570
580
639
631
609
606
605
602
580
579
573
573
574
570
571
570
572
567
565
582
582
587
581
580
573
571
567
561
558
554
557
563
573
566
560
561
560
559
559
557
563
571
568
569
602
635
631
630
609
586
585
579
573
575
576
587
603
600
584
586
582
594
617
634
626
696
723
694
653
634
628
635
658
648
630
639
711
680
703
685
646
629
626
634
623
613
607
608
624
615
612
606
627
622
616
646
666
661
632
619
627
648
628
619
609
613
614
600
596
590
590
587
583
583
590
614
627
649
666
654
756
765
724
681
649
626
610
602
600
613
604
599
590
601
605
641
661
637
617
618
615
626
626
618
614
601
613
615
610
607
648
643
659
646
625
614
623
640
652
630
657
649
636
641
619
610
606
634
646
637
627
614
604
620
641
629
610
605
608
614
611
611
615
624
619
623
630
630
639
625
614
617
605
607
609
612
604
599
599
614
627
625
637
629
639
650
658
649
648
648
622
609
600
590
587
568
572
570
573
568
563
560
562
566
574
563
554
552
552
550
546
543
544
545
541
543
545
548
547
553
555
553
553
550
549
548
550
550
549
547
547
544
539
539
537
537
539
526
525
522
522
529
524
526
529
530
529
523
522
525
525
522
521
521
512
523
522
523
522
521
520
521
520
519
516
518
513
508
510
513
515
512
512
514
511
506
510
513
511
510
508
511
510
508
508
514
511
506
505
514
510
508
506
510
511
504
505
509
508
507
505
505
504
504
511
514
511
518
524
521
528
531
524
534
523
528
515
518
521
520
525
525
516
516
521
519
520
517
514
508
510
517
518
521
522
519
523
525
528
530
528
521
522
526
528
528
528
519
520
523
515
512
525
543
540
536
531
528
536
532
528
527
530
527
528
523
521
518
521
519
512
510
510
515
519
517
517
521
525
535
529
529
529
528
527
530
531
532
538
544
537
538
544
542
541
540
554
547
543
535
533
536
540
537
533
530
536
532
528
529
527
524
519
515
514
508
511
509
522
583
582
561
549
544
537
532
527
522
520
517
515
513
507
454
556
517
509
510
510
507
505
504
501
497
494
492
494
493
491
488
486
488
487
484
485
483
488
487
485
483
483
486
484
486
482
484
485
483
480
483
483
482
480
480
484
483
482
480
487
489
487
488
486
492
488
486
486
491
487
488
488
486
485
486
485
488
495
492
494
497
500
496
506
501
499
496
497
500
496
493
494
498
493
489
491
492
488
485
488
487
483
482
487
483
480
479
482
479
478
481
482
479
479
480
479
479
479
480
481
479
478
481
482
480
479
479
479
479
477
478
478
476
473
471
472
476
481
478
477
475
473
472
472
476
468
469
469
475
470
470
474
474
472
473
476
479
478
479
484
482
481
486
488
486
487
493
491
493
495
498
496
495
496
498
498
498
498
498
494
490
497
497
495
492
488
489
497
494
501
494
492
496
499
498
495
507
505
500
502
514
506
504
505
513
507
507
510
517
512
516
511
505
506
510
518
516
512
506
517
515
514
510
511
511
508
506
507
502
501
501
500
498
497
495
492
490
487
487
485
483
480
480
479
476
475
477
477
476
476
476
480
481
482
483
482
481
480
479
479
479
479
479
479
473
473
475
477
480
479
488
494
499
495
504
503
513
518
527
538
532
534
548
545
529
530
541
546
544
557
554
554
559
569
563
557
556
558
548
561
556
555
549
561
562
556
557
547
544
552
559
543
556
564
553
551
551
548
548
552
542
535
544
536
536
531
534
531
525
530
527
525
521
526
525
519
513
521
521
519
527
537
535
528
526
522
521
518
520
531
539
530
535
540
535
535
525
518
514
514
517
515
517
525
531
526
540
555
560
561
563
584
578
566
582
565
554
552
555
549
542
546
545
539
535
535
533
529
540
540
546
539
538
543
540
537
534
538
536
531
529
529
527
523
519
520
519
520
519
517
514
512
512
511
507
504
501
505
511
510
505
511
509
507
505
501
501
505
517
527
536
538
558
585
592
594
599
591
595
576
566
567
554
550
546
551
556
548
548
528
525
527
538
569
587
615
600
573
575
568
569
586
582
575
577
563
572
564
560
556
561
582
580
575
583
570
564
556
548
551
552
552
538
533
533
535
531
535
538
533
546
538
544
551
571
561
559
553
555
557
554
542
543
544
543
540
539
547
540
547
550
540
540
543
543
538
537
540
541
535
535
534
528
526
539
546
557
545
538
540
544
540
537
540
537
554
556
554
550
552
554
557
550
548
543
538
536
539
530
524
534
525
517
516
516
514
513
512
507
514
508
508
507
503
504
502
500
498
496
496
494
492
492
496
495
494
491
495
496
494
493
495
495
494
495
495
497
501
502
512
519
514
515
510
516
521
521
517
514
521
518
515
513
514
512
512
510
510
509
508
507
504
504
503
501
498
495
504
513
509
504
506
501
496
499
498
501
501
519
537
530
526
536
541
536
526
533
532
525
523
531
532
527
527
540
547
543
540
547
547
542
538
554
552
546
546
558
556
539
545
550
546
541
546
548
536
537
540
538
535
539
536
531
527
531
523
524
523
527
521
516
517
520
526
530
527
521
515
516
517
510
510
514
512
509
507
515
505
501
500
501
494
491
494
493
489
488
490
491
488
485
487
484
482
483
485
488
480
482
486
486
483
481
485
479
479
481
480
478
479
478
480
477
476
478
477
474
472
471
472
468
467
468
473
471
468
468
463
464
466
465
463
461
460
463
464
461
459
465
462
460
458
458
460
456
455
453
454
452
452
451
451
445
449
448
893
442
445
439
440
442
439
439
438
438
437
440
434
433
434
435
433
432
433
428
429
426
431
429
426
427
427
425
420
423
423
419
420
419
420
415
416
417
413
413
415
413
410
412
413
409
409
411
406
410
407
408
407
409
406
405
407
407
403
405
409
406
402
407
406
407
405
402
406
405
408
407
404
402
405
407
403
403
404
407
402
403
407
404
402
404
406
405
402
404
406
405
401
404
404
407
408
404
403
406
407
408
403
404
407
407
406
402
406
406
409
407
408
406
407
411
408
407
410
410
410
409
412
406
409
411
412
406
409
415
409
410
412
414
410
410
413
413
417
414
414
412
414
416
415
413
411
416
417
418
418
416
415
419
419
417
415
419
418
418
416
418
421
418
418
417
421
420
420
418
424
422
421
422
423
425
424
422
426
425
426
425
422
429
425
426
427
424
429
428
431
427
429
434
437
438
443
445
440
444
443
441
441
443
443
440
445
448
449
445
447
454
454
450
455
459
458
455
460
465
471
469
478
498
503
491
489
487
482
487
493
497
494
489
499
499
490
493
499
508
508
508
512
519
529
535
521
524
535
568
572
558
