396
1809
9829
713
1432
707
700
699
699
678
681
677
672
666
677
1363
690
703
710
711
711
698
705
688
697
683
677
662
672
660
665
667
670
686
676
688
691
692
684
677
655
640
630
631
628
631
633
646
662
682
693
695
708
705
696
685
688
687
688
679
683
684
690
683
701
717
716
705
694
692
699
699
696
695
690
690
678
670
666
652
633
638
646
647
642
653
652
642
658
650
634
651
646
628
636
626
608
618
615
604
608
602
1193
611
595
610
769
2657
4663
574
575
567
568
559
558
563
561
555
558
565
566
575
576
573
573
577
576
569
571
573
571
563
570
566
562
557
563
564
563
561
565
564
561
562
559
563
556
553
555
555
555
555
553
563
560
559
554
563
567
571
569
576
582
580
578
571
581
584
572
586
588
586
581
595
594
596
589
603
603
604
601
610
611
613
615
624
640
652
655
648
659
655
646
653
662
657
641
645
647
650
636
643
646
646
633
649
646
646
644
657
670
652
672
680
663
688
690
689
670
690
690
693
669
693
688
674
678
686
692
673
694
690
690
683
698
694
675
688
681
681
670
689
698
713
699
724
724
720
701
721
725
714
700
712
712
688
702
702
709
688
704
710
708
689
711
715
690
715
718
724
701
720
720
698
717
696
714
697
687
680
688
689
678
688
688
684
667
670
673
674
669
682
683
680
676
688
694
700
685
705
706
688
708
704
699
682
692
696
700
682
709
705
696
711
716
702
712
715
696
709
712
691
708
705
692
706
710
689
711
714
697
685
683
672
663
669
667
658
675
676
676
675
688
694
708
694
714
720
712
694
703
694
686
695
705
704
733
753
751
743
743
747
723
732
725
712
714
712
714
702
720
728
712
729
729
709
725
717
711
712
710
709
703
694
703
698
690
708
704
705
699
702
704
693
701
694
689
697
695
687
702
701
694
706
706
699
705
707
693
707
704
706
689
699
695
696
690
703
703
701
689
706
704
693
715
721
713
734
739
719
733
724
724
700
706
704
690
678
687
686
691
676
680
668
651
659
659
651
662
661
650
645
655
654
665
664
657
651
642
626
631
618
613
608
614
613
608
606
617
629
630
643
646
646
630
632
627
625
619
618
617
618
611
612
611
607
607
612
613
613
618
620
617
620
620
615
614
610
609
605
604
605
606
605
599
605
604
606
612
615
615
603
614
610
613
615
620
622
607
612
616
616
616
620
625
626
628
637
648
663
673
678
683
658
662
659
661
663
659
663
661
656
649
642
633
628
624
619
626
634
631
637
649
635
652
657
666
669
674
676
671
655
654
653
652
656
664
664
668
675
688
706
716
729
723
703
726
741
738
739
747
705
703
698
690
689
687
675
688
685
694
707
709
704
713
713
708
708
707
707
692
705
709
695
711
713
700
698
694
699
707
688
703
702
687
685
683
688
683
671
682
674
676
670
669
666
674
671
684
689
687
700
710
703
698
697
691
688
669
673
671
670
663
676
672
683
701
707
726
739
749
734
742
716
696
702
698
659
677
658
643
637
617
630
610
622
622
631
624
648
656
658
681
688
697
696
676
665
674
661
669
669
675
683
682
693
688
663
680
668
648
664
662
663
661
668
676
663
673
671
680
691
695
696
692
674
681
680
670
686
686
695
708
686
688
676
679
670
667
664
663
662
658
654
663
666
671
665
655
658
644
648
647
642
642
644
642
640
638
647
646
650
658
662
646
653
665
667
675
681
671
684
688
673
681
666
670
672
676
673
667
652
651
638
649
645
647
640
643
646
663
671
693
690
684
694
688
683
670
666
650
649
654
665
667
661
661
671
673
667
656
669
668
660
655
654
654
644
642
639
630
639
646
655
655
674
688
710
713
684
678
688
680
685
687
675
675
679
685
685
681
666
668
653
653
655
660
658
653
659
649
661
664
668
669
660
661
660
659
653
656
655
656
655
667
678
684
698
707
696
705
700
697
679
684
678
674
679
675
677
658
678
681
698
708
716
714
716
708
698
697
697
697
684
685
688
684
679
684
688
682
687
693
692
689
681
684
679
675
662
677
690
703
691
707
710
709
691
693
688
692
690
690
696
694
700
705
695
705
708
700
695
699
704
700
685
688
689
679
685
688
694
679
692
694
687
697
697
689
679
688
696
695
689
695
698
683
688
684
682
680
670
672
662
657
652
652
653
649
660
665
669
678
677
669
665
652
651
644
643
632
648
648
639
650
653
650
638
648
641
648
646
651
649
640
659
655
653
654
661
646
667
670
676
663
672
670
662
670
669
671
659
658
654
659
654
649
640
647
641
624
632
629
628
623
616
622
636
646
651
655
657
648
656
651
646
643
632
635
635
621
636
637
640
629
648
655
654
648
649
644
642
643
645
640
648
646
643
650
647
646
647
652
650
646
640
639
638
632
641
643
643
635
629
634
630
622
614
617
618
614
611
613
608
606
607
620
625
626
635
640
649
628
647
648
628
629
653
645
641
646
638
645
641
645
645
635
628
652
645
640
645
663
642
640
642
637
646
632
632
629
619
625
622
621
623
629
632
631
634
642
640
639
646
643
640
641
646
643
640
642
650
646
644
650
646
636
639
639
626
627
621
619
621
610
618
618
614
618
609
618
614
615
605
619
619
621
605
629
629
629
626
619
624
617
618
603
620
615
605
601
614
609
598
611
605
599
607
612
603
614
604
608
611
603
604
606
590
601
587
596
598
593
603
609
609
604
605
612
602
610
609
608
603
606
612
612
601
607
610
605
611
612
610
603
606
604
597
609
608
611
611
621
621
628
642
648
646
638
641
634
623
628
626
619
625
627
627
612
620
610
598
607
596
611
612
608
621
624
611
620
626
626
630
620
628
635
640
640
631
642
644
649
642
635
635
646
651
644
650
661
667
661
653
655
658
664
665
654
664
657
678
689
667
676
664
668
671
674
661
658
658
655
659
653
666
661
669
688
682
705
706
707
700
677
678
680
669
681
693
712
709
708
687
692
682
670
670
669
665
653
662
662
660
661
660
649
669
667
657
669
674
668
679
666
672
667
655
659
653
644
652
652
635
650
655
633
630
646
644
643
645
648
643
647
632
652
649
647
647
624
639
628
614
616
623
621
616
624
617
622
611
621
622
624
623
617
617
612
609
601
611
604
604
594
595
595
580
589
590
579
582
592
586
588
592
579
593
594
594
581
597
595
578
591
580
585
590
580
595
597
599
597
599
583
598
585
586
587
581
574
579
581
585
584
587
589
579
587
595
595
599
601
583
606
601
602
599
602
599
587
603
596
580
593
584
579
586
585
588
585
584
589
579
583
579
587
586
575
592
583
581
590
582
583
586
578
583
581
570
579
579
569
577
579
569
578
573
593
586
579
575
586
583
574
588
580
583
587
583
572
585
576
574
580
565
579
567
573
574
571
575
576
578
583
569
584
576
569
577
576
563
573
574
564
568
576
568
564
571
570
563
562
561
560
559
563
565
556
569
563
571
572
574
571
570
576
575
568
564
571
568
557
562
565
558
558
564
563
558
563
570
563
562
571
566
563
570
563
560
565
571
572
561
568
576
568
578
570
581
580
584
581
570
581
575
565
573
577
575
573
560
574
569
556
570
566
559
569
558
570
573
576
575
567
580
566
579
576
575
564
573
574
563
573
566
561
563
565
556
552
560
565
561
558
556
567
564
563
566
569
566
564
574
571
564
576
571
565
578
575
569
580
576
566
577
575
564
572
573
568
568
577
569
574
579
579
569
574
580
565
568
568
565
559
561
562
556
558
558
563
563
568
569
570
575
572
578
572
567
572
561
563
563
555
557
562
560
556
565
561
559
565
569
569
559
567
568
567
568
556
559
560
561
563
566
557
566
568
562
568
566
561
568
574
567
572
579
571
570
577
578
569
578
570
568
569
558
557
558
561
571
570
561
568
571
572
566
573
574
574
580
578
583
590
593
592
599
604
601
605
610
613
619
636
652
660
672
679
686
670
661
655
639
620
616
601
594
583
577
584
569
571
565
565
562
555
557
557
555
554
554
551
552
551
551
542
541
541
550
549
552
562
564
566
583
586
583
590
593
586
592
591
592
583
595
578
599
593
600
601
589
600
592
582
583
578
576
583
585
590
593
589
586
601
592
596
599
597
594
595
593
582
591
587
580
591
585
596
595
583
594
587
587
601
605
591
605
594
586
582
590
574
585
589
590
587
578
590
578
580
587
583
583
573
583
582
567
575
576
563
572
571
563
565
572
567
563
570
561
566
569
558
570
566
562
557
554
550
563
563
566
565
563
573
572
568
573
576
576
582
583
587
590
591
578
589
584
579
577
580
580
577
584
589
596
595
608
612
608
612
616
613
594
599
589
573
581
581
572
578
574
575
568
565
576
572
562
571
568
563
555
566
569
561
572
565
563
574
571
565
581
573
569
578
576
563
589
581
565
577
566
582
582
581
578
576
583
585
586
579
586
584
577
588
585
581
594
594
594
599
606
599
606
604
606
600
590
586
596
597
600
595
595
602
599
591
602
589
595
592
590
589
588
582
579
569
567
561
576
587
578
582
582
582
576
573
560
568
563
557
564
566
555
557
558
551
557
562
550
564
565
559
569
566
562
574
576
572
582
576
584
580
584
583
580
572
584
580
576
576
580
585
582
587
587
586
590
598
592
606
611
615
609
610
604
595
603
598
590
599
599
588
602
604
602
614
617
617
623
627
632
626
631
627
626
626
632
634
634
641
645
637
642
641
639
639
646
651
646
654
654
647
657
656
658
655
647
639
646
647
643
654
665
665
681
686
675
684
685
682
683
688
681
687
684
684
676
679
686
682
696
703
705
718
716
711
720
707
689
665
690
687
686
676
665
660
658
639
653
649
632
640
650
666
649
674
682
690
687
697
701
689
702
708
700
700
703
707
703
716
705
692
690
683
675
676
673
669
656
655
649
656
668
661
664
669
660
672
675
680
670
681
671
663
672
653
683
695
686
663
669
663
666
646
653
652
638
646
632
645
651
636
627
640
624
624
624
630
611
618
622
623
614
621
622
623
612
624
623
619
607
620
608
605
601
607
604
596
611
606
594
606
593
601
587
597
600
591
587
584
588
579
585
581
576
586
583
574
583
579
569
571
573
567
560
566
556
553
554
550
550
547
546
552
546
559
557
549
555
563
558
554
550
557
554
544
554
553
549
557
560
558
560
566
566
564
558
556
560
550
554
559
557
560
572
565
569
580
571
574
583
578
573
584
577
570
569
574
573
563
563
570
563
559
567
563
549
562
560
553
554
560
560
555
557
570
565
565
556
562
566
561
571
572
564
575
574
563
567
566
556
567
563
560
567
565
567
576
571
565
581
572
565
572
573
566
563
569
561
563
567
560
561
563
558
552
561
556
550
558
561
556
555
561
560
554
563
563
555
557
563
559
557
564
563
557
561
563
560
562
568
569
558
563
570
566
564
572
573
575
574
563
568
573
561
566
571
568
561
573
568
561
571
567
565
560
568
571
575
563
581
584
576
590
588
579
584
594
597
584
606
603
607
603
610
614
621
621
632
635
629
647
651
657
646
666
657
654
665
665
660
670
674
666
678
672
679
675
666
661
664
656
649
657
661
659
649
668
671
659
675
675
668
678
673
658
679
685
677
699
707
704
686
708
712
695
716
722
700
727
723
704
732
734
716
744
748
720
743
747
728
755
753
733
757
756
730
749
733
750
748
729
744
749
728
747
744
738
753
753
731
754
757
740
758
747
729
744
742
743
736
727
738
745
744
737
722
735
738
730
741
752
754
729
714
737
720
728
719
705
726
727
750
764
770
773
765
733
735
740
733
738
746
760
778
775
800
827
833
832
818
769
787
788
785
777
780
776
770
746
746
750
729
736
729
743
752
751
728
749
757
754
773
779
780
757
778
774
754
771
766
760
766
769
768
761
766
769
757
766
770
760
770
767
752
764
774
764
743
759
753
710
721
717
713
706
696
693
681
684
668
664
667
671
666
690
711
748
731
754
771
779
751
771
765
777
777
773
766
730
748
743
724
734
721
734
727
733
752
775
785
793
779
753
764
759
729
743
739
725
746
753
752
755
770
772
767
784
783
774
791
786
764
786
776
764
777
769
767
769
730
753
752
747
732
730
729
728
722
723
722
711
706
706
686
683
698
702
702
706
716
704
736
738
761
770
768
746
754
752
747
737
746
757
749
771
775
790
774
800
798
799
761
791
792
760
782
778
775
764
779
776
757
771
776
758
772
764
749
758
765
740
757
753
734
759
764
756
770
768
774
753
764
767
761
754
761
759
746
762
775
773
774
775
771
753
762
767
745
769
774
782
753
774
775
755
775
764
790
789
794
791
755
737
740
740
740
722
737
748
736
763
779
796
794
808
814
783
798
789
770
774
763
740
762
765
767
756
771
773
752
769
769
777
745
764
763
750
760
759
763
753
763
765
747
770
768
747
771
771
771
747
761
754
762
769
767
729
746
745
725
740
736
749
733
757
766
774
764
771
779
783
753
772
769
759
751
763
769
771
749
765
750
775
780
785
786
747
769
761
747
749
742
738
721
736
745
755
755
769
772
777
764
750
723
720
736
737
737
731
712
719
724
717
696
716
720
727
716
746
757
742
770
776
774
769
776
782
749
771
768
739
764
765
755
792
814
781
823
835
793
830
813
806
813
808
763
800
797
771
793
793
759
780
779
770
757
764
770
742
764
762
760
737
756
765
772
758
771
771
743
771
771
771
744
759
750
734
724
722
724
710
708
701
720
727
733
725
714
725
721
691
721
729
742
750
756
758
729
744
736
712
733
731
727
749
765
780
788
770
769
779
776
760
773
780
788
797
786
809
814
811
795
809
809
795
770
774
778
749
764
762
739
767
777
782
770
779
788
754
779
771
774
750
773
785
792
775
789
789
794
793
775
790
795
764
777
779
786
756
780
785
784
771
777
776
756
763
767
753
752
759
764
754
763
766
777
745
767
766
751
765
764
737
762
761
743
756
753
752
753
735
757
766
780
760
789
795
799
771
786
787
787
756
772
768
766
745
767
765
772
741
736
734
731
732
729
718
714
727
730
724
737
717
738
742
740
746
750
732
751
738
749
752
743
745
730
749
754
759
751
763
767
757
745
750
755
758
731
752
750
757
766
750
731
740
745
743
742
734
723
712
719
710
727
730
746
751
758
770
783
767
780
779
763
746
758
765
777
775
754
771
771
769
743
759
754
759
761
754
743
747
747
726
742
742
734
759
771
776
757
783
784
785
741
771
768
753
719
729
744
753
759
762
764
748
753
760
743
757
753
756
746
762
771
778
757
781
785
781
784
759
771
773
753
768
760
771
762
757
777
782
758
785
779
756
766
737
750
750
747
736
717
729
735
722
730
735
744
723
753
761
767
772
742
764
761
761
736
752
749
753
734
755
754
758
761
769
772
771
760
769
766
754
745
759
762
737
758
754
726
750
750
752
735
738
734
726
724
728
734
715
732
738
721
707
726
725
734
741
729
735
738
721
733
732
735
719
738
738
745
723
737
742
738
753
756
758
745
753
757
739
752
749
729
743
748
749
731
752
757
761
743
760
762
753
761
765
738
757
743
741
749
752
754
751
726
730
729
729
735
718
740
749
762
742
771
777
776
749
763
765
758
744
754
757
738
758
758
749
752
754
763
743
764
768
771
748
770
774
771
770
761
767
761
736
755
758
764
751
767
777
776
771
768
758
749
756
759
747
764
771
749
768
765
763
739
742
728
718
727
716
739
748
755
734
717
731
745
741
748
738
734
740
737
725
739
742
747
749
733
753
750
755
735
751
749
751
736
753
762
755
757
765
772
758
776
779
759
775
779
766
756
771
769
769
773
782
766
775
770
779
783
778
762
753
756
759
764
740
765
767
771
758
772
783
785
763
782
781
771
771
775
774
751
765
767
762
751
762
769
753
773
776
779
757
766
765
759
758
762
756
736
743
739
734
716
732
728
731
721
738
747
758
743
773
776
782
771
784
783
763
776
765
741
756
756
752
752
734
731
736
736
718
737
742
767
772
794
806
807
812
817
823
814
801
765
774
773
767
763
751
748
762
756
740
768
784
794
772
792
796
792
766
779
776
752
759
744
769
786
804
807
757
755
756
755
756
734
754
768
778
753
784
802
809
804
760
770
770
768
762
739
732
746
760
774
788
786
807
800
817
825
819
821
815
813
800
779
775
765
729
742
769
788
793
787
777
767
748
741
742
755
775
776
795
761
782
790
763
778
782
773
760
750
722
722
725
732
742
756
794
811
834
858
873
875
867
866
844
851
818
834
826
809
784
798
793
764
782
777
783
759
779
777
783
770
785
793
779
797
799
786
786
780
768
740
758
728
749
738
765
785
792
803
780
767
761
761
750
724
743
740
737
734
733
725
696
717
715
720
722
727
738
752
765
784
789
782
733
729
709
724
720
688
718
719
744
766
779
783
763
754
744
711
709
694
696
720
739
742
787
747
764
783
783
761
765
771
770
763
747
747
746
745
746
736
727
721
717
724
735
746
747
741
696
722
729
717
702
672
701
699
707
709
713
718
688
678
691
698
711
717
726
733
728
727
729
735
744
745
742
737
730
705
706
707
711
719
728
754
781
767
794
816
825
822
789
790
781
790
789
742
772
776
774
777
782
771
776
783
773
765
777
760
776
791
779
801
803
799
805
814
818
803
817
810
801
786
765
742
745
716
711
712
705
703
712
723
737
753
761
772
768
778
784
783
770
771
770
773
768
768
740
750
752
757
733
741
749
731
753
756
755
731
745
747
750
726
745
747
758
729
751
758
735
749
755
747
746
749
751
725
741
729
721
699
715
714
719
738
710
723
729
747
755
765
733
751
738
740
744
751
769
776
780
768
786
795
802
770
793
769
764
729
725
728
738
765
759
761
781
796
787
749
735
734
705
709
689
689
685
680
672
654
667
658
633
646
641
624
616
608
599
600
598
593
593
584
600
594
590
586
584
575
586
582
579
582
590
585
579
596
587
588
586
597
594
582
588
590
586
576
585
585
575
584
582
599
589
583
572
581
574
567
572
565
562
569
563
564
556
566
561
557
556
565
563
555
558
562
560
555
560
559
555
557
565
562
548
560
561
556
552
561
557
545
552
555
553
542
555
554
546
560
558
553
563
561
559
564
566
554
567
564
555
551
552
562
554
544
552
551
536
548
551
541
543
550
541
538
547
544
537
546
545
542
539
547
547
541
541
547
547
539
543
549
547
539
547
550
541
546
551
547
542
551
552
545
546
557
554
544
553
551
544
554
550
539
542
545
541
536
545
541
533
545
536
534
537
539
533
537
545
541
538
547
546
538
547
550
538
546
547
540
539
545
542
542
538
546
543
539
547
536
539
546
545
541
527
539
538
534
527
534
531
528
532
538
540
535
547
547
542
547
557
555
545
552
557
546
552
555
549
545
554
554
543
551
553
546
547
553
547
542
544
550
539
540
545
545
538
539
546
544
537
534
537
544
545
538
534
537
540
525
533
537
534
541
547
550
550
552
544
537
542
539
527
536
531
526
523
527
525
520
526
530
523
526
535
534
528
528
537
535
526
537
537
523
534
534
530
535
538
535
532
530
535
541
535
529
527
535
533
523
527
527
528
523
526
532
528
525
530
535
524
532
535
527
538
544
544
539
530
535
538
535
529
533
533
525
525
532
527
523
524
523
535
533
543
532
525
529
538
530
525
529
532
528
522
529
529
524
529
531
526
523
530
531
521
525
529
527
525
521
528
529
521
522
531
530
521
528
530
532
522
528
528
519
527
528
521
523
523
516
523
521
521
515
521
522
516
516
524
513
524
521
513
521
521
514
518
520
524
524
524
525
531
528
525
535
530
529
531
535
541
542
536
541
547
547
547
552
554
553
560
564
566
568
578
581
580
586
586
582
584
584
584
581
583
585
584
580
585
587
580
586
593
596
595
604
610
604
611
608
611
620
613
602
604
593
591
591
590
585
575
589
604
604
616
625
623
624
610
608
606
609
604
600
606
598
597
606
604
598
605
610
596
605
613
601
602
619
611
606
615
611
596
606
610
597
604
610
597
604
607
598
615
596
599
605
598
599
600
586
594
596
589
582
583
590
578
576
582
583
592
604
605
600
596
604
607
600
613
627
614
639
653
666
671
651
662
651
657
661
662
648
630
636
646
631
650
672
672
671
688
691
680
690
688
671
667
672
652
681
684
672
689
697
684
689
711
722
727
724
688
678
673
669
646
651
677
672
671
698
730
748
706
717
729
738
718
711
720
713
696
713
702
720
734
745
736
710
723
726
716
694
704
684
690
711
709
709
706
698
717
728
704
729
723
720
738
735
726
743
746
729
748
752
733
751
748
733
741
744
708
702
711
715
721
713
723
730
739
752
751
739
751
741
735
736
739
736
759
760
777
778
751
776
780
759
776
779
757
767
753
746
755
755
734
754
769
761
794
806
786
813
803
790
800
785
779
773
763
735
745
753
734
763
778
763
794
798
772
790
788
756
769
771
742
757
756
738
756
759
743
760
767
742
762
762
739
754
755
733
747
743
729
743
748
731
743
750
735
765
767
751
775
784
763
783
787
759
775
783
754
764
764
743
757
758
739
754
760
742
757
771
744
763
771
759
776
779
751
756
752
729
741
743
761
765
794
806
788
797
808
779
788
781
759
774
776
759
777
785
780
791
797
780
792
785
771
777
776
752
765
762
761
755
762
771
750
771
781
764
786
797
775
793
790
785
777
780
769
753
759
756
740
761
769
765
762
777
783
766
782
789
763
771
769
746
760
762
745
764
768
772
753
772
777
757
771
774
749
763
757
750
733
753
749
745
748
755
763
744
765
774
755
775
777
788
768
783
788
766
775
766
779
775
761
766
772
749
760
771
770
746
777
764
745
759
758
740
758
753
751
737
749
759
761
766
774
778
757
770
766
746
740
738
739
722
734
740
725
753
761
766
748
768
772
747
765
767
741
751
741
712
702
688
663
640
642
633
628
621
629
621
610
620
616
602
614
611
599
613
609
604
602
614
614
623
630
632
630
633
627
619
623
607
604
605
605
601
592
601
595
592
590
584
587
592
583
582
595
592
582
590
592
590
587
598
593
583
603
593
588
593
595
593
586
593
588
583
575
574
574
578
577
573
581
587
591
599
610
613
622
620
614
620
612
606
617
609
607
611
610
618
622
623
631
633
632
643
647
646
659
653
655
654
655
649
656
664
656
657
663
662
646
648
667
663
660
666
657
649
659
655
652
657
660
655
669
671
684
684
705
713
727
731
720
735
725
719
725
714
725
725
708
717
720
711
680
718
731
685
674
670
657
673
676
663
675
660
670
674
665
667
675
675
673
664
684
675
681
696
695
699
712
702
722
726
731
738
732
750
749
754
757
745
756
748
737
742
733
740
746
753
763
768
774
773
757
771
739
741
750
732
734
729
729
734
738
741
717
711
684
711
704
687
696
684
692
686
701
697
706
706
717
708
718
715
722
722
717
731
729
734
732
722
725
720
723
710
723
707
705
705
703
693
704
699
714
708
714
717
729
723
721
720
728
721
702
710
697
683
693
684
693
699
698
717
727
728
743
742
731
740
738
733
733
733
731
733
724
727
722
729
735
748
754
758
750
764
749
742
728
730
722
714
713
703
709
703
715
714
722
726
729
736
734
725
727
694
696
699
685
688
669
682
682
674
663
679
694
698
683
689
688
685
689
678
680
665
665
646
664
660
666
674
670
655
673
651
677
658
639
618
662
652
640
625
637
628
641
621
635
643
624
641
627
635
629
609
625
617
604
606
594
590
589
579
571
580
584
591
588
581
591
601
604
594
607
612
618
643
640
637
664
666
649
662
663
699
695
673
699
676
673
653
648
653
631
646
616
632
641
646
628
624
618
613
599
596
584
581
577
563
569
566
562
564
562
561
570
564
573
574
569
590
586
587
604
607
598
614
604
610
618
607
623
612
614
622
616
611
611
597
602
599
574
592
583
570
582
573
567
575
576
568
576
567
567
574
567
565
572
565
568
575
568
574
580
577
581
586
577
587
585
582
583
576
578
580
572
568
576
573
567
579
574
559
577
568
560
572
566
556
572
568
554
570
566
558
563
581
573
565
560
565
568
564
566
562
577
564
569
575
565
572
579
573
586
591
582
601
603
616
628
638
635
639
648
647
628
646
647
646
660
664
668
682
689
671
698
704
680
706
694
693
695
684
694
690
681
698
700
693
706
699
698
704
686
696
696
681
706
708
694
717
724
706
725
724
706
724
721
705
724
719
711
725
726
729
742
731
736
740
726
730
731
713
737
735
719
709
714
710
698
676
700
704
684
715
726
728
736
754
768
741
768
769
765
754
771
778
780
775
755
718
738
747
742
719
738
748
731
750
729
754
759
750
749
763
768
716
747
729
730
742
754
723
751
746
749
759
767
753
769
772
767
752
768
764
760
736
758
755
761
770
769
778
795
789
791
789
783
785
784
772
765
768
769
752
760
761
722
751
751
747
760
736
752
749
744
751
751
766
768
736
766
765
737
758
760
727
751
744
730
737
744
749
750
754
755
729
744
729
705
730
720
715
722
712
725
728
739
733
756
781
773
785
773
778
777
743
766
771
754
770
776
776
777
781
791
786
785
783
776
764
773
762
754
765
767
768
755
771
773
762
772
772
745
758
762
744
754
750
742
736
744
747
728
735
733
717
725
730
733
717
737
742
719
741
743
740
748
750
743
754
754
733
773
783
777
784
784
770
766
758
749
753
752
738
749
747
745
752
755
748
760
737
764
765
768
733
737
744
739
712
733
731
733
723
711
702
719
698
721
724
737
740
758
762
764
764
764
763
759
758
738
754
742
742
731
744
755
733
757
758
744
760
759
752
756
756
757
764
764
767
771
784
769
774
768
737
732
747
731
720
704
703
702
710
711
692
716
714
729
753
768
783
792
799
773
787
790
779
750
742
758
751
762
740
763
766
782
764
791
803
812
773
787
774
778
771
774
754
778
792
790
814
816
818
788
801
791
792
790
778
768
760
773
792
800
807
795
756
775
775
770
762
730
743
746
750
751
768
773
793
798
776
796
805
813
772
783
784
780
770
772
777
785
793
804
820
805
814
796
802
794
766
779
784
771
790
787
787
778
785
791
771
781
781
765
779
771
771
784
771
779
774
772
784
780
755
769
777
764
778
776
763
771
772
741
765
760
754
752
758
752
758
755
740
742
744
741
748
758
764
752
768
779
758
773
769
751
754
750
734
742
740
730
743
753
739
758
767
749
759
764
738
754
758
740
754
757
733
755
750
744
745
748
739
746
736
743
747
742
742
719
729
733
719
736
743
755
769
777
772
749
761
754
751
751
759
776
760
789
790
797
779
793
801
798
785
754
729
741
753
749
728
750
761
779
788
780
800
806
801
808
798
803
777
782
776
777
765
751
768
772
750
777
773
774
764
772
763
762
769
771
753
770
770
744
762
769
754
774
775
780
749
772
776
760
780
782
760
779
786
789
768
777
778
753
776
782
758
782
786
787
775
794
794
779
791
780
765
770
761
760
750
767
775
772
808
815
802
825
834
807
818
813
793
811
802
785
798
792
778
790
772
790
796
774
778
781
773
751
769
768
740
764
771
764
779
786
791
771
792
784
772
771
760
746
752
757
757
747
759
776
758
785
791
769
793
808
812
785
797
776
783
780
782
757
766
768
754
776
794
774
808
818
822
781
804
808
787
793
791
793
770
799
808
828
796
822
829
838
780
803
814
797
787
813
823
830
784
779
777
777
737
729
744
741
742
723
718
718
717
699
700
683
688
686
684
675
679
651
650
644
649
654
648
657
657
650
651
646
636
626
634
630
618
629
626
618
628
623
614
629
650
682
690
703
663
687
684
664
680
661
648
651
632
637
632
634
642
619
631
627
632
633
632
627
646
644
647
656
669
678
672
659
638
634
633
636
644
653
651
666
670
671
677
678
684
669
681
680
668
685
693
702
690
709
713
694
706
708
706
688
695
686
695
697
678
681
692
691
680
694
698
685
706
710
693
711
712
694
722
727
724
732
738
743
727
747
747
723
755
758
768
745
778
792
767
768
770
774
755
774
769
771
784
791
780
766
792
796
746
784
786
766
776
784
785
755
787
785
775
788
791
794
765
791
777
790
794
801
776
797
796
791
771
767
756
742
728
707
715
705
696
676
646
658
639
641
644
636
634
644
626
639
642
634
646
652
644
659
657
651
669
672
656
664
664
649
663
655
647
653
652
645
656
649
646
654
650
644
646
636
620
629
622
609
623
623
620
639
642
635
652
650
642
643
634
621
612
605
604
599
597
601
607
609
609
617
615
609
615
616
613
614
620
620
618
622
625
622
622
626
630
629
633
638
638
640
645
646
641
639
638
632
627
628
621
618
632
640
644
662
676
665
677
682
665
674
661
681
667
672
673
669
674
663
664
654
658
670
646
667
679
671
685
669
672
685
682
673
688
670
675
657
665
650
627
626
644
662
656
646
656
664
661
668
676
685
704
712
724
742
741
736
740
731
729
733
734
714
710
716
720
701
704
703
710
707
625
631
629
629
630
615
603
595
591
589
583
583
575
590
589
582
583
589
590
581
590
584
580
585
596
599
602
601
614
615
616
630
624
626
628
616
618
610
603
604
603
601
603
610
614
615
628
631
622
635
634
628
636
635
628
632
624
618
622
624
619
627
629
620
628
629
621
626
622
619
625
627
626
618
627
627
625
627
624
620
620
612
607
610
599
604
604
596
595
597
582
593
591
582
587
593
581
583
597
592
589
590
601
601
605
615
618
616
618
604
611
598
601
593
587
588
579
577
590
591
594
605
616
625
627
643
654
638
645
635
632
621
645
647
659
663
671
659
673
671
674
649
652
641
625
630
626
604
617
620
600
622
613
616
624
618
621
627
606
599
628
606
615
611
624
625
626
636
650
661
665
663
658
637
644
639
637
625
629
631
639
623
627
621
630
624
610
602
616
603
595
588
595
594
596
588
604
601
589
610
603
595
611
611
598
618
618
600
617
611
599
615
610
597
617
613
604
624
618
609
611
611
600
603
603
599
588
602
596
592
597
595
591
598
593
586
597
594
589
595
598
599
598
604
604
594
605
605
604
610
601
610
614
616
615
614
615
622
614
606
602
605
604
603
613
615
626
637
630
643
648
629
635
631
620
627
637
644
652
661
646
659
656
647
652
653
651
654
663
665
680
698
713
701
714
717
713
711
718
715
709
724
724
702
725
733
726
739
736
754
753
737
765
760
734
751
750
733
749
743
745
749
748
729
733
734
724
718
729
729
717
733
740
744
767
770
773
780
767
754
762
752
738
743
740
731
740
748
753
761
771
778
766
774
750
741
729
700
698
697
700
717
734
742
759
768
758
769
771
754
754
737
729
728
698
698
711
711
708
703
688
677
676
658
675
675
681
685
673
681
667
685
677
680
680
666
667
659
672
668
674
672
652
660
641
646
641
644
644
631
633
633
634
619
632
632
630
624
628
621
610
623
616
602
591
601
595
591
601
598
582
604
596
590
596
591
595
594
587
593
597
595
597
600
598
588
587
595
586
578
583
582
571
576
581
570
574
574
578
569
576
578
573
568
573
578
568
560
556
563
563
558
552
551
545
555
559
558
562
559
564
570
571
572
585
585
579
587
593
593
582
589
594
587
573
586
583
582
583
589
588
575
586
581
571
583
579
570
573
579
577
568
578
579
569
573
578
575
568
571
577
570
563
572
572
557
567
563
556
562
564
562
559
563
567
561
561
569
566
562
563
572
566
559
564
564
553
563
561
552
557
560
559
553
563
560
555
556
563
563
554
560
564
563
553
561
565
555
560
560
560
557
565
564
558
568
562
558
566
564
555
567
561
557
567
564
560
569
563
562
571
563
563
571
564
559
570
563
566
569
569
563
555
563
563
551
567
563
556
564
565
554
559
564
562
555
561
564
555
560
563
565
555
562
562
556
554
564
561
559
564
564
554
563
563
555
560
561
560
553
563
560
552
551
559
557
544
549
555
549
549
552
557
543
553
554
551
549
559
552
552
559
555
553
562
553
556
564
555
560
565
560
563
569
562
562
565
568
557
567
565
556
563
565
561
560
565
563
555
564
564
560
557
561
561
547
551
557
548
548
559
557
552
559
564
561
555
561
567
558
561
561
563
560
557
562
560
559
553
563
563
547
561
563
554
554
560
560
550
559
560
550
556
561
553
555
561
565
552
561
556
565
565
569
564
558
570
569
562
572
569
562
567
566
553
560
564
555
557
563
563
553
560
563
560
555
565
556
557
558
561
544
556
553
543
547
554
545
546
552
548
546
552
550
542
553
551
544
554
556
545
557
559
550
554
561
553
553
554
561
550
563
560
554
564
564
556
557
560
552
550
557
555
546
556
553
544
553
554
543
551
556
549
550
558
557
547
555
557
544
557
554
550
548
554
545
541
547
545
542
547
545
537
546
544
541
541
550
545
539
547
545
536
542
547
549
541
551
553
543
548
549
538
534
534
537
533
530
541
541
532
543
551
550
540
549
551
549
535
546
544
543
536
548
541
535
540
543
532
537
541
541
534
543
539
533
535
543
536
538
543
544
536
547
548
542
544
546
554
562
555
545
546
545
543
538
531
537
537
528
536
537
530
540
541
534
541
544
539
540
546
540
540
545
536
537
544
540
530
536
541
535
534
540
538
531
539
540
529
538
541
535
538
545
544
537
550
547
541
537
547
545
534
539
544
537
542
548
549
549
557
562
561
566
571
567
575
574
574
573
576
574
577
576
563
562
563
558
550
545
548
545
552
554
552
562
563
566
563
563
565
563
562
563
569
567
572
571
571
588
585
