4075
1142
560
552
548
540
1604
530
527
529
530
530
532
534
538
540
539
542
538
543
545
543
537
533
527
1552
506
507
508
518
530
541
568
607
646
632
619
610
606
580
565
559
557
548
542
537
533
534
526
527
525
522
527
538
541
550
566
578
573
597
607
600
602
617
602
591
579
578
563
552
540
538
538
532
529
525
526
523
522
521
522
525
529
543
563
599
606
635
599
597
562
551
541
534
529
523
520
517
514
511
508
506
504
501
499
496
492
491
488
487
486
488
488
500
517
534
532
549
578
619
642
602
581
570
571
564
557
544
533
528
521
518
519
527
529
529
526
523
528
534
537
533
532
535
532
539
527
539
525
526
1005
567
518
520
526
339
532
633
697
433
2951
1004
499
499
503
500
493
494
494
498
492
496
504
503
512
523
525
534
538
534
544
533
527
1031
511
512
504
503
502
499
503
515
524
530
524
521
510
514
508
503
504
503
496
494
488
492
494
498
494
496
492
490
487
489
494
500
506
513
523
521
524
529
534
534
536
535
528
524
525
518
518
514
509
506
505
501
497
494
488
491
490
487
494
498
506
515
512
523
530
537
533
544
1095
542
542
528
523
512
516
511
499
493
489
485
483
478
475
477
473
472
475
470
474
481
495
515
529
533
538
531
526
524
532
534
534
546
542
536
530
524
523
519
521
521
520
514
515
525
529
529
533
538
530
540
544
540
551
542
555
552
549
549
547
539
536
532
528
531
523
529
527
532
540
544
551
569
577
574
580
571
563
566
558
550
547
545
538
530
530
526
524
528
529
529
527
527
521
521
525
525
522
522
533
538
540
545
545
535
544
545
536
534
532
530
523
516
521
520
519
526
541
546
549
566
558
547
542
549
540
534
535
536
541
535
530
526
528
518
514
513
510
507
503
501
499
496
494
496
492
491
488
486
487
485
490
490
497
502
513
504
500
499
499
496
494
488
487
492
494
503
503
503
511
520
543
551
554
543
530
523
521
517
511
509
503
503
510
533
550
555
564
571
579
617
641
653
639
622
604
575
558
555
539
537
573
590
571
561
620
661
652
613
599
559
550
534
526
515
511
510
519
532
559
579
598
602
611
582
563
546
535
532
534
534
532
542
547
567
616
657
667
681
672
630
607
578
581
571
552
533
553
553
561
556
550
543
539
538
535
536
533
542
543
555
555
555
552
545
527
533
527
526
520
521
518
521
526
537
537
529
520
522
531
541
539
536
534
534
523
520
518
520
521
526
521
539
547
536
529
519
515
512
516
514
519
530
550
573
626
647
619
575
560
545
540
542
553
555
581
605
637
626
617
592
558
537
527
523
526
524
520
1049
524
531
534
523
521
527
513
516
523
527
526
526
539
545
547
537
534
540
603
588
569
550
536
528
520
518
511
513
514
512
521
525
532
532
527
519
514
511
508
504
503
498
496
508
505
515
534
571
662
630
666
646
684
658
631
607
580
566
562
563
575
603
600
592
575
559
550
536
538
544
537
537
534
536
534
530
529
529
533
535
530
527
545
541
540
531
520
512
508
503
502
504
513
529
567
591
646
674
661
654
642
615
595
592
594
590
569
557
566
582
570
570
562
555
548
551
552
546
542
541
529
523
528
529
524
514
516
512
520
521
522
531
534
531
536
546
545
556
557
571
559
559
555
542
540
531
526
521
517
514
509
503
509
510
528
564
618
643
631
637
683
651
647
614
580
564
552
540
543
550
559
558
556
567
586
581
603
652
670
636
616
604
607
591
581
579
595
603
611
629
644
635
617
611
604
594
590
586
583
567
559
554
541
533
524
521
526
535
545
565
599
649
720
759
734
721
684
660
634
621
604
592
581
574
571
581
602
635
630
616
589
576
557
558
552
558
563
580
593
615
680
696
707
690
643
614
597
588
580
574
569
563
555
552
554
552
558
560
589
580
585
575
569
558
551
545
543
537
529
529
532
538
539
563
609
635
637
618
613
601
593
577
559
545
576
580
563
561
553
548
550
556
563
582
604
620
639
644
632
610
583
575
555
546
540
531
525
523
522
519
518
515
514
511
512
511
508
511
509
516
509
514
515
520
533
541
537
531
528
525
523
524
527
527
537
545
554
563
564
563
573
568
561
557
546
540
534
532
530
529
526
528
537
542
557
592
626
666
682
661
644
605
587
570
560
546
546
542
547
560
578
590
604
616
632
634
619
608
600
590
570
558
553
544
535
533
529
528
527
527
526
529
534
536
535
537
531
538
540
548
554
555
551
547
540
544
545
550
559
566
570
581
578
575
574
567
571
570
569
565
560
555
546
547
554
561
564
574
579
580
574
574
563
560
546
538
536
531
535
540
548
557
570
577
585
586
585
587
577
570
565
565
562
560
555
547
544
546
548
556
556
568
570
568
567
561
558
563
575
571
565
557
556
546
545
550
557
566
571
576
590
612
617
605
592
594
598
598
594
591
595
596
598
604
612
612
603
597
593
595
587
588
586
581
583
579
574
572
568
568
571
563
560
560
553
544
546
536
540
539
552
553
547
553
549
548
545
540
534
529
529
523
521
522
521
516
515
510
510
505
501
495
494
491
490
491
497
498
510
520
551
570
631
688
695
646
623
609
595
579
563
558
551
526
522
519
521
563
561
550
544
539
537
526
522
518
516
515
516
516
517
518
520
521
518
516
519
509
513
512
509
503
506
512
524
534
538
540
537
553
563
580
576
571
562
564
563
549
542
541
534
529
528
530
531
530
527
524
521
519
518
516
515
526
542
553
549
547
551
557
544
538
532
525
521
516
509
505
504
506
515
529
538
547
546
546
555
551
557
543
549
550
545
546
547
540
545
542
539
542
535
525
531
525
527
530
528
522
523
521
574
479
539
540
544
538
529
521
518
521
522
520
521
521
530
532
529
520
520
523
533
539
552
580
617
658
642
627
623
602
585
582
578
564
554
540
751
826
522
521
529
545
560
560
556
549
543
540
534
524
519
516
513
513
507
506
504
504
502
498
496
492
494
494
495
500
504
503
508
511
519
518
533
554
564
578
567
555
548
543
537
541
542
546
553
550
543
534
525
523
518
516
512
510
509
513
521
539
560
597
604
610
600
589
573
574
574
572
564
558
551
560
551
554
550
560
560
561
547
554
541
544
546
554
565
563
562
567
552
547
550
548
550
547
543
545
578
589
597
587
566
557
550
561
566
561
557
562
584
602
596
627
645
672
670
637
628
624
595
574
552
561
548
541
536
536
536
537
540
536
530
525
526
521
521
522
523
527
533
545
564
567
566
558
553
550
554
554
553
545
552
554
563
570
576
570
571
568
560
547
552
560
558
544
547
574
575
573
560
561
548
544
540
543
556
572
585
592
591
590
585
568
564
559
557
545
545
543
547
546
557
561
600
626
650
629
628
623
608
593
580
565
561
551
543
550
550
543
538
544
547
562
574
585
593
605
608
586
579
568
570
566
564
558
547
546
542
549
546
546
546
563
579
576
565
561
561
563
555
550
538
537
534
534
536
535
540
561
576
579
588
603
601
591
574
561
550
540
534
532
533
545
550
549
541
542
534
528
526
523
525
527
543
563
559
575
590
640
643
655
666
646
626
604
583
573
573
556
552
541
529
524
524
521
516
521
523
531
553
594
606
633
640
653
726
710
699
660
655
622
634
617
613
618
607
593
594
583
589
596
583
570
553
554
553
539
543
545
543
555
563
561
560
564
554
557
550
551
536
527
524
518
519
516
522
531
543
570
595
598
596
612
585
592
584
591
572
574
569
570
556
556
548
547
542
531
527
531
529
529
531
535
537
532
534
530
518
518
510
504
498
496
492
487
481
484
487
489
486
485
497
513
545
555
572
576
578
585
591
583
585
564
555
549
545
534
534
534
540
536
544
546
554
559
557
561
553
545
546
536
529
526
521
526
524
529
528
537
542
538
534
537
546
547
541
540
539
533
531
530
531
527
529
543
545
549
555
549
548
530
525
524
522
521
524
523
528
529
528
527
525
529
532
530
535
540
539
538
542
547
548
548
552
547
546
557
557
548
556
549
544
547
543
544
542
550
545
554
561
561
563
555
557
553
548
545
544
540
534
531
530
532
532
534
536
543
561
575
596
594
587
567
561
546
542
536
537
539
533
529
530
530
530
531
537
543
546
552
553
562
560
553
554
555
547
550
556
554
545
542
535
529
526
523
525
536
552
571
606
631
630
654
626
630
610
594
583
567
562
562
555
558
557
558
556
554
569
574
568
560
545
542
537
529
527
528
525
524
529
530
549
575
591
576
570
553
541
528
521
519
521
528
532
533
542
549
544
548
563
575
565
560
562
563
564
558
544
535
526
525
521
521
523
539
545
564
564
597
618
629
604
600
587
577
580
574
563
557
545
547
535
530
528
522
521
546
577
566
550
543
530
521
514
510
509
518
528
546
560
570
584
584
566
580
575
575
559
556
554
551
547
544
543
543
543
547
544
537
551
553
571
580
638
649
647
649
673
640
678
645
642
618
607
611
600
589
603
598
591
594
583
578
575
572
563
552
554
561
549
537
537
533
538
545
551
543
539
557
567
584
564
567
582
585
586
596
580
569
573
563
551
568
578
582
576
564
563
572
570
577
586
575
570
581
580
567
558
576
578
571
557
566
566
553
545
537
534
532
547
556
560
575
596
594
591
606
600
584
570
560
561
562
561
556
563
573
572
563
554
550
548
559
557
558
554
575
595
596
593
583
580
572
571
565
562
558
554
539
549
556
560
565
571
592
589
588
587
592
576
572
574
570
565
561
566
563
575
569
565
577
577
567
565
586
581
578
576
573
563
559
562
562
561
557
557
562
560
557
551
544
534
537
539
539
563
577
627
668
696
716
718
703
678
642
632
618
600
604
592
595
583
593
588
580
575
576
565
569
565
558
555
552
545
544
539
539
535
528
528
517
514
520
517
519
519
519
517
518
526
521
517
516
523
528
524
521
523
518
524
528
535
537
536
536
540
542
544
546
539
541
539
530
523
516
510
504
502
496
494
494
500
512
529
521
526
590
590
597
668
686
633
604
588
572
558
546
539
544
535
532
531
530
545
546
532
529
525
533
528
521
520
516
514
510
516
520
521
521
531
557
574
583
592
592
596
583
600
597
579
575
573
562
553
544
538
551
542
539
538
544
545
549
536
529
528
538
546
557
580
638
679
673
655
617
604
580
570
571
570
565
566
571
563
576
567
551
544
542
532
522
520
516
515
521
536
570
594
604
595
576
565
560
562
553
560
646
689
695
663
626
586
573
568
568
577
590
591
610
608
575
559
548
536
527
528
524
537
556
570
590
602
627
621
614
619
569
553
549
561
585
626
656
711
713
703
687
654
624
582
580
590
644
700
767
738
764
737
680
643
612
586
572
572
591
638
821
819
804
761
719
671
659
631
623
615
583
565
549
558
552
541
535
521
519
510
517
515
508
504
499
497
508
507
510
516
531
542
552
572
614
622
625
629
601
596
582
584
565
554
552
549
538
530
528
540
540
533
528
529
535
544
546
548
545
537
529
521
520
516
512
507
504
502
499
501
505
512
520
522
521
524
532
526
528
524
521
515
511
507
504
505
495
495
501
507
528
574
588
572
555
544
551
549
539
531
535
538
531
527
526
532
543
545
547
552
538
537
543
569
564
561
557
561
561
571
569
559
549
536
523
521
528
558
561
567
581
573
565
567
563
567
570
561
564
568
590
592
589
585
582
581
561
554
550
552
560
560
563
571
566
554
543
534
525
519
513
513
514
521
530
550
552
551
546
566
561
568
564
560
554
544
544
545
550
555
550
547
537
535
535
538
546
553
542
546
553
564
564
567
574
568
567
563
550
539
543
536
533
529
529
526
526
531
531
546
548
560
573
591
508
716
678
728
706
672
655
631
608
599
581
573
571
575
486
745
629
678
703
685
663
642
626
612
590
595
589
578
570
581
608
627
650
604
605
593
607
645
673
676
670
650
646
642
635
636
630
651
634
613
610
611
604
617
639
657
685
703
669
679
643
661
670
652
652
650
676
657
641
632
646
626
612
615
608
597
596
591
593
594
596
602
609
608
616
615
613
608
632
638
631
623
612
608
609
614
604
601
594
598
612
599
597
599
608
604
610
603
600
599
598
595
608
602
600
590
586
579
587
602
598
601
600
604
608
608
617
613
604
595
591
587
595
598
586
587
583
594
589
592
580
574
572
577
584
592
604
606
604
603
605
604
602
595
588
578
589
593
600
597
607
623
632
624
608
595
577
568
570
569
569
574
602
640
630
650
634
664
670
633
598
923
681
606
577
567
576
593
595
620
620
645
644
630
631
623
612
605
601
597
591
582
575
582
600
623
627
629
602
592
577
568
565
566
584
617
621
627
610
612
638
638
629
609
587
575
563
552
541
533
528
531
548
609
875
909
877
801
760
748
763
753
728
713
685
646
620
605
585
590
619
633
636
616
625
633
670
678
671
686
698
692
682
663
647
634
626
626
611
609
602
627
652
645
653
678
677
666
662
634
608
590
575
570
569
568
567
588
613
649
688
662
642
624
642
666
670
663
658
647
648
652
655
660
640
621
595
589
595
649
659
646
623
587
578
562
558
558
563
571
607
663
740
758
713
735
792
817
713
686
673
668
688
671
649
645
637
640
646
647
643
640
646
636
617
599
606
623
630
622
616
609
596
601
610
620
615
608
603
596
591
580
578
567
563
555
549
544
541
548
558
623
1116
835
748
725
732
734
717
721
715
699
690
674
672
654
649
633
614
623
641
661
658
648
660
673
676
656
638
622
625
636
633
631
624
621
605
599
583
585
587
585
600
610
619
620
623
629
624
620
615
602
594
590
596
600
598
600
602
601
604
615
611
608
615
622
626
619
612
604
600
597
592
581
572
563
564
569
589
590
582
576
585
604
605
596
593
599
629
656
683
681
666
662
647
614
627
686
754
758
719
691
671
652
640
643
634
626
638
673
697
678
664
653
669
701
687
667
674
683
685
663
654
657
669
655
647
645
656
685
675
661
666
659
646
634
638
656
656
646
658
674
688
663
653
640
636
638
641
633
628
632
649
652
644
635
630
626
640
641
611
609
610
609
614
612
595
598
607
630
653
652
647
657
641
623
614
609
602
591
577
570
1075
783
723
677
664
663
662
675
682
664
647
650
670
686
678
662
652
671
683
664
650
646
668
697
688
680
699
705
691
670
661
677
696
682
644
615
606
606
625
662
691
690
676
723
763
721
670
654
646
660
665
639
651
654
651
661
646
628
624
621
634
654
656
647
645
664
664
649
638
642
646
652
642
641
640
653
662
669
657
652
669
656
626
610
602
583
578
570
575
584
610
648
647
671
694
700
680
667
644
647
656
644
639
639
657
666
646
636
633
611
590
581
569
552
544
530
534
527
523
520
517
515
512
510
509
504
501
500
495
494
488
485
482
482
480
480
481
485
490
489
491
494
504
500
506
507
512
513
509
514
519
513
509
506
503
500
498
499
502
502
504
509
513
512
524
525
529
524
530
539
535
523
521
517
512
502
499
497
498
507
549
677
713
787
771
699
656
605
569
548
531
519
509
502
501
495
495
497
518
539
544
538
553
568
563
567
592
589
585
561
558
554
555
546
535
539
542
534
529
524
524
520
514
510
505
503
504
503
506
499
507
507
504
502
499
494
493
490
490
488
485
484
481
482
482
484
492
505
556
660
771
795
757
705
642
603
568
553
543
546
551
561
571
584
585
583
570
573
577
567
553
543
532
526
524
525
537
550
568
589
589
598
600
582
568
558
552
542
542
537
537
543
562
572
580
604
612
578
568
552
538
530
522
520
521
531
553
591
649
695
725
716
677
619
574
551
535
521
510
505
505
521
559
640
627
634
706
738
810
859
797
716
680
641
600
569
554
544
536
530
525
539
546
537
533
554
662
617
586
578
549
538
537
534
531
528
541
547
548
547
555
560
551
548
544
544
559
572
617
693
706
684
646
585
556
538
525
521
514
530
530
522
536
546
596
588
571
560
541
545
541
546
551
552
554
542
538
545
568
555
537
533
521
535
528
524
514
508
505
499
495
495
496
505
519
538
549
542
533
534
533
529
527
521
514
508
502
498
495
495
498
510
523
548
625
721
719
653
603
579
563
561
554
544
535
532
527
528
530
538
544
548
558
593
626
672
652
627
602
582
578
573
566
557
559
551
550
555
570
577
572
565
565
554
557
551
542
541
541
536
529
521
519
529
523
527
530
528
525
543
540
536
538
539
533
526
524
522
521
519
513
516
521
533
570
582
621
690
683
641
599
577
567
562
558
548
537
535
531
540
534
529
527
526
534
557
573
632
586
548
536
523
515
510
505
503
503
506
505
514
523
565
586
582
581
568
548
546
538
549
559
560
556
548
550
543
537
534
531
532
534
537
529
521
517
511
509
507
514
511
520
523
540
549
563
549
549
536
535
531
521
516
512
511
510
511
513
521
541
587
650
639
606
572
552
539
534
531
526
516
519
536
537
541
553
578
626
654
645
610
591
580
577
573
567
558
552
550
543
538
530
537
588
636
623
607
594
576
567
552
545
542
542
541
536
539
549
573
579
582
568
555
556
556
567
575
583
563
567
562
563
550
542
531
524
516
511
505
500
496
495
492
497
506
524
547
575
601
665
654
657
616
581
550
531
521
512
507
500
503
507
529
554
549
548
592
636
646
639
618
595
585
575
580
581
565
563
569
579
580
561
549
541
541
537
542
554
552
539
558
567
550
536
536
530
523
516
509
510
517
538
564
642
817
854
771
723
693
682
655
642
589
625
579
571
561
557
564
567
568
578
590
625
624
611
605
605
606
596
577
567
557
557
542
533
524
528
533
536
550
569
630
685
665
636
612
591
572
559
548
548
549
546
539
544
551
556
562
561
573
581
572
566
564
558
550
538
534
536
539
532
532
535
547
550
556
556
561
567
567
553
549
534
531
524
521
525
543
598
709
854
799
757
706
666
654
652
666
644
643
636
625
615
586
577
569
567
557
551
552
548
542
541
539
550
554
555
551
550
554
544
530
527
538
553
571
582
579
587
604
600
594
581
565
549
545
535
525
524
524
522
524
518
520
528
545
555
547
543
539
549
541
528
526
522
517
510
506
506
511
587
908
775
763
692
654
620
604
583
573
563
554
544
534
529
521
521
519
519
516
513
512
510
509
504
507
506
507
528
567
610
624
660
688
680
649
637
623
604
584
580
588
594
590
571
558
540
534
527
529
523
517
513
509
517
526
570
613
616
597
558
548
550
540
545
555
568
581
574
583
584
581
572
563
557
544
539
538
531
528
540
538
545
549
586
610
645
651
647
666
670
643
610
608
599
590
582
591
603
605
595
585
571
563
556
558
549
542
535
533
525
524
537
562
568
568
583
588
573
590
588
563
559
559
568
566
562
559
563
578
629
726
721
678
653
632
607
596
584
572
558
560
563
563
565
563
554
551
546
538
534
524
527
575
755
812
787
735
681
646
613
589
570
554
544
530
524
519
521
530
549
565
579
607
606
612
620
607
607
607
618
602
600
600
600
606
587
570
556
542
535
528
528
528
530
531
531
536
545
538
535
533
528
522
519
517
509
502
501
498
493
500
505
518
555
604
634
618
636
616
651
632
688
684
662
642
623
620
608
592
570
558
549
539
535
533
580
613
646
610
613
621
609
588
587
596
596
608
587
576
567
571
568
554
563
555
550
545
540
539
533
532
539
554
572
594
584
591
597
582
565
550
547
544
543
557
557
560
564
569
577
580
577
562
575
568
563
556
543
539
536
532
532
524
527
524
528
535
548
563
587
580
572
598
645
631
620
585
562
577
571
567
557
553
562
563
567
556
559
564
563
558
550
554
548
548
538
545
547
552
543
545
543
547
555
564
578
601
643
691
686
672
636
608
588
572
576
575
566
562
553
554
557
559
558
557
562
568
582
598
622
614
622
619
623
600
584
569
554
543
539
537
544
533
540
551
543
550
562
554
552
549
549
535
532
525
523
524
520
515
511
506
501
497
495
492
489
487
495
514
569
592
677
771
787
709
688
675
668
646
608
610
580
573
561
549
542
544
552
565
579
598
590
586
583
563
557
544
531
526
523
520
524
537
537
541
548
565
569
560
565
573
565
550
555
553
538
533
539
537
538
540
557
561
561
563
559
553
547
547
543
542
536
529
527
532
536
535
533
531
546
556
571
568
563
569
577
561
550
539
530
544
545
551
547
545
546
543
549
551
559
567
585
584
559
562
556
551
545
537
531
539
540
549
565
576
592
647
619
628
634
622
615
604
599
625
626
599
592
577
601
575
561
558
557
562
569
576
579
588
607
617
626
618
610
588
577
565
567
563
556
546
540
549
553
554
556
550
542
535
527
525
527
539
560
574
578
598
634
639
662
658
680
668
646
617
589
579
568
563
558
552
543
532
521
518
513
505
500
495
492
489
489
489
490
505
543
584
591
598
603
594
597
594
597
576
559
541
533
528
532
541
559
565
561
558
565
571
570
556
556
559
563
552
555
569
578
577
580
593
598
583
566
566
563
564
551
549
550
555
559
554
559
571
593
597
593
572
553
536
536
552
564
563
559
557
560
558
560
559
558
560
568
579
577
576
579
579
565
563
560
559
555
543
532
530
532
527
520
522
528
531
526
527
530
528
527
542
539
533
525
523
521
521
517
520
519
521
524
518
515
513
516
520
517
510
506
508
505
504
502
507
508
505
508
508
511
509
519
523
525
535
531
532
538
540
539
539
534
531
531
521
521
519
511
504
506
504
505
503
506
511
514
513
509
509
519
522
524
521
523
519
521
521
523
520
524
525
519
522
527
519
522
523
516
517
518
516
511
505
508
507
506
507
509
514
514
508
515
522
524
523
524
524
520
518
516
514
508
509
508
507
505
507
506
506
509
514
510
504
509
511
512
519
522
519
521
521
515
510
513
510
507
507
509
507
506
512
512
519
516
515
516
519
513
510
514
509
507
509
506
512
511
512
508
502
505
500
503
503
504
511
512
521
521
526
538
554
555
563
567
576
563
563
561
556
547
545
543
531
535
536
530
537
541
536
550
562
555
571
570
565
565
567
563
557
542
550
546
540
539
541
541
544
553
549
552
555
549
556
544
553
552
560
563
560
562
559
551
551
545
538
538
533
531
532
530
533
537
526
532
535
530
534
538
535
525
524
516
521
520
522
521
520
519
519
516
521
526
536
555
559
571
595
610
606
629
615
591
583
571
567
558
548
544
537
537
539
546
540
540
541
549
544
540
538
533
529
529
525
524
528
533
540
537
535
534
539
534
527
524
525
524
525
531
532
530
531
540
535
534
543
545
541
533
528
528
526
529
525
522
524
519
526
522
524
527
532
532
541
539
546
557
553
560
558
550
542
537
541
535
538
537
532
527
521
528
526
525
526
528
528
530
538
535
541
542
541
542
536
540
538
534
529
527
524
524
528
535
532
547
556
556
552
548
552
548
551
545
540
542
548
535
539
544
535
538
542
543
534
530
518
511
507
510
510
517
523
520
521
536
542
543
545
557
553
553
556
544
542
538
539
525
528
529
527
527
530
527
529
525
531
534
542
544
545
540
528
525
517
520
521
517
519
526
522
520
519
523
521
522
526
536
531
539
544
545
544
550
564
552
559
553
553
556
541
540
536
526
528
528
526
526
531
537
536
537
540
549
542
539
543
555
560
544
538
535
535
526
525
531
526
533
538
536
539
549
551
559
565
562
576
571
557
553
553
542
538
537
532
522
525
521
518
524
526
533
536
537
541
552
547
550
554
551
559
558
555
550
548
548
536
535
535
531
525
526
531
526
531
536
532
532
529
529
535
542
541
547
548
544
547
544
533
531
522
515
509
513
522
536
532
524
519
513
515
515
519
519
518
515
519
513
508
506
503
501
502
504
506
508
515
532
530
550
550
555
548
534
521
513
509
502
495
493
492
489
493
500
512
523
527
549
581
606
621
665
662
646
652
619
604
604
594
576
553
573
570
557
554
558
549
536
532
534
532
523
522
529
533
537
552
567
579
597
602
593
589
585
574
556
567
561
555
542
551
536
534
531
538
532
525
521
521
517
514
507
506
503
508
519
532
534
540
545
546
534
529
521
518
514
519
522
521
530
558
576
630
618
650
650
645
622
609
598
578
559
574
565
558
551
557
541
537
527
531
528
517
514
511
512
518
542
544
596
626
633
664
679
632
627
621
591
565
549
534
522
516
512
504
502
500
504
512
516
528
547
568
648
724
685
649
631
620
595
598
584
572
557
564
569
567
548
544
536
526
521
527
523
522
521
516
511
508
507
511
513
518
521
534
544
547
546
542
534
527
527
530
535
544
548
535
535
546
619
620
579
557
533
524
522
521
517
505
500
500
492
489
488
488
488
496
513
549
577
615
611
603
581
589
574
561
540
521
516
514
504
499
495
493
496
502
510
531
564
674
739
771
736
690
660
590
591
556
542
523
515
510
510
512
506
507
520
540
622
688
641
622
602
598
612
611
607
600
580
575
556
541
521
513
505
506
504
502
503
501
502
508
529
570
655
725
706
635
603
574
566
569
577
585
586
564
578
579
563
546
542
543
534
525
519
509
509
505
520
534
596
656
648
650
625
641
630
628
604
584
576
571
562
565
566
562
550
547
548
549
545
544
539
536
536
558
577
568
553
546
571
555
554
538
541
535
530
527
526
523
519
523
528
533
536
525
517
513
509
516
510
523
521
519
527
526
530
531
536
545
556
571
577
567
559
545
537
534
530
515
520
524
529
542
548
561
562
556
567
572
580
566
554
542
553
568
553
548
544
536
556
558
563
549
536
524
514
511
506
506
509
521
525
536
566
554
579
574
596
595
575
556
539
524
514
505
501
495
493
498
515
550
652
811
833
774
737
707
654
656
643
588
606
577
565
563
553
535
529
523
526
531
540
541
539
552
582
605
597
605
596
627
619
602
580
575
584
589
606
625
644
643
604
598
585
580
573
569
545
543
537
552
560
548
546
551
589
640
666
679
692
676
660
604
613
592
591
583
571
556
548
550
547
545
539
537
537
541
551
563
572
572
573
592
592
599
597
586
571
557
560
555
544
536
549
545
553
548
547
569
568
564
560
550
541
537
532
538
537
531
526
523
521
533
536
560
577
581
582
590
597
606
595
581
563
542
529
520
518
512
509
512
511
519
528
548
563
564
553
537
526
521
517
516
517
516
521
524
523
531
558
602
622
657
664
645
604
573
554
535
523
515
509
509
511
521
551
630
857
845
791
724
675
669
648
621
604
581
577
559
559
553
555
553
548
557
592
660
821
836
734
666
646
622
608
590
574
566
553
548
541
550
565
580
600
590
582
577
575
604
640
697
714
679
680
657
631
611
584
570
554
545
546
559
572
587
588
589
589
590
601
595
585
574
564
563
561
593
594
590
580
566
557
548
541
544
559
637
943
844
776
714
689
655
605
601
569
553
542
531
524
522
525
538
565
588
586
610
646
651
647
638
626
603
591
576
572
579
587
584
567
563
552
544
552
556
562
565
589
613
619
601
576
562
549
533
524
521
521
535
588
808
939
805
782
733
723
754
733
691
661
642
626
617
596
580
564
553
543
537
535
551
587
652
697
709
690
655
616
587
567
551
542
529
526
528
541
558
560
586
637
661
627
618
602
588
575
561
571
586
590
589
586
584
595
594
587
579
566
557
550
543
545
561
642
738
732
741
756
710
688
655
628
617
606
599
584
576
565
562
557
559
570
593
604
617
643
654
620
595
596
617
613
598
591
579
567
558
549
545
538
534
540
550
560
580
594
605
600
608
601
600
580
572
569
579
563
571
590
572
573
578
572
569
577
561
554
561
563
549
541
527
524
517
512
510
506
507
503
507
507
521
551
614
653
632
646
667
646
610
599
583
567
553
539
535
533
531
528
529
525
532
534
549
559
565
573
568
557
548
539
545
543
533
529
524
543
547
541
546
545
552
558
554
547
542
536
532
534
533
530
540
542
587
597
611
607
594
628
607
596
574
563
552
542
540
547
548
539
530
525
532
532
533
529
527
525
533
539
542
543
539
536
546
557
589
608
597
602
624
622
612
592
580
569
559
548
539
534
527
521
517
515
519
532
548
564
606
579
639
645
638
603
584
587
587
565
562
557
562
563
563
561
562
578
581
580
566
566
567
559
546
541
534
525
521
515
521
534
551
599
638
647
663
659
644
611
604
596
590
588
577
571
600
594
566
554
572
689
651
634
611
590
570
558
551
541
537
540
540
550
558
584
584
586
571
561
561
570
565
558
552
553
549
546
535
534
538
544
553
560
552
551
561
570
560
564
581
588
576
572
580
566
563
563
561
547
544
543
535
531
531
532
536
539
555
568
597
613
611
620
616
593
578
585
574
564
562
562
540
542
539
535
534
537
543
563
573
586
604
604
605
620
633
604
606
604
589
591
581
570
564
561
558
551
546
549
554
555
560
551
554
558
560
567
548
557
564
565
567
554
554
557
557
545
540
535
541
547
550
551
546
545
548
549
549
548
545
550
545
539
534
531
535
543
550
556
561
582
567
563
571
557
549
534
523
520
513
510
502
499
500
504
507
515
531
551
624
652
644
620
622
588
576
557
543
543
549
550
547
544
542
541
555
565
564
558
552
572
583
589
577
557
549
541
532
522
527
529
539
548
557
562
618
633
617
592
574
579
574
579
559
558
554
554
558
550
547
543
551
583
614
647
637
624
605
577
568
551
544
545
544
535
540
570
729
729
686
646
607
578
564
559
547
551
556
569
594
613
637
636
646
649
645
618
610
610
601
581
569
572
574
563
561
565
563
558
558
570
588
583
567
565
575
576
573
568
573
577
575
572
565
565
574
576
570
563
562
576
568
569
553
552
554
560
551
551
555
569
589
572
579
601
624
617
611
594
584
579
580
578
564
561
560
564
563
555
550
562
563
571
558
557
560
561
556
549
550
554
555
548
550
556
567
573
562
556
561
562
556
551
544
541
532
535
536
542
545
541
541
546
556
578
579
589
591
574
569
577
555
550
550
538
533
533
525
524
521
531
528
523
521
520
515
509
507
507
511
516
537
562
600
656
631
606
599
597
610
586
563
557
550
536
533
527
520
512
515
514
520
520
521
516
511
514
520
523
535
550
586
630
630
616
586
571
569
552
556
559
555
550
554
560
549
554
558
551
544
535
546
547
538
528
528
536
544
565
561
600
637
698
722
688
648
636
623
599
600
597
599
593
585
583
584
576
571
566
579
568
562
574
572
559
549
553
549
543
533
527
533
534
532
533
547
558
557
560
564
572
568
572
573
572
566
564
549
546
556
558
563
555
556
558
577
584
622
641
627
598
585
580
578
572
562
564
559
551
543
534
526
521
517
516
518
527
543
559
578
582
583
574
577
563
559
560
567
563
552
539
533
529
535
528
539
556
605
615
631
636
621
608
604
578
559
543
530
523
520
511
506
507
510
521
536
572
599
665
751
721
675
648
612
594
594
594
570
553
549
545
532
535
540
565
607
617
629
732
753
700
688
659
641
604
589
586
581
568
561
564
568
564
553
541
541
538
533
527
529
534
538
545
548
566
572
568
559
563
565
563
552
546
543
547
552
552
554
558
577
596
588
598
617
624
615
587
568
571
560
544
532
530
543
574
577
568
588
586
589
583
575
566
563
554
567
586
602
604
604
589
578
577
575
574
566
574
574
568
563
569
568
571
576
568
560
554
551
552
538
537
544
552
567
590
622
638
646
646
616
605
591
578
564
552
548
553
554
565
596
620
639
650
662
651
639
622
617
607
596
586
574
568
563
555
560
546
546
538
539
558
587
584
631
724
726
733
699
663
629
610
592
580
568
557
546
546
549
546
555
581
598
605
614
625
615
608
602
603
590
580
563
554
548
550
552
558
561
557
567
586
597
597
619
631
632
611
593
591
570
560
553
558
560
563
557
560
567
595
628
646
618
613
605
602
586
575
554
547
548
550
555
547
542
547
544
540
534
531
533
532
546
555
592
624
643
646
629
618
612
609
619
608
593
586
585
591
586
577
573
579
569
567
566
563
556
563
561
569
565
568
573
570
575
580
574
566
569
560
552
547
533
531
527
529
534
547
563
597
633
638
646
665
666
648
637
628
621
596
584
576
575
569
562
565
570
574
574
569
563
558
561
567
572
575
589
603
627
611
608
618
612
604
593
572
565
559
548
538
539
535
539
543
555
582
602
614
627
636
631
615
596
573
559
548
554
547
550
547
562
574
584
577
563
562
570
571
567
558
563
572
580
581
581
593
603
602
592
579
572
572
572
567
560
558
570
574
573
574
585
588
591
596
614
608
600
593
592
593
582
570
563
561
559
549
547
542
549
561
571
577
584
602
603
595
580
578
563
558
549
530
532
530
544
561
576
604
677
760
762
696
674
659
645
622
618
616
599
606
601
590
590
587
580
577
581
582
568
562
563
557
553
558
563
560
562
569
578
586
575
568
565
568
565
561
565
570
568
570
581
581
573
566
562
563
565
561
561
574
597
607
609
619
629
611
603
596
591
590
578
567
562
558
563
569
569
567
566
582
592
591
587
586
588
580
572
570
571
566
562
572
578
578
585
587
596
588
575
571
567
547
554
551
544
563
582
649
723
705
686
673
647
631
623
610
583
575
567
561
551
544
541
528
530
536
551
570
587
576
557
563
626
623
629
613
595
578
566
556
544
542
546
554
576
587
595
599
608
636
634
621
613
608
607
587
585
576
577
575
564
570
572
584
594
594
594
600
605
588
583
590
581
580
579
577
576
571
582
583
573
570
567
564
558
545
545
540
546
545
557
573
610
643
649
641
622
608
589
567
561
553
553
555
558
554
561
572
607
631
632
635
624
604
573
563
554
546
539
535
532
529
538
540
541
540
534
531
529
528
526
532
533
549
565
578
599
610
599
599
599
591
575
571
564
557
547
538
532
525
521
521
524
529
521
526
542
553
554
554
564
580
600
631
674
667
635
631
625
628
612
594
583
586
582
585
578
596
602
599
607
592
623
590
582
576
586
576
607
577
565
579
576
580
577
572
580
576
580
586
584
573
571
567
556
550
545
551
548
541
558
564
602
616
698
728
724
699
705
691
663
658
646
634
631
613
599
592
592
595
586
590
586
574
563
556
546
545
551
599
681
762
819
809
784
737
720
693
675
657
633
592
594
572
566
563
572
605
902
973
789
750
729
713
679
649
638
621
610
598
598
612
625
621
628
633
645
630
626
619
606
591
573
570
567
574
574
579
585
605
624
624
608
591
585
580
587
590
590
576
571
566
573
569
558
548
547
544
549
552
559
570
574
584
609
628
627
664
665
646
609
580
568
592
606
579
567
558
555
544
538
534
534
534
537
539
545
549
556
561
567
576
592
591
590
588
579
559
554
548
543
542
539
552
558
583
605
648
699
724
722
688
677
659
646
627
604
595
585
579
574
563
557
563
565
574
571
582
578
575
575
569
556
552
538
543
543
554
579
593
651
689
700
692
676
654
631
605
589
583
581
575
563
558
550
549
549
545
562
571
597
628
645
648
653
640
624
609
604
597
583
576
578
563
560
553
544
544
546
541
535
538
539
545
548
551
550
542
546
551
559
557
563
565
584
594
584
591
584
575
584
581
587
578
572
565
565
559
553
553
555
547
550
551
558
552
552
554
575
584
587
578
562
561
563
564
561
552
552
553
558
553
551
548
546
548
545
550
561
579
575
563
563
580
579
577
563
559
554
558
563
559
568
581
574
571
568
563
563
566
561
557
562
562
561
563
563
560
564
571
560
573
562
571
554
561
562
555
549
550
542
535
534
535
525
528
523
519
516
521
524
529
534
547
560
581
568
586
587
588
582
580
588
578
577
578
576
580
573
567
560
558
546
541
538
540
537
531
531
535
534
531
537
534
533
533
534
538
533
542
551
549
543
551
550
541
543
541
536
541
537
536
536
541
542
532
538
534
530
532
534
539
535
541
543
550
539
544
543
544
540
539
543
544
534
544
542
542
549
556
560
563
573
568
564
569
554
558
553
542
546
541
538
537
542
541
544
542
542
537
537
542
543
546
538
546
550
553
545
551
554
559
552
555
557
554
543
543
545
535
545
554
558
576
596
585
589
589
579
561
562
551
541
543
538
533
538
534
530
541
539
547
558
562
565
570
566
561
560
553
548
544
547
545
538
541
547
548
557
565
568
561
567
567
566
560
562
563
559
553
561
556
549
552
556
557
550
563
566
561
563
573
579
578
589
582
573
566
563
564
554
556
553
555
558
545
552
546
545
543
557
561
561
563
576
568
576
577
576
573
581
571
570
570
576
561
558
558
547
546
551
543
551
559
556
564
573
586
576
585
584
571
571
566
557
552
546
550
546
545
553
547
556
566
578
584
599
599
605
613
605
583
577
569
560
558
560
554
560
563
562
559
561
564
582
569
582
585
585
572
574
564
564
553
552
546
544
548
554
550
551
553
560
567
562
577
590
593
612
606
582
581
579
568
561
563
556
554
550
551
544
545
544
548
545
542
532
530
534
541
550
559
563
560
561
553
547
538
545
540
540
546
551
552
563
572
576
590
583
582
588
573
576
575
572
561
556
559
547
546
546
542
540
548
555
556
559
554
551
551
555
552
552
552
548
547
549
544
545
548
552
548
552
555
549
550
554
551
553
558
561
560
558
560
552
550
547
546
546
549
546
553
562
575
582
583
598
596
587
575
576
574
564
567
566
553
563
551
556
564
566
560
563
565
559
556
559
562
557
555
557
561
548
552
547
555
554
553
556
561
565
558
561
563
559
550
544
545
550
552
545
546
554
561
558
559
566
560
557
556
550
558
563
563
561
565
573
567
580
581
582
569
564
563
564
560
551
546
551
554
547
550
560
557
570
586
599
589
592
594
588
578
578
579
574
557
555
553
555
553
549
544
548
556
553
567
569
580
565
581
576
572
576
580
567
563
563
556
555
549
551
554
552
553
556
547
549
553
549
543
545
543
538
533
535
537
538
540
539
553
551
544
554
563
547
548
544
542
549
547
544
547
550
551
556
553
553
560
573
563
563
562
558
563
547
545
539
531
532
533
532
533
537
545
558
566
596
618
608
630
616
600
581
569
561
555
559
552
551
552
555
548
545
555
551
551
557
551
553
562
548
555
557
549
556
556
546
549
554
553
547
546
536
542
545
542
545
549
538
536
534
536
530
523
524
525
524
519
524
530
532
537
552
588
600
608
606
590
585
592
585
576
563
567
560
552
565
569
561
554
559
551
538
542
538
531
537
531
529
534
531
533
541
544
545
552
551
538
524
530
536
548
543
541
532
534
523
523
520
523
523
523
520
519
518
522
529
537
535
538
551
555
550
556
570
583
578
588
587
575
573
568
556
556
547
546
543
544
538
533
529
532
540
547
567
560
564
569
562
568
569
568
559
560
564
560
544
546
550
548
548
550
555
547
552
560
563
561
554
553
568
565
563
562
570
557
556
559
551
552
547
540
540
542
539
538
538
536
540
535
542
549
548
555
569
559
565
568
567
560
558
557
549
541
539
539
539
538
542
539
551
558
555
564
566
572
563
567
563
556
555
559
550
549
547
544
536
538
538
539
535
533
543
541
533
533
540
534
531
536
538
532
538
542
539
543
539
547
535
536
534
531
533
524
536
540
543
537
529
524
525
523
521
523
536
551
563
596
607
629
621
616
604
601
604
602
590
588
589
584
577
578
577
563
569
564
558
555
560
565
571
562
563
572
570
581
586
566
558
565
570
568
562
547
541
545
539
534
541
543
549
565
609
646
642
641
651
665
640
656
652
634
633
607
618
604
595
579
576
579
584
576
563
566
574
570
568
573
570
563
569
571
568
580
571
572
568
564
564
560
562
549
534
536
530
526
523
519
525
537
568
602
607
597
577
559
550
554
555
542
537
542
549
554
558
547
546
541
537
536
545
550
552
553
572
589
578
575
559
551
539
537
533
543
567
597
604
611
656
673
665
657
650
654
645
613
597
583
557
549
543
536
550
596
647
660
719
727
683
663
643
645
616
617
592
582
574
580
