536
530
526
521
519
519
528
539
549
552
555
556
555
562
560
552
544
537
530
524
523
526
551
567
571
573
565
556
547
537
529
522
520
520
523
526
531
533
532
533
532
533
532
528
521
517
512
513
514
513
514
513
512
509
506
505
505
504
501
497
494
493
491
488
489
491
496
506
524
539
540
538
533
526
521
519
517
515
512
509
506
502
504
512
523
541
549
553
553
558
560
560
557
550
542
530
523
515
510
510
513
512
512
513
510
507
505
500
497
494
496
500
502
503
503
503
505
508
507
507
510
510
509
507
502
501
498
498
499
499
500
502
501
499
501
500
502
508
523
536
541
542
539
537
537
531
525
525
530
533
535
535
532
527
523
518
517
514
514
513
516
517
518
520
524
529
543
545
545
540
539
532
532
537
538
543
543
544
537
536
530
525
524
520
521
521
521
519
513
509
501
497
495
495
494
494
495
498
502
504
507
506
504
502
500
497
497
505
507
509
509
504
502
497
495
491
487
485
485
488
494
507
530
539
571
604
594
572
554
543
530
515
502
493
486
482
479
475
473
468
465
461
464
464
463
464
463
463
462
463
462
461
464
465
467
467
467
467
465
465
464
464
464
464
465
465
462
462
460
460
462
464
465
465
463
463
461
460
458
455
452
455
464
467
469
473
478
478
481
479
478
475
475
470
466
465
469
471
472
473
473
472
471
467
467
465
463
464
467
474
476
476
480
479
483
482
481
480
484
486
485
486
489
487
484
484
483
482
483
484
483
482
477
488
520
574
587
576
557
543
530
520
510
498
492
491
490
489
488
485
482
483
483
479
480
485
492
495
496
493
487
482
477
472
470
472
471
471
468
467
463
459
456
454
454
455
456
455
456
455
453
453
453
454
455
459
460
461
461
461
457
457
456
452
448
446
443
438
438
436
435
434
435
435
434
434
434
434
435
435
436
433
436
434
433
433
433
433
434
434
433
433
430
429
428
427
428
427
428
431
430
431
429
428
428
427
428
430
434
438
437
438
438
441
442
453
463
472
478
476
476
479
487
505
509
514
509
513
503
496
485
481
470
470
466
467
466
469
467
470
466
466
465
463
463
465
463
460
461
461
465
467
465
466
465
462
458
454
458
463
462
461
462
460
459
457
457
456
461
464
470
476
478
476
476
476
476
479
479
480
480
477
471
468
467
467
467
466
467
466
462
459
459
458
456
456
453
452
447
444
442
440
438
434
434
432
428
429
429
428
426
425
425
425
424
422
421
423
424
423
425
425
425
425
428
438
467
521
552
564
554
544
534
528
517
509
504
492
484
475
466
460
454
451
449
446
443
442
442
438
436
435
433
433
432
427
429
430
432
434
434
438
439
439
441
440
440
440
439
439
439
438
438
440
442
440
439
439
438
437
438
438
439
443
445
448
449
451
452
452
451
450
447
445
445
445
444
443
442
440
439
436
432
428
427
424
424
424
424
425
423
423
423
424
424
428
428
431
433
433
436
441
449
454
459
459
460
459
457
455
454
452
449
449
446
446
442
440
438
437
437
437
436
436
434
433
431
428
427
426
427
426
427
425
426
427
426
424
424
425
426
428
429
431
432
432
436
438
440
442
441
442
441
438
436
434
432
430
430
430
430
429
430
428
427
426
424
423
423
423
423
423
422
421
420
420
419
418
419
420
420
421
422
424
424
426
427
429
429
430
432
433
432
432
432
431
433
433
433
436
435
435
434
433
430
426
430
434
438
438
435
435
435
433
432
427
423
421
421
425
433
445
462
480
503
515
524
589
589
557
572
589
602
605
550
533
533
534
553
548
532
517
513
507
496
490
484
479
474
465
461
456
452
452
447
444
444
441
440
440
437
437
436
436
433
436
435
435
433
434
435
431
432
432
431
431
430
430
429
428
428
427
428
426
426
426
426
426
425
423
422
421
419
420
422
422
423
425
427
425
426
429
435
442
454
468
483
494
500
505
502
496
491
487
487
481
477
476
469
467
467
466
463
459
458
454
456
455
452
450
450
449
450
447
444
443
441
440
445
451
454
452
451
454
452
451
451
446
445
443
442
441
439
439
438
434
432
432
433
433
435
438
438
438
441
438
438
438
436
437
438
438
440
440
440
444
446
449
455
459
463
465
467
468
471
480
488
495
494
495
491
489
484
480
475
470
468
477
483
477
476
474
471
467
463
458
453
449
442
440
439
438
439
439
441
442
442
442
444
445
446
448
449
452
453
453
452
454
453
454
454
456
454
455
456
458
461
467
471
477
479
477
477
479
480
485
487
489
486
485
485
485
485
483
482
478
476
474
472
471
470
474
477
481
489
495
498
497
495
493
490
492
498
503
507
505
501
496
489
483
479
476
472
469
468
463
456
452
451
448
448
447
446
445
439
439
440
439
439
439
441
443
445
446
446
446
445
443
441
441
440
438
437
437
437
437
436
436
436
437
437
438
438
439
440
439
440
441
442
442
444
445
446
444
445
445
446
446
445
446
445
444
441
446
444
444
447
448
448
448
448
447
446
449
449
448
453
454
456
457
457
454
455
454
457
454
455
460
459
462
465
465
465
464
457
457
465
479
492
523
536
529
518
511
499
486
479
474
472
470
469
467
466
463
460
456
455
451
448
447
444
443
444
443
442
440
442
441
442
444
447
449
449
452
453
454
453
454
454
452
451
450
448
445
444
442
439
438
445
454
460
459
458
456
454
451
448
446
444
440
438
438
440
442
440
441
441
442
439
438
438
442
440
441
445
451
461
483
500
513
519
519
520
521
532
527
520
508
504
502
510
511
511
507
503
497
489
480
480
479
481
483
487
484
486
486
490
492
490
495
496
489
489
487
484
485
485
484
481
476
475
472
467
466
466
462
463
463
460
459
459
462
465
469
472
470
471
479
492
522
611
725
697
680
646
607
579
554
536
520
508
492
487
484
482
480
483
481
480
479
479
474
474
471
473
471
470
467
467
465
464
462
462
466
464
468
468
472
472
472
470
473
473
473
479
483
488
493
496
492
493
492
490
489
485
480
477
479
482
479
475
473
470
470
467
463
463
466
468
468
470
473
476
478
474
471
469
467
469
475
477
479
482
482
484
484
480
477
474
469
464
463
459
453
455
456
453
453
456
458
466
472
478
484
487
487
490
494
500
501
498
498
498
497
498
503
515
531
546
563
581
585
583
580
567
555
540
527
513
499
492
483
478
475
472
472
474
470
471
468
463
463
465
462
468
469
472
469
469
472
472
475
478
481
482
483
480
481
479
478
477
476
474
471
466
466
464
461
462
462
463
464
462
463
463
461
461
459
460
460
462
461
460
460
460
459
462
461
458
463
460
461
460
459
463
467
471
473
476
479
480
487
487
487
488
487
483
481
479
476
475
475
475
477
478
478
478
479
476
473
472
473
476
476
479
479
480
482
489
492
496
495
493
502
506
536
568
591
596
592
584
575
566
562
560
551
545
539
530
522
515
504
493
486
480
477
475
472
468
463
459
457
455
453
452
450
447
445
442
440
439
439
440
440
441
443
444
444
445
446
447
447
447
448
449
451
450
450
451
453
453
454
456
456
457
456
458
458
458
458
459
459
461
460
461
461
458
459
472
484
483
490
503
526
565
562
571
590
592
578
591
586
574
561
549
538
531
523
520
513
506
501
495
490
485
479
472
468
463
461
459
458
457
453
450
448
447
447
446
446
442
445
446
446
452
462
481
494
507
509
510
507
509
502
495
488
485
481
480
478
478
476
473
470
467
463
459
461
459
458
457
456
455
453
453
450
448
447
449
448
451
457
458
462
462
465
466
467
464
461
459
461
457
460
460
456
462
460
458
457
459
459
457
460
459
459
461
463
466
465
468
467
470
468
471
473
474
475
479
481
486
484
488
486
486
482
483
480
478
479
479
479
478
476
476
474
474
473
473
474
469
475
473
473
476
475
479
482
482
483
482
476
473
471
469
467
465
463
461
457
452
452
451
451
450
451
450
450
449
447
445
447
446
446
447
448
448
448
449
450
451
448
447
447
448
448
445
446
451
449
448
449
454
459
459
466
468
466
468
464
464
465
467
472
477
476
475
472
472
472
470
470
470
474
476
469
469
470
468
468
468
468
470
468
467
471
473
477
476
479
479
479
479
479
481
479
480
483
478
479
478
477
473
476
473
476
477
478
480
477
478
479
475
477
476
475
478
473
472
467
466
462
464
466
468
466
466
460
461
481
522
579
696
631
591
563
543
527
513
500
489
481
475
470
466
459
455
453
448
443
441
438
436
433
432
428
427
426
424
423
424
422
421
420
420
419
419
418
417
416
415
415
414
414
414
414
414
415
416
416
418
419
419
420
420
419
419
418
417
417
417
416
416
415
416
418
419
420
421
420
421
421
421
420
422
424
426
427
426
429
429
430
432
433
435
435
436
435
435
433
432
429
428
427
426
426
428
433
436
437
438
439
443
445
450
456
460
462
463
459
458
460
460
463
465
468
471
472
472
470
466
464
462
460
459
460
458
456
452
451
448
449
461
464
472
474
478
476
477
479
486
511
542
567
557
568
581
606
642
649
644
624
603
581
560
542
528
517
506
501
491
486
481
478
474
470
465
461
457
458
454
452
452
454
452
451
454
454
454
456
462
472
482
486
487
479
478
477
471
469
468
467
470
474
471
471
471
467
468
482
501
533
571
605
633
660
639
628
609
591
573
560
541
527
508
504
521
519
514
511
505
499
493
487
481
476
471
468
463
458
455
456
454
455
455
455
453
451
449
448
446
444
444
442
442
443
444
444
445
447
449
449
449
449
448
446
443
440
439
440
440
442
444
446
446
447
450
451
452
453
456
457
463
464
469
468
469
469
468
465
462
460
460
459
462
463
469
473
479
478
480
483
480
482
480
483
488
496
506
507
505
502
500
493
489
484
488
488
489
491
492
491
490
486
487
480
477
476
473
473
469
470
473
478
481
495
506
509
512
511
500
500
497
494
496
499
501
505
503
506
504
499
498
495
497
495
495
496
489
487
486
487
492
496
504
505
508
506
503
504
504
503
499
498
494
490
486
485
488
486
486
485
482
480
479
477
476
472
472
473
475
477
476
478
477
474
474
470
469
470
476
471
476
476
479
484
486
489
489
490
491
489
486
480
481
480
482
479
479
480
478
481
482
481
482
479
478
477
475
473
473
473
476
474
479
479
475
479
477
474
474
473
471
468
465
462
461
459
457
455
453
452
449
447
444
443
443
443
443
446
446
449
448
445
446
444
446
447
451
448
449
454
451
454
454
448
451
455
457
465
470
473
478
478
474
473
474
492
494
491
490
487
482
478
471
467
463
456
451
447
446
441
442
443
448
455
471
484
505
509
504
497
499
502
495
489
483
483
482
489
488
492
498
495
496
491
493
493
490
491
493
489
488
484
485
482
482
483
486
484
482
485
487
486
488
488
489
488
484
483
482
475
473
469
465
467
465
465
465
464
466
465
466
466
469
472
471
475
473
478
484
490
491
500
504
511
508
507
503
502
500
499
498
497
499
500
497
498
494
496
497
499
500
497
497
494
497
497
495
496
490
486
485
482
482
484
481
480
481
480
484
483
482
481
480
481
482
480
479
477
475
475
476
472
470
470
470
473
477
479
479
477
477
475
475
474
474
471
473
468
467
463
461
461
459
461
460
463
463
462
462
464
470
483
508
568
637
642
631
616
615
610
615
614
596
581
563
555
553
556
567
574
572
565
557
536
530
519
514
505
505
504
504
501
495
490
487
487
487
491
494
500
509
521
524
528
527
528
527
522
519
513
506
501
493
488
486
487
485
491
496
498
497
500
504
506
508
515
511
512
513
517
520
523
521
522
518
515
508
507
507
509
506
506
504
505
506
504
509
508
511
508
510
514
511
514
509
513
512
508
507
502
504
501
500
501
496
498
494
490
490
489
487
491
495
500
502
504
499
490
497
502
503
500
509
511
510
509
508
504
504
502
498
500
496
497
495
497
494
498
494
494
491
496
493
504
500
505
502
504
500
506
505
510
512
515
510
508
505
507
508
506
498
493
493
488
488
484
484
486
492
488
492
489
483
482
491
505
503
503
504
504
505
503
500
495
493
493
489
492
492
492
485
487
487
484
486
480
484
484
479
480
479
479
483
486
482
486
479
483
479
480
482
482
480
478
479
481
481
480
486
488
485
488
488
488
484
486
484
484
481
482
482
480
479
477
479
474
476
474
474
469
473
471
472
475
471
474
476
471
475
475
478
473
475
477
471
469
471
471
476
469
470
468
470
467
464
465
461
466
462
465
463
463
464
468
468
470
468
469
470
474
476
475
474
475
475
474
473
476
475
472
474
474
471
476
472
475
478
476
476
471
476
473
476
484
488
489
487
483
477
475
492
500
497
498
500
496
497
491
485
487
487
486
481
485
479
481
486
486
488
491
494
492
489
482
484
481
478
468
465
464
469
468
470
469
466
470
474
479
483
479
482
484
488
488
491
487
486
487
483
488
491
490
488
489
492
491
491
494
488
488
489
493
486
491
491
490
492
491
497
498
499
491
489
490
493
498
495
490
491
492
497
494
496
496
495
491
488
496
496
498
498
504
500
502
495
498
499
497
501
498
493
490
487
490
488
490
487
490
486
486
479
479
484
486
487
484
483
485
478
478
475
477
479
482
487
491
489
486
484
481
487
513
528
526
523
520
511
506
496
490
485
479
475
469
468
464
462
465
466
473
478
485
480
485
495
505
510
515
503
505
501
506
499
497
494
496
491
485
484
487
484
485
484
493
497
501
503
497
501
504
505
513
514
512
508
504
503
502
505
501
502
497
494
491
488
483
482
480
479
480
477
479
475
474
471
468
468
465
460
455
452
453
453
454
455
461
457
456
455
458
460
460
461
462
461
459
461
459
460
458
459
458
459
456
457
459
464
464
464
462
460
463
458
456
456
459
465
470
476
480
483
483
486
484
481
480
481
486
493
496
501
506
507
504
496
489
490
490
491
494
502
504
504
500
495
493
496
509
520
538
549
553
552
543
532
531
531
531
531
528
527
521
520
521
519
524
523
523
522
523
526
533
535
535
537
532
524
520
516
512
510
509
507
505
505
507
512
513
512
511
504
497
515
527
527
528
528
527
523
519
516
507
503
497
492
494
500
503
505
515
530
539
547
548
541
537
532
529
525
524
523
523
519
517
519
524
528
530
531
530
532
529
528
531
536
537
534
533
529
525
522
521
520
519
517
515
513
514
513
513
516
526
530
533
531
524
521
517
513
504
497
490
485
483
484
487
489
488
486
487
488
484
484
488
490
491
500
504
509
511
506
511
518
523
530
532
529
523
518
513
511
509
507
505
505
505
503
504
503
503
513
521
534
548
547
543
540
536
525
521
518
512
507
504
502
505
505
507
510
509
507
507
504
501
498
495
489
488
506
522
529
528
523
520
515
510
503
496
489
481
479
477
475
471
469
470
470
470
474
477
483
493
504
513
522
524
521
521
523
525
530
529
525
521
516
509
501
497
497
491
490
488
486
484
485
489
497
503
506
508
511
511
511
511
510
507
505
502
497
492
488
484
480
477
473
470
467
466
464
461
464
467
468
468
474
474
478
479
481
506
522
529
526
520
510
502
502
501
501
499
503
509
509
507
500
495
490
485
480
478
477
479
481
483
494
521
555
567
584
609
615
620
633
664
723
745
734
738
715
682
650
641
637
635
635
615
598
583
570
567
565
582
612
624
599
596
592
583
580
585
593
619
639
621
607
600
599
617
664
691
679
654
647
641
656
670
651
649
657
667
687
668
647
646
646
659
677
665
645
640
643
653
648
622
614
604
595
582
571
564
552
542
541
548
566
576
581
577
578
570
564
557
550
555
556
566
580
591
595
586
578
574
567
572
581
595
591
580
577
568
564
561
556
550
547
540
538
538
541
557
577
591
592
577
574
566
563
570
588
615
635
632
619
604
600
602
614
650
665
673
649
623
614
604
609
640
682
704
700
676
649
641
632
638
658
685
659
631
628
620
621
636
646
630
624
626
630
646
654
646
628
619
619
620
627
634
625
620
607
598
592
582
570
568
565
565
567
572
577
575
572
570
568
566
568
565
557
554
546
533
538
569
600
612
627
634
641
651
650
651
648
641
633
620
611
605
593
591
592
596
609
610
595
586
576
565
556
547
542
541
546
563
601
631
631
622
614
607
597
584
571
561
550
542
537
537
535
533
530
526
521
518
514
512
511
513
516
525
549
581
608
640
642
628
611
600
591
582
584
590
593
596
589
584
576
574
584
606
615
608
598
594
590
589
595
600
601
591
582
576
569
569
570
568
561
551
544
539
535
533
532
530
532
543
568
601
616
607
593
589
587
578
572
564
558
550
545
555
570
576
582
597
604
614
610
604
591
581
574
566
563
567
572
579
579
575
568
561
558
555
552
556
572
613
654
672
657
643
623
604
597
1182
579
577
576
575
570
568
568
571
584
590
595
585
577
571
560
552
546
540
542
552
580
616
637
633
618
613
606
604
611
600
579
585
577
565
563
553
545
535
527
519
515
508
503
499
494
489
488
486
483
479
479
478
475
476
478
477
478
479
480
481
483
485
484
486
489
491
490
491
491
490
487
486
485
483
481
483
484
484
485
486
485
485
485
484
482
480
479
479
479
478
478
479
479
480
480
479
478
479
479
480
482
483
483
485
483
482
483
481
480
479
477
475
472
469
466
464
464
460
457
455
457
460
461
464
464
464
466
468
468
467
468
472
472
475
478
479
479
479
479
478
475
472
469
468
467
465
465
466
465
464
462
461
459
460
459
458
457
459
462
464
468
471
475
478
481
485
485
484
483
479
478
475
472
471
471
470
470
468
466
465
468
480
482
485
491
495
496
496
493
489
485
479
478
476
474
472
473
471
472
468
466
463
460
459
464
479
497
518
531
535
521
527
535
544
550
543
544
540
534
523
516
512
508
507
508
513
515
511
511
514
517
519
522
528
534
542
544
539
531
524
514
506
500
492
485
479
476
474
475
475
479
479
479
493
524
545
561
579
587
572
560
553
545
531
526
530
530
533
527
521
512
503
496
491
487
485
487
487
489
488
490
491
492
497
499
499
496
493
492
491
488
488
487
488
488
486
487
487
487
486
485
484
483
479
475
475
475
474
474
474
471
474
475
476
477
478
477
476
476
477
485
493
500
508
512
514
513
508
510
510
509
507
498
497
499
498
499
494
501
500
503
506
501
505
510
516
529
548
561
567
563
556
551
544
535
525
515
506
498
494
492
491
491
490
489
487
487
484
481
480
482
483
484
485
483
485
486
489
496
498
502
501
502
500
495
490
489
486
483
484
485
485
483
483
481
478
476
476
477
479
479
480
481
480
479
479
479
479
480
480
480
480
480
476
474
471
470
469
469
471
473
471
469
468
468
470
470
473
474
473
473
471
466
464
463
464
463
463
462
463
462
462
459
458
459
459
459
461
462
463
464
463
466
468
468
469
469
470
468
468
468
468
469
469
469
470
470
471
471
471
471
471
470
469
465
462
460
456
456
457
460
463
469
475
480
479
478
477
477
479
480
486
490
494
492
490
484
480
477
477
476
474
475
475
475
472
469
465
465
467
466
471
474
475
476
477
477
477
477
478
477
478
477
475
474
473
474
475
476
475
474
474
468
470
484
499
508
512
507
502
492
488
484
482
481
478
476
475
477
479
487
496
508
530
551
570
596
618
630
620
598
590
587
601
618
627
632
624
614
600
583
572
569
578
608
642
641
625
601
581
563
556
554
565
592
604
589
570
560
557
563
575
583
576
561
548
539
537
547
568
586
585
573
560
551
547
553
570
590
589
584
575
563
550
542
534
535
548
563
573
573
571
566
570
571
567
562
553
541
533
531
532
541
564
583
599
594
581
574
562
551
539
529
521
515
508
504
500
497
494
491
490
490
490
498
507
528
572
603
604
585
568
549
532
514
504
506
514
526
548
554
557
554
548
539
528
527
531
543
555
570
575
572
565
556
547
530
518
514
509
519
533
572
610
616
606
584
573
561
561
571
588
602
610
604
590
574
557
545
533
528
529
541
559
570
572
563
558
549
542
534
531
527
537
565
575
573
570
563
555
547
537
524
517
515
513
512
520
522
536
547
553
554
549
542
533
531
533
543
557
573
581
579
571
560
550
540
531
527
536
593
594
587
580
574
568
564
557
549
541
531
522
515
508
501
495
491
492
494
495
496
497
496
497
497
492
494
495
493
501
521
540
550
554
552
546
540
532
525
519
512
506
500
494
487
484
480
480
486
492
520
548
573
592
597
594
588
578
564
543
535
528
529
538
549
567
578
580
574
567
556
547
537
530
523
518
512
507
505
513
523
523
530
539
547
549
545
540
535
530
524
519
515
511
505
501
498
495
490
490
492
507
544
588
606
604
586
573
565
556
545
534
522
515
520
528
540
565
594
607
605
597
587
577
565
553
545
535
531
528
536
558
585
604
605
603
594
580
566
555
547
535
529
530
535
535
535
533
532
531
529
528
528
527
532
545
542
551
563
566
568
567
564
562
558
547
546
542
540
543
547
549
548
547
540
538
533
528
526
523
520
523
533
552
570
590
597
598
593
584
574
561
551
540
531
531
557
580
580
572
562
556
548
539
530
523
517
511
507
503
500
496
492
489
489
491
492
496
497
499
497
496
495
494
493
492
490
488
484
483
480
477
476
473
473
473
472
483
507
536
588
642
665
670
679
675
668
655
632
607
585
569
561
557
563
578
582
579
569
560
548
537
526
524
533
533
532
528
524
519
514
507
501
502
508
515
512
513
515
515
516
520
524
532
540
538
536
531
523
520
514
509
515
534
568
582
581
571
563
554
544
535
529
529
542
556
572
571
570
568
561
553
545
538
531
525
524
521
521
529
543
560
565
560
553
546
540
530
526
528
532
529
528
530
528
524
523
519
517
521
529
538
539
537
532
530
524
520
518
527
543
564
570
568
564
559
550
543
534
526
520
521
520
521
527
529
529
530
527
521
517
513
509
508
513
517
520
521
521
520
517
513
510
510
509
513
529
547
559
561
561
553
541
536
527
521
522
535
561
577
584
590
588
583
575
565
560
554
555
561
567
576
573
563
555
549
544
539
542
553
562
563
563
556
553
547
544
545
554
558
563
555
556
553
549
542
536
533
527
521
522
525
528
529
527
524
521
519
515
515
512
511
513
514
516
518
519
524
526
528
529
525
526
523
521
521
522
530
531
543
549
552
552
547
542
537
533
535
548
564
575
575
576
568
558
550
543
537
536
545
563
583
590
587
577
568
562
556
554
562
571
574
569
565
557
554
549
548
559
566
577
575
565
563
560
551
542
533
527
525
530
549
568
582
585
583
578
572
562
551
544
537
538
555
589
610
619
618
604
595
590
587
583
577
569
560
551
538
528
522
515
508
504
502
504
506
506
503
503
504
503
502
502
502
501
500
503
520
545
557
571
558
551
541
531
523
517
511
508
514
536
558
583
585
574
567
567
572
583
589
582
577
563
551
540
531
521
513
513
511
516
510
518
521
521
521
522
525
530
532
531
530
523
518
521
517
514
510
508
507
506
1016
510
511
506
504
502
500
498
495
494
492
489
488
486
484
485
487
496
512
517
521
527
528
529
528
524
521
521
522
522
522
520
515
510
506
499
494
490
489
488
486
483
485
484
489
511
528
546
538
545
543
559
559
554
569
566
556
547
536
527
520
521
525
523
521
517
513
508
503
497
492
488
485
482
477
474
470
467
465
464
463
460
457
453
453
455
458
470
491
514
525
521
515
512
512
519
531
531
532
529
524
520
513
508
505
503
506
506
508
510
505
502
505
505
508
518
521
527
527
526
523
523
523
531
551
566
576
579
570
563
557
552
551
560
570
574
572
559
553
548
546
550
560
572
578
570
563
555
550
554
566
577
585
576
570
569
567
572
575
574
566
558
553
542
533
536
540
538
537
534
533
528
524
523
523
528
541
559
570
589
605
616
616
608
597
579
567
558
550
549
559
569
581
580
574
564
558
552
548
545
549
563
583
593
586
580
572
565
553
546
538
530
526
532
546
549
550
549
544
540
537
532
526
521
521
521
521
519
520
524
526
528
526
524
521
518
520
525
538
545
551
554
550
543
535
529
522
516
510
512
516
527
539
553
561
564
562
559
555
548
539
532
525
520
517
522
536
555
569
585
587
591
586
579
568
563
558
552
554
563
572
573
569
560
557
550
545
537
529
526
531
543
560
567
580
586
582
572
558
542
529
522
512
506
501
497
497
495
491
489
487
483
479
477
471
469
469
466
464
465
462
459
462
460
457
455
455
467
468
469
477
477
477
477
478
477
477
478
479
477
478
479
478
476
475
475
475
477
479
479
481
481
480
479
476
474
473
473
473
473
473
471
470
470
470
469
467
466
464
464
464
464
465
463
460
458
457
453
451
448
445
450
449
448
447
447
446
447
446
446
445
443
441
443
441
438
443
444
440
442
444
444
449
452
451
453
454
453
451
450
454
455
455
457
457
456
455
455
452
450
448
447
445
443
440
440
438
438
438
437
435
435
434
432
431
430
431
430
431
430
429
429
429
428
427
428
430
431
433
433
436
438
438
440
442
442
445
445
445
445
448
449
449
449
450
454
459
460
464
469
479
478
484
480
478
476
474
472
469
466
463
461
459
457
459
459
458
459
460
458
457
456
454
451
449
447
445
446
453
464
476
500
513
516
506
502
500
497
495
490
486
485
487
487
485
486
483
479
477
471
474
474
466
473
470
469
472
469
473
474
475
470
471
475
476
482
481
483
486
484
483
477
473
478
479
474
482
490
494
494
488
489
486
480
476
471
465
462
460
454
450
452
448
447
442
444
443
442
440
445
445
449
452
455
454
454
456
457
456
458
457
454
453
456
455
454
452
453
447
447
448
446
444
445
443
441
441
439
439
437
438
439
436
436
436
432
433
433
431
432
431
428
430
434
432
433
431
431
430
427
425
422
421
418
417
415
414
416
445
500
562
590
583
538
509
488
479
471
463
458
453
447
444
440
438
436
433
431
430
428
428
428
426
425
424
423
421
419
418
417
416
415
414
413
412
410
410
410
409
410
409
409
411
410
410
409
409
410
408
407
407
409
408
413
413
416
418
423
425
432
437
449
476
490
481
476
474
474
470
463
460
457
451
450
447
439
438
438
440
444
445
445
449
450
450
447
450
450
455
459
462
472
476
479
480
480
477
473
464
464
465
465
465
465
465
460
460
458
458
469
475
462
463
462
459
456
452
448
445
439
437
437
434
432
428
427
425
427
429
431
437
442
445
456
469
504
553
550
513
513
506
501
493
486
478
471
465
457
452
450
446
444
441
439
435
435
434
433
430
429
430
429
430
429
427
428
427
427
429
430
429
428
427
427
428
427
427
427
429
430
429
431
432
432
431
430
428
426
423
421
420
418
412
416
428
450
475
533
573
598
588
558
542
523
502
492
479
477
467
461
456
452
449
446
446
446
446
447
444
445
444
441
439
438
437
434
432
434
434
434
436
438
441
441
442
444
450
455
464
470
471
467
472
470
475
471
469
468
466
463
459
455
450
448
444
441
439
444
452
451
453
453
454
453
453
452
450
448
445
442
438
438
437
438
442
442
447
454
487
515
526
527
547
538
549
563
540
547
529
527
518
512
514
501
495
494
498
516
547
561
558
523
515
510
514
529
552
569
580
572
547
537
528
530
543
568
590
599
599
585
561
535
527
524
532
556
600
629
612
584
569
560
560
570
583
585
577
563
552
542
536
539
547
559
558
545
538
530
529
526
521
521
524
525
522
521
520
522
537
562
576
582
578
563
553
545
540
541
545
553
553
549
536
530
524
523
526
539
546
551
546
539
533
526
527
535
544
544
533
526
521
517
512
508
505
507
507
508
511
510
510
509
508
504
502
497
490
489
487
487
484
499
513
534
541
521
520
517
520
510
511
521
525
517
518
520
518
514
506
500
496
499
507
516
526
525
513
503
499
497
504
1058
530
542
548
541
542
552
560
576
590
586
573
564
555
559
567
577
589
587
572
563
555
552
557
560
558
560
551
544
542
542
545
559
573
590
588
580
575
574
573
580
585
586
580
574
569
576
579
583
586
588
582
571
565
559
558
566
583
600
595
590
586
588
595
606
604
591
583
578
573
572
575
572
573
567
565
561
556
547
538
532
526
522
517
512
506
505
510
517
523
525
521
521
524
523
524
526
518
513
512
504
502
499
497
496
498
511
526
543
546
541
537
542
583
597
575
565
557
549
537
528
522
518
515
512
507
499
494
493
491
496
506
537
549
561
553
546
542
530
521
520
521
532
552
569
576
571
557
545
531
521
518
518
514
511
506
498
493
489
486
488
492
495
495
494
493
491
488
485
483
482
482
483
481
483
482
481
479
478
478
477
474
471
470
468
467
473
476
485
488
496
502
509
515
517
514
511
505
500
497
496
498
501
499
496
492
488
485
479
480
481
477
483
480
483
479
480
483
481
484
479
480
479
474
478
476
480
479
480
480
481
485
484
484
482
486
485
487
485
486
484
482
485
482
486
484
484
483
484
486
481
484
480
479
479
477
474
473
472
470
470
468
473
474
477
478
476
476
473
477
477
479
479
476
476
476
479
474
473
471
465
468
467
469
465
465
467
464
469
468
472
472
470
476
478
478
479
477
480
477
480
479
479
478
476
477
474
477
477
476
479
476
478
478
479
479
479
481
478
477
474
475
471
473
466
464
460
471
474
473
468
470
469
471
467
467
466
460
460
458
458
456
458
456
456
456
459
458
458
458
458
459
461
459
460
459
461
462
464
466
462
465
469
469
474
472
476
473
472
480
478
478
477
480
479
479
481
477
478
479
480
477
477
475
478
479
475
477
472
475
472
474
476
472
474
473
473
475
471
472
470
473
475
475
474
472
473
467
469
470
468
467
461
462
463
465
468
469
476
473
475
474
474
475
472
470
468
469
470
469
471
467
470
469
473
473
474
475
471
477
477
476
477
474
477
476
478
476
477
478
475
474
469
468
468
467
465
463
467
467
470
478
477
481
475
475
475
475
476
474
476
472
475
473
478
474
475
475
471
471
472
473
477
478
478
476
477
478
479
479
473
475
472
476
477
475
476
467
466
471
465
466
457
458
460
462
458
460
463
462
464
466
466
468
469
474
479
474
472
473
478
473
479
474
477
477
475
476
475
474
469
472
475
474
479
475
474
469
473
471
467
468
457
459
457
462
461
461
466
459
467
468
469
470
471
470
467
468
470
464
468
464
467
462
467
466
464
463
460
463
464
469
474
474
470
473
472
473
473
470
467
465
466
465
468
465
465
463
461
460
451
450
453
450
452
451
455
461
464
465
459
457
460
459
464
464
466
468
476
477
476
475
474
471
476
476
479
479
476
475
479
478
481
483
483
482
479
478
478
480
489
491
489
483
478
478
504
497
496
495
491
490
485
479
475
469
468
471
466
466
469
470
468
474
476
474
474
470
471
469
479
477
480
484
484
492
490
488
486
481
480
478
479
477
479
477
478
473
474
471
473
469
474
471
469
470
476
476
487
489
491
488
484
481
478
473
472
473
473
474
479
479
474
469
470
469
471
471
467
468
476
479
481
475
467
473
471
475
476
478
477
476
478
479
480
479
479
474
471
467
472
473
471
468
467
470
476
478
480
484
478
479
483
485
492
492
486
482
480
479
482
479
480
479
475
468
466
468
468
469
471
472
474
473
471
472
474
474
480
484
479
476
474
472
472
467
467
465
470
478
479
484
487
481
483
486
491
489
489
493
488
497
502
505
503
501
502
508
509
511
510
500
489
480
510
515
514
515
512
507
500
487
482
475
472
468
465
465
463
469
470
473
474
479
477
479
478
474
475
473
474
476
474
477
480
477
479
483
486
484
493
519
558
607
601
583
565
551
542
550
547
542
540
537
533
525
520
512
504
499
493
488
484
479
475
472
471
471
473
473
474
471
469
465
461
457
456
460
465
471
474
479
479
478
474
469
466
469
483
518
581
607
607
578
547
527
512
509
506
504
499
492
485
482
482
481
480
478
473
469
466
467
469
470
470
471
470
468
467
469
475
478
479
479
477
478
483
493
496
504
507
511
521
536
544
543
538
533
525
515
509
509
517
530
550
566
568
563
545
542
542
558
550
539
531
522
513
506
506
509
511
516
517
514
511
505
502
504
513
509
510
511
511
508
505
495
491
488
485
482
479
478
474
467
463
460
456
454
454
449
449
446
445
454
465
461
459
456
459
458
457
457
468
479
492
501
513
523
531
527
520
512
510
507
512
519
522
527
531
533
537
535
538
536
529
528
521
516
504
499
505
511
509
512
510
506
502
504
506
512
515
520
522
516
508
499
492
491
489
491
498
503
513
517
523
527
526
524
521
519
512
502
495
487
484
483
483
484
486
489
491
490
488
491
492
490
487
487
480
476
474
472
473
477
489
531
543
545
539
534
525
515
507
501
497
490
488
488
485
481
479
474
470
467
467
466
465
463
460
459
457
462
466
477
487
507
524
548
556
553
540
532
524
526
518
508
506
505
495
491
486
480
477
471
468
465
463
462
462
460
458
456
454
451
447
447
453
466
483
501
525
538
547
563
580
574
550
531
527
533
538
532
525
521
514
506
504
501
497
491
488
483
479
474
471
467
465
459
452
448
445
447
447
445
451
458
460
455
455
455
456
455
452
451
450
447
445
442
439
439
438
435
435
433
431
430
432
432
431
431
431
429
428
429
429
428
427
427
427
426
425
426
426
426
426
426
427
426
426
428
429
428
429
429
429
430
430
429
428
428
429
429
433
436
438
438
441
438
439
439
438
438
439
438
439
435
434
433
432
432
431
432
429
426
434
440
465
507
584
611
609
579
553
531
520
579
437
325
677
500
498
500
502
497
491
486
483
484
485
481
479
479
483
496
506
498
497
493
493
489
486
481
478
474
470
465
460
457
456
452
451
450
445
446
445
446
443
444
441
439
441
440
438
438
438
438
439
444
448
449
449
445
445
449
445
448
449
445
446
449
450
451
450
448
446
446
446
444
444
440
439
437
436
436
435
437
435
435
436
434
434
434
435
434
436
438
439
440
440
440
439
438
436
435
434
433
432
430
428
425
425
423
421
420
420
419
419
419
418
419
420
420
420
419
422
421
420
424
428
433
438
440
440
444
444
452
456
460
464
462
466
463
470
472
469
471
472
476
477
475
477
480
482
479
479
481
488
487
489
489
486
489
490
500
491
490
490
496
495
495
497
491
492
499
496
494
490
485
481
473
469
465
464
464
461
459
455
454
450
446
446
444
447
447
451
461
470
476
479
484
483
480
479
479
481
480
483
484
481
479
478
480
479
480
482
480
475
479
479
482
481
485
483
484
481
479
474
470
470
471
476
481
489
495
497
494
490
484
483
484
485
487
487
488
486
489
493
497
497
494
491
490
487
491
495
497
498
494
490
492
497
501
497
496
489
486
479
480
478
479
477
478
475
475
474
478
486
494
506
512
516
515
518
533
544
545
538
533
524
519
516
512
512
506
500
496
498
498
503
505
509
511
510
514
521
529
529
526
521
517
519
517
515
509
504
501
498
500
504
505
508
514
514
516
522
524
523
522
523
518
517
514
514
511
506
503
499
491
486
485
483
482
485
486
491
496
499
497
496
494
499
503
502
501
502
512
518
516
515
512
511
509
506
504
498
494
489
491
493
497
503
505
506
507
504
501
500
501
500
498
497
494
493
492
494
497
496
495
494
494
493
496
496
495
495
493
493
492
490
490
489
487
486
485
483
482
480
480
480
480
482
483
484
485
487
488
490
493
494
496
493
492
492
489
488
487
487
486
483
473
470
480
488
483
486
486
485
481
477
476
470
471
469
470
468
464
468
472
475
476
479
483
485
489
493
492
490
490
489
491
490
487
485
487
488
488
488
492
490
494
498
511
521
519
516
511
507
503
502
500
498
498
493
492
494
496
498
495
493
490
487
486
484
483
485
487
488
491
493
493
493
493
496
496
495
494
491
489
488
487
483
482
488
486
511
568
585
562
543
528
520
510
499
490
485
479
476
473
471
467
463
460
458
457
459
458
459
459
461
460
462
461
456
458
461
463
465
477
483
494
505
506
504
498
497
497
501
499
499
497
493
491
490
494
495
499
503
504
505
509
515
513
512
509
508
513
514
513
513
509
507
507
506
504
498
491
497
527
533
537
546
545
540
534
529
521
514
505
503
505
510
509
510
516
531
570
662
679
656
638
626
625
637
648
643
632
608
594
588
599
623
639
632
608
594
593
600
607
590
580
576
582
588
584
575
566
569
574
572
564
558
558
563
573
574
567
570
584
331
263
601
581
565
556
545
532
521
516
512
506
502
500
499
499
500
501
493
499
503
515
533
596
636
632
624
599
583
576
565
558
550
541
536
528
524
521
521
521
521
526
531
529
526
521
520
511
507
500
496
495
492
493
492
490
490
490
486
488
492
493
501
501
503
501
500
499
501
495
491
496
495
499
497
496
496
495
495
495
493
495
492
497
495
499
503
504
507
512
507
507
506
508
510
504
508
504
503
506
507
508
508
507
514
513
521
521
526
534
537
541
534
547
548
545
538
535
525
522
516
512
508
502
498
494
488
495
499
500
497
494
496
499
499
502
498
495
493
492
490
491
487
488
486
479
482
483
482
480
480
481
485
487
492
494
492
498
496
497
495
494
497
497
496
496
493
495
498
494
493
489
489
486
480
482
483
482
483
487
491
498
502
503
503
499
497
493
491
488
483
478
473
478
495
497
500
500
498
499
498
493
491
489
491
492
499
502
507
513
513
511
514
514
513
511
511
512
510
510
508
509
509
510
512
518
515
516
517
511
504
501
497
492
490
488
484
483
485
485
486
488
486
487
491
490
491
490
488
490
491
488
488
487
488
485
489
488
488
494
499
500
504
500
503
510
513
512
512
514
518
516
511
508
507
506
505
502
499
495
493
488
489
490
489
490
494
501
503
511
511
511
515
517
519
518
514
510
507
502
499
500
502
502
501
510
511
515
512
511
508
510
511
509
509
512
510
513
513
511
511
512
506
504
498
496
495
496
493
490
486
481
478
477
479
482
485
485
486
488
488
488
493
492
494
496
495
498
502
503
507
507
509
513
517
513
510
507
503
500
501
499
495
498
496
490
488
492
493
499
500
501
511
519
522
522
519
513
511
513
511
513
512
510
510
510
513
521
527
532
539
536
531
530
527
522
521
515
510
509
506
502
501
500
496
497
501
503
507
509
508
513
513
511
510
508
503
501
502
503
499
502
499
497
498
503
506
511
513
511
511
513
517
515
515
513
511
515
518
516
516
517
515
517
513
511
511
512
512
508
504
502
497
494
494
495
494
492
491
491
488
488
487
487
492
495
498
499
503
505
505
507
504
502
500
503
504
503
502
500
495
494
490
486
485
483
482
481
483
488
494
500
507
510
509
508
506
508
506
503
500
502
500
498
495
488
485
483
483
482
485
484
482
485
487
487
493
500
504
512
511
517
527
530
527
526
522
521
524
522
517
516
513
513
516
516
513
512
508
506
506
506
506
504
503
502
500
497
500
501
503
508
507
508
506
501
491
508
528
541
542
539
533
531
524
518
514
506
499
494
492
492
495
498
498
499
506
505
505
503
502
501
502
500
501
501
501
505
509
509
508
505
500
497
493
492
493
496
499
501
505
510
510
513
511
510
510
512
514
518
515
512
517
517
516
514
514
511
507
504
501
497
497
494
489
491
490
489
493
495
495
496
501
504
507
510
507
504
503
505
501
501
503
501
501
502
501
502
501
500
498
496
498
497
493
495
502
503
505
505
501
504
502
497
499
498
498
499
500
499
493
494
491
489
495
500
501
507
509
510
510
508
506
507
507
503
503
501
497
500
501
502
505
502
502
504
507
504
503
501
496
493
488
484
481
480
481
481
480
482
480
479
478
478
478
479
479
481
481
480
481
482
484
486
486
486
483
483
480
479
480
481
480
480
484
489
493
497
500
498
494
490
488
488
490
491
493
493
492
491
490
492
495
498
497
495
494
494
494
493
494
492
490
486
482
480
479
474
471
470
472
474
475
476
476
475
473
473
472
471
471
470
466
464
462
461
461
459
458
457
459
460
460
459
458
457
456
454
451
452
464
474
473
478
478
478
476
475
472
470
468
465
464
462
460
460
459
458
457
455
455
456
455
455
458
461
466
471
475
474
472
472
474
473
474
479
484
499
512
517
519
515
515
521
521
521
518
515
510
509
508
508
506
504
500
502
510
521
534
536
536
541
543
544
536
529
522
519
516
511
506
501
498
499
507
511
514
510
511
510
510
510
507
502
497
493
489
486
483
479
479
479
477
478
478
476
480
489
492
500
504
506
510
511
510
513
516
515
515
514
514
519
520
522
521
521
524
527
526
528
523
522
521
520
525
526
526
527
527
526
530
529
531
528
527
529
534
531
532
531
526
527
522
522
517
512
513
516
516
518
517
517
520
519
511
508
507
501
495
495
491
492
490
487
488
494
494
493
493
493
491
498
504
503
507
507
510
512
513
515
517
512
512
510
506
504
499
498
493
492
491
488
489
487
493
496
499
504
502
503
508
509
509
509
508
508
510
510
507
505
496
501
498
503
508
512
512
511
512
508
512
514
511
514
514
513
516
511
510
511
507
506
507
503
501
499
493
493
491
489
492
502
504
506
510
509
509
515
513
514
514
512
513
514
513
513
512
510
514
517
513
515
513
515
521
518
518
512
510
508
507
504
501
501
497
491
491
490
491
490
489
492
499
502
504
503
499
496
499
500
497
500
494
494
497
495
493
494
494
493
506
507
506
508
508
506
505
501
498
496
494
490
497
499
499
504
506
509
515
520
521
522
518
520
521
521
517
515
511
507
507
505
508
508
507
507
510
511
512
512
513
517
522
527
528
525
522
523
522
523
525
522
523
524
524
523
522
524
523
522
520
517
520
524
524
526
525
521
520
517
513
513
509
506
505
504
500
502
502
502
506
505
506
509
509
515
521
519
521
526
523
521
520
516
515
514
512
509
510
506
505
501
498
500
500
499
499
504
508
512
517
517
516
521
522
529
526
525
523
524
521
515
511
507
506
503
501
499
498
496
493
494
495
497
498
502
504
513
513
511
519
519
520
519
517
516
517
513
512
513
511
510
509
507
506
513
515
521
519
520
525
526
526
528
529
530
530
526
526
525
525
527
524
521
519
517
517
517
515
513
512
516
517
517
517
515
521
520
515
510
502
498
496
492
489
489
488
488
490
485
488
489
494
506
521
527
523
519
518
519
518
517
513
510
506
506
505
507
505
502
506
509
508
510
511
514
521
522
520
521
524
530
531
527
525
526
524
520
518
512
509
507
505
509
512
514
514
515
514
517
515
514
508
504
506
514
518
521
518
516
517
515
513
515
514
521
521
524
534
538
539
538
533
537
536
537
534
532
534
531
535
537
535
533
536
544
546
549
553
558
556
552
547
549
544
547
544
537
533
524
523
521
518
520
521
517
518
513
512
513
516
521
528
529
531
531
527
524
522
517
512
515
519
517
518
522
517
515
516
517
515
515
514
515
520
525
527
524
522
519
516
514
513
516
512
516
516
517
523
526
526
531
534
540
536
535
533
531
531
528
525
521
520
522
524
523
523
521
531
533
537
538
539
547
545
542
538
535
536
532
529
525
523
527
528
533
532
534
539
537
534
532
527
524
521
524
528
524
524
520
520
521
518
522
523
523
531
528
535
537
540
542
540
536
535
536
538
532
528
522
521
521
520
520
517
516
510
512
515
515
521
521
527
528
527
524
521
519
518
513
512
502
500
500
501
503
510
514
514
508
509
514
512
516
515
515
516
519
516
510
499
495
515
516
518
519
525
521
522
520
518
515
514
509
506
502
500
499
497
492
488
492
492
498
504
519
517
514
514
514
511
506
503
501
499
494
491
488
491
490
490
488
486
489
488
488
486
487
488
494
494
496
495
502
500
503
501
498
498
494
494
490
489
492
490
489
490
494
492
498
496
496
495
491
493
496
501
503
510
507
501
508
504
505
502
505
496
494
495
496
496
496
494
496
497
500
508
504
505
505
505
501
501
499
492
495
490
489
483
479
475
477
482
484
491
490
490
488
497
495
494
494
496
497
498
496
495
495
497
502
505
505
507
505
503
505
507
502
503
498
502
503
502
496
501
502
504
506
504
505
503
502
499
496
502
502
499
501
502
502
506
504
504
506
507
505
497
504
503
504
499
501
500
504
504
501
498
500
502
499
494
495
499
498
504
501
505
505
512
516
514
506
509
513
512
516
514
510
514
516
513
510
503
498
496
494
502
503
506
501
507
504
512
514
511
506
515
516
511
506
507
513
512
511
502
502
498
505
502
496
498
503
503
506
510
502
497
495
513
516
516
516
519
516
511
504
499
500
496
497
495
495
498
495
496
495
497
495
506
507
497
507
512
513
508
508
514
518
508
508
508
509
506
501
501
500
505
490
490
496
496
491
494
488
483
475
475
479
477
478
479
479
479
479
486
487
489
483
487
489
494
492
489
490
494
498
499
494
499
504
508
506
505
503
512
518
519
516
514
514
517
508
502
505
499
506
505
510
508
511
505
504
503
511
507
502
507
505
509
504
504
506
509
511
512
510
511
516
508
504
506
513
517
512
512
512
520
523
521
517
513
507
513
512
507
510
506
498
502
504
504
503
505
503
504
509
505
498
505
502
502
501
497
499
495
498
502
496
497
499
501
500
502
503
503
509
502
499
498
494
497
500
495
497
497
492
491
494
494
493
492
491
493
499
496
496
498
502
497
495
493
491
485
491
497
492
500
497
502
498
500
497
497
503
492
500
502
504
497
498
496
496
498
492
492
490
493
490
491
485
489
497
500
503
505
503
502
505
505
509
503
504
504
504
501
505
496
504
508
508
504
503
505
509
505
502
507
506
507
506
503
501
503
506
504
500
505
504
505
503
499
496
493
499
498
497
497
494
497
495
492
500
498
500
501
499
498
500
500
496
496
495
496
495
493
494
496
494
492
489
484
484
479
479
473
471
473
472
478
476
480
476
473
479
478
481
479
477
486
487
493
495
486
483
480
483
509
504
507
507
508
506
500
496
495
497
492
491
490
495
494
491
489
492
494
490
493
487
491
494
492
488
501
504
511
517
517
524
522
518
507
498
496
489
488
490
491
492
490
494
497
504
511
521
522
521
511
503
497
493
489
487
487
482
480
479
477
479
479
478
478
475
472
469
471
473
479
489
496
493
488
484
483
479
480
481
481
481
480
479
477
476
478
479
480
484
486
486
489
496
503
501
497
490
484
481
483
489
491
499
504
506
513
491
490
497
501
518
530
552
557
558
567
587
611
615
612
598
599
598
604
609
599
588
593
595
602
595
591
594
612
646
654
622
619
614
617
614
591
585
577
568
564
557
542
535
529
537
546
553
543
543
545
567
601
606
595
590
591
596
596
583
578
583
597
604
596
600
600
604
594
581
578
585
589
598
594
594
603
610
608
593
591
588
592
589
574
568
565
571
579
582
575
572
566
565
566
560
548
533
532
531
543
564
581
571
567
570
574
584
586
572
568
568
567
573
566
563
559
544
540
537
532
528
526
524
523
522
521
518
518
516
512
508
498
498
511
505
508
510
514
514
515
517
517
516
516
517
523
528
539
536
537
538
536
534
529
527
521
521
518
515
515
513
513
513
510
506
505
504
510
508
511
511
510
512
509
512
507
506
506
505
500
1001
495
493
501
497
500
501
502
502
499
502
500
497
494
491
488
486
485
484
481
479
477
476
477
477
475
475
473
476
477
479
483
490
493
495
495
496
501
501
503
506
504
507
503
503
500
497
495
496
491
491
487
491
493
492
495
494
494
498
496
499
496
496
499
497
499
499
499
506
506
510
511
510
511
515
513
512
508
510
509
505
507
504
507
508
504
507
506
505
512
513
520
517
519
522
522
525
526
523
522
519
519
520
515
511
511
513
516
514
518
518
518
520
519
522
525
525
526
530
534
528
524
519
515
521
520
519
518
516
508
510
512
509
512
516
517
517
515
510
504
505
506
501
501
501
496
500
502
502
504
502
518
526
522
521
519
512
507
503
497
494
491
484
481
481
482
482
481
484
488
494
500
506
508
506
502
504
498
499
510
503
515
525
545
568
566
573
591
611
624
616
596
590
598
602
595
575
570
573
583
589
586
573
570
562
550
538
526
517
511
507
504
502
501
497
496
493
491
489
491
493
496
498
496
496
504
508
515
516
519
521
523
526
532
527
525
526
527
526
529
527
526
525
523
521
520
518
517
516
518
518
517
517
517
519
521
526
525
528
527
526
523
521
517
516
512
511
509
508
503
503
502
501
499
500
501
503
502
506
509
510
514
513
518
520
519
515
514
512
511
513
517
520
519
517
516
514
514
519
524
525
527
528
526
525
525
523
521
520
516
514
512
511
510
508
506
503
500
500
500
499
500
499
498
497
494
494
493
491
490
486
484
484
484
485
485
486
487
486
487
487
486
486
487
485
483
483
482
480
481
480
480
480
481
482
485
486
487
488
487
487
491
493
493
493
494
492
494
495
496
497
497
489
490
503
498
496
495
493
491
489
486
483
480
478
475
474
473
476
480
486
495
500
506
509
514
517
521
525
528
531
530
532
530
525
523
522
519
521
517
516
514
513
515
516
515
512
509
509
512
514
517
519
518
518
521
523
522
524
522
521
521
523
521
520
512
515
520
549
612
668
664
645
625
604
585
578
572
568
563
556
552
552
563
580
603
624
629
627
609
592
592
593
599
614
610
604
603
613
623
623
605
595
597
607
619
598
581
573
574
581
580
572
568
574
587
602
606
594
588
588
593
598
600
589
584
587
597
603
599
590
587
591
595
601
592
583
579
582
576
575
568
558
548
538
527
523
521
530
559
603
605
602
614
637
662
671
631
625
627
625
619
604
595
595
601
610
626
611
612
614
621
631
610
598
596
600
604
609
596
599
608
607
621
609
605
613
615
625
624
610
611
617
625
630
614
604
611
615
612
604
600
600
610
618
619
608
601
602
604
618
620
623
607
607
610
619
634
649
651
640
634
636
639
640
635
611
606
604
605
611
604
603
606
611
619
611
600
597
598
604
601
600
583
580
575
571
573
576
571
565
565
566
571
566
602
604
602
598
588
580
573
564
550
545
542
540
545
560
573
575
580
592
611
641
636
629
626
628
633
644
635
633
629
635
644
659
648
636
636
650
660
667
644
641
643
644
647
638
626
631
637
642
641
627
620
625
632
643
637
621
617
624
628
627
609
602
593
586
608
670
641
646
668
671
646
631
625
619
617
618
612
602
601
601
604
608
618
620
610
608
614
624
635
653
667
654
647
646
651
652
654
642
635
633
630
627
617
617
623
631
646
641
622
609
602
601
603
604
596
593
593
595
585
582
580
583
591
595
600
594
583
579
577
572
569
566
563
561
557
548
549
542
541
545
551
552
557
565
579
593
604
598
587
593
596
600
602
605
596
599
602
610
611
613
603
604
605
601
605
596
597
605
605
604
591
583
582
582
597
608
608
599
593
593
600
611
618
617
612
607
604
609
618
632
641
637
620
622
624
624
626
624
610
599
596
598
603
609
611
599
595
594
597
599
595
585
584
583
586
596
603
601
600
601
604
611
615
611
602
603
602
604
611
616
607
604
604
608
612
616
614
607
604
610
616
622
618
609
609
610
617
623
617
612
616
621
624
626
608
612
616
619
621
612
602
600
604
607
613
621
614
611
618
623
629
631
616
613
614
612
607
602
593
583
571
564
556
551
543
542
543
553
572
585
590
589
588
595
614
622
624
609
602
599
596
598
604
599
591
588
590
597
604
598
591
590
600
619
647
673
680
654
651
646
642
637
627
614
615
611
609
608
598
599
604
611
620
621
617
618
622
622
621
609
606
607
605
598
591
578
574
569
564
565
568
568
566
562
559
552
551
549
547
552
560
571
581
586
576
577
572
572
571
576
580
574
576
577
581
588
597
604
598
597
595
595
599
599
587
583
574
574
593
590
592
591
594
594
594
587
582
579
580
585
590
598
599
589
593
593
594
595
594
595
585
588
589
593
598
601
593
598
603
602
601
588
587
585
588
590
596
591
591
593
599
599
602
590
592
593
592
593
596
590
592
594
596
596
583
585
584
585
585
590
581
583
583
583
583
578
576
578
580
586
590
585
583
582
582
581
583
576
578
580
584
587
589
581
585
585
586
583
580
573
577
576
574
575
576
575
571
568
565
562
557
553
551
554
559
559
558
554
549
545
542
540
539
542
551
566
577
579
578
572
573
578
589
604
609
600
595
591
586
585
573
568
567
569
576
590
604
617
613
607
596
587
579
567
562
558
554
557
563
565
563
563
563
568
574
584
575
579
581
587
595
602
604
593
596
594
594
599
598
585
582
574
579
604
602
589
581
574
567
559
553
549
561
574
590
590
593
584
577
573
570
564
563
567
579
617
679
732
752
749
708
658
641
631
626
622
618
619
612
600
600
599
603
617
629
630
613
608
608
611
617
607
606
610
615
626
627
627
610
608
605
604
607
616
624
614
613
616
625
625
629
613
607
605
605
608
616
622
611
607
610
618
624
627
623
609
609
609
611
619
622
612
600
598
596
602
612
626
627
614
615
614
620
627
631
630
615
611
608
611
620
627
627
608
604
597
590
587
583
588
593
603
655
718
700
680
660
646
640
642
635
630
624
615
610
603
594
581
576
575
572
570
571
574
586
601
624
636
632
626
628
634
649
663
677
665
651
652
660
666
670
659
645
646
649
658
659
641
641
648
653
656
644
629
628
630
638
641
634
620
604
586
580
572
572
581
588
583
582
581
589
607
637
657
650
641
641
639
642
638
630
618
616
616
620
628
624
615
619
618
615
613
602
603
604
606
612
617
606
607
607
606
606
612
617
610
614
619
629
626
624
615
613
615
609
601
592
578
576
573
576
584
591
596
589
589
589
590
588
588
586
586
581
575
569
561
555
550
563
582
584
355
283
318
777
554
567
1151
296
740
526
531
523
520
519
514
512
508
505
501
499
496
492
490
488
486
487
486
486
486
487
490
493
495
493
500
507
519
523
527
532
537
550
561
564
559
555
551
547
546
542
538
534
529
525
522
518
515
516
508
506
500
496
496
495
493
491
490
489
490
490
489
487
485
483
484
483
481
480
480
480
480
482
481
481
480
481
482
482
481
479
479
480
480
479
479
478
479
478
478
475
472
471
468
470
467
465
462
461
463
465
465
467
467
466
471
467
466
469
469
469
470
475
478
480
480
479
481
480
481
481
479
480
479
479
482
485
487
490
493
496
498
505
510
514
513
511
510
509
507
507
505
505
1010
506
508
513
515
519
521
522
521
518
519
514
515
516
518
521
523
526
529
530
535
538
548
550
548
550
554
555
551
548
547
544
541
540
538
533
532
533
532
533
534
536
535
540
537
538
535
537
535
535
531
528
530
532
538
536
537
538
542
543
545
541
538
534
531
528
525
524
521
520
518
515
515
513
508
505
502
501
499
499
501
505
507
509
512
513
512
511
510
510
510
510
513
516
519
525
526
526
527
529
532
536
534
530
527
527
526
527
525
522
525
527
539
541
545
547
554
557
557
562
570
573
571
566
563
564
568
570
570
568
571
573
575
569
563
557
553
548
543
538
532
529
525
521
518
513
509
506
505
504
505
504
505
503
502
502
500
500
499
496
495
495
495
497
501
510
514
508
506
504
502
501
500
498
495
493
494
503
516
525
534
539
550
565
573
575
576
573
568
572
580
581
579
569
557
547
547
553
560
562
558
556
554
557
559
561
563
558
558
555
551
553
558
563
563
557
554
556
562
564
560
554
548
543
537
533
530
523
517
513
512
519
528
538
537
534
537
543
545
547
550
546
549
550
546
547
547
548
555
556
554
562
566
575
569
566
566
570
570
567
567
567
570
574
565
564
563
567
571
573
573
577
579
577
570
563
561
557
553
552
551
