587
585
580
592
591
605
630
626
636
626
627
627
617
605
608
591
599
596
594
592
587
579
567
567
564
571
603
596
613
643
654
669
703
676
666
657
656
638
635
630
616
614
617
621
617
618
627
640
629
621
617
615
612
614
620
614
608
601
592
578
573
566
564
567
577
583
592
609
604
601
618
630
642
617
614
612
610
602
592
578
574
570
573
586
585
591
601
618
603
603
611
621
616
609
611
611
604
590
591
587
587
581
591
596
626
645
636
622
621
600
603
594
586
580
583
570
570
568
569
574
581
579
582
592
606
613
602
617
626
615
604
602
601
593
591
590
585
588
589
588
588
589
586
587
580
569
610
583
581
581
587
587
582
579
573
570
560
558
554
553
555
552
556
559
555
549
553
557
562
563
564
562
563
558
561
556
559
562
571
570
579
583
582
577
581
577
574
569
570
570
564
572
576
582
576
581
581
583
577
586
588
595
592
593
587
588
587
583
572
577
576
576
574
582
589
584
587
587
588
586
579
576
565
563
563
563
559
567
568
567
568
571
576
568
574
577
577
578
578
584
578
584
593
593
590
592
598
595
588
587
586
581
575
576
575
572
577
583
583
586
591
591
596
597
596
591
591
590
584
576
578
591
591
595
617
630
626
617
603
585
607
597
596
613
647
657
634
637
634
616
598
586
572
565
561
559
560
567
569
576
578
585
583
580
585
577
580
583
576
582
585
580
580
580
581
574
578
578
572
578
582
580
588
601
595
603
604
603
599
597
591
584
586
585
582
581
584
595
597
593
588
581
581
582
585
582
572
575
576
580
571
576
582
592
591
590
598
591
580
579
575
575
571
563
562
555
554
557
560
567
575
583
579
581
587
577
574
572
570
567
563
554
558
560
563
576
592
604
621
603
602
608
604
594
600
600
336
262
593
591
579
579
578
576
570
572
572
578
587
586
578
576
577
569
578
590
604
616
612
603
598
588
578
568
561
557
554
559
566
573
586
587
597
606
616
618
606
606
605
592
590
595
596
591
587
592
592
587
591
594
588
594
599
603
594
595
596
593
591
586
582
561
571
562
559
560
561
557
569
574
579
573
577
579
576
576
564
567
559
560
559
557
561
561
568
572
573
570
564
573
578
583
602
618
609
623
629
627
620
611
598
586
581
580
578
576
582
585
580
585
586
590
578
582
583
575
575
578
583
582
589
595
604
599
602
608
607
594
588
584
576
571
574
576
570
580
583
582
577
587
585
575
577
575
570
567
568
566
561
566
571
571
564
574
577
577
577
584
585
576
582
583
580
579
565
566
563
556
551
556
557
552
558
562
571
568
572
575
577
568
573
571
565
558
562
560
551
553
554
557
552
561
566
567
567
575
581
579
579
583
587
577
581
578
572
571
573
573
564
568
569
566
560
563
565
563
564
573
577
575
577
582
579
576
580
583
575
573
570
564
557
562
561
555
557
563
565
560
564
570
571
563
568
568
569
562
562
561
551
558
558
558
553
560
563
562
559
563
561
553
557
556
550
541
545
544
534
529
536
536
537
535
537
542
544
544
538
543
542
540
532
538
536
537
535
533
538
377
716
541
541
540
536
530
535
531
526
529
536
545
545
547
555
564
557
563
565
563
552
555
553
547
546
551
552
547
552
552
544
547
545
541
535
541
541
544
533
542
547
552
559
554
558
563
565
559
563
563
561
551
556
553
547
544
548
550
543
548
550
556
549
556
553
548
545
549
999
622
540
540
533
535
537
542
546
548
545
548
552
555
543
545
544
545
544
544
543
535
539
542
546
547
558
569
586
580
584
593
595
580
583
578
567
570
566
566
562
568
574
579
574
585
590
594
593
595
592
590
585
579
567
563
560
557
552
561
574
592
597
598
610
623
607
604
604
603
598
595
579
580
572
569
565
561
565
569
577
588
580
578
584
582
583
585
580
582
580
580
579
579
562
565
561
556
556
558
558
558
558
544
553
551
554
560
559
575
587
578
586
598
594
603
610
603
601
596
591
588
578
565
563
563
557
542
552
555
566
568
568
579
583
592
606
608
616
607
588
593
587
581
577
585
588
587
579
585
587
578
587
593
601
591
594
602
607
599
604
604
611
603
609
616
616
599
607
609
599
598
595
595
587
581
587
588
589
583
591
592
583
595
597
597
583
584
583
571
580
580
580
569
576
575
569
568
571
575
561
568
573
583
575
583
587
592
589
579
584
580
571
563
567
565
562
557
563
563
561
561
567
571
565
576
583
581
582
585
585
575
575
571
570
563
567
574
571
571
573
579
577
571
569
569
565
562
563
567
567
565
575
580
585
585
591
591
581
586
587
587
586
577
578
578
579
570
572
573
575
568
573
577
581
573
577
579
584
573
574
575
569
558
561
561
557
549
556
558
559
550
557
560
556
554
559
561
558
554
555
556
551
548
549
550
547
545
549
555
550
553
555
560
552
552
553
553
541
542
545
544
540
535
542
542
539
533
540
540
536
531
536
535
531
526
532
529
530
522
526
525
525
523
527
527
526
519
522
524
523
519
519
523
523
516
521
522
522
521
519
517
511
515
514
512
507
508
501
506
507
511
511
508
513
516
517
513
515
521
521
520
519
524
526
527
525
524
529
535
538
531
534
537
538
532
530
533
537
534
530
538
539
544
538
549
550
554
544
549
547
547
537
537
538
537
537
530
534
534
536
530
525
530
529
527
521
524
526
529
526
529
531
535
525
526
530
531
528
523
527
529
522
515
514
519
523
521
522
522
516
521
519
516
509
510
510
506
500
504
503
503
497
506
504
506
499
505
507
507
501
507
510
509
505
502
504
504
497
496
501
502
499
494
500
500
501
497
504
505
506
499
503
505
506
501
502
506
506
498
500
504
507
499
499
503
502
499
489
497
496
499
496
487
489
493
494
490
487
490
490
483
483
488
489
485
479
483
487
487
480
480
482
484
482
479
483
484
479
479
485
487
487
480
480
487
487
487
479
482
486
485
484
479
480
483
483
481
477
480
482
480
476
478
479
481
476
477
478
479
478
477
473
476
476
478
473
471
473
477
472
473
476
479
476
477
483
485
481
478
480
485
485
484
479
479
485
485
482
478
481
482
477
476
480
482
482
478
483
484
487
483
486
488
488
481
486
487
488
487
487
492
491
488
488
492
494
493
492
495
498
492
492
499
499
495
498
501
501
498
493
500
502
504
496
504
505
507
503
496
498
502
499
499
494
494
496
491
490
485
491
489
494
491
489
489
494
497
496
494
499
501
505
499
501
505
507
504
502
507
507
505
499
506
506
504
497
503
502
503
496
499
503
504
503
501
503
508
504
500
507
509
510
506
516
516
520
513
517
518
517
392
637
514
511
503
505
503
503
497
496
504
508
510
506
513
517
376
660
516
513
507
501
503
504
497
492
497
498
496
494
501
503
508
501
509
512
513
507
514
513
513
505
505
507
509
500
501
508
510
506
507
513
515
510
515
521
523
518
522
528
525
524
518
518
522
521
520
520
529
534
537
544
547
554
554
558
565
571
573
565
563
571
563
563
545
548
539
534
526
520
523
520
518
512
515
518
521
524
518
522
524
525
518
522
521
521
519
518
521
526
525
525
530
537
544
550
550
559
566
570
563
568
571
566
563
565
567
561
566
573
566
564
567
571
562
573
575
577
570
581
587
579
580
582
580
567
572
571
571
560
570
570
571
568
576
584
575
573
577
582
573
572
576
581
571
567
573
574
564
570
572
573
561
565
564
564
565
554
551
555
555
551
550
555
560
563
560
553
553
553
552
549
548
539
538
538
542
530
532
535
538
529
531
536
539
534
533
540
540
541
534
541
541
541
536
538
540
542
534
544
546
541
542
544
549
540
539
544
547
542
540
544
547
542
539
547
549
545
538
547
548
545
540
546
550
541
539
545
546
543
539
543
543
544
536
542
545
543
537
541
544
543
536
541
542
542
535
536
539
543
537
537
544
548
543
541
546
547
543
539
545
545
537
537
541
541
536
535
540
541
535
534
540
540
532
532
537
538
529
539
542
539
536
544
546
539
538
542
541
534
533
538
535
529
533
535
535
530
535
536
531
529
535
536
536
529
538
538
538
533
537
539
539
532
539
541
540
536
545
549
548
541
548
548
547
538
546
544
544
537
545
548
539
536
544
544
540
537
543
544
546
540
546
547
544
538
544
544
540
534
543
544
546
540
537
543
547
545
539
544
544
546
537
540
543
540
533
536
539
542
536
537
543
546
544
541
546
547
543
538
545
545
544
536
540
543
543
537
537
541
544
542
536
539
541
542
537
534
538
537
538
529
529
532
537
531
525
534
534
537
529
534
537
541
536
531
538
538
537
530
533
535
537
536
529
535
535
540
532
534
536
537
537
528
533
533
532
525
526
532
533
530
526
533
534
537
531
533
540
543
539
536
543
544
536
533
540
541
541
535
536
541
547
546
545
551
556
560
550
549
554
553
546
538
542
545
545
539
537
543
543
546
535
538
540
543
533
537
540
541
539
533
527
529
529
527
523
521
516
510
518
515
516
509
514
517
521
516
516
517
521
511
510
514
514
512
506
512
513
518
518
518
522
525
532
525
526
528
527
519
520
521
522
514
514
519
520
523
519
524
529
535
531
533
534
536
530
530
533
530
523
521
526
527
523
521
527
528
529
530
523
525
527
527
519
521
527
533
528
529
536
541
543
539
539
540
542
534
531
535
535
532
524
530
531
535
531
529
536
539
537
535
543
544
543
539
543
544
539
537
537
538
532
534
537
536
533
538
544
543
545
549
554
548
548
550
551
542
543
544
542
535
539
541
544
538
541
544
545
539
543
544
545
538
540
543
546
540
544
547
551
544
547
548
548
540
545
546
547
538
544
548
547
538
546
548
540
544
545
546
539
541
542
546
539
543
548
553
548
543
548
548
543
537
541
542
539
535
543
547
542
544
547
552
541
542
545
547
542
535
542
544
539
535
542
544
538
536
544
546
538
536
541
542
537
533
541
541
536
533
542
544
538
539
545
548
539
540
545
545
536
534
541
541
534
532
540
541
536
535
543
545
538
538
545
546
539
538
545
550
546
542
546
547
542
537
542
544
534
538
540
547
537
543
547
551
543
551
550
549
545
546
545
536
538
540
540
532
538
542
540
538
542
543
537
535
536
535
530
528
529
533
530
524
532
534
534
531
538
541
544
537
544
549
544
538
544
546
540
535
540
539
539
528
531
535
538
535
536
542
545
541
539
545
548
543
536
543
542
539
533
537
537
539
531
533
536
539
533
532
537
538
536
532
537
538
535
531
531
533
532
524
529
529
531
521
528
527
527
521
521
527
527
526
522
530
530
533
528
532
533
535
532
531
534
536
531
529
531
531
528
522
527
528
525
519
525
526
524
525
522
519
517
521
518
515
508
509
514
516
514
511
519
519
521
515
517
521
521
521
514
521
523
521
518
524
529
526
524
533
536
539
534
542
544
544
535
541
540
536
527
534
535
532
527
535
535
532
527
536
536
535
527
536
535
536
531
527
523
536
533
530
529
527
526
521
516
518
514
511
506
508
512
512
510
515
517
515
514
513
508
507
508
507
510
509
518
522
533
538
535
537
538
537
533
531
525
524
523
519
517
517
521
528
534
536
543
551
552
551
558
566
568
564
568
572
578
578
566
570
572
573
560
571
569
578
570
582
586
589
580
587
587
581
574
579
580
575
575
578
582
571
573
574
575
564
571
570
573
562
570
571
569
561
566
567
561
552
560
561
563
555
566
571
572
564
571
573
564
562
563
559
550
552
553
558
549
554
560
565
555
566
567
566
559
567
565
558
557
562
562
554
550
556
557
550
547
554
555
550
549
559
558
554
555
560
561
551
553
555
555
545
547
549
551
542
547
552
552
550
558
563
559
558
562
563
554
559
559
560
550
558
557
559
554
557
558
557
550
558
560
560
551
562
564
561
559
565
566
563
557
562
560
557
557
544
549
548
545
542
539
540
541
542
533
541
544
544
540
549
550
554
543
550
550
553
542
551
554
558
550
561
566
568
562
569
572
568
561
565
563
556
548
553
554
549
549
554
560
554
560
567
571
563
572
575
571
563
569
385
749
552
553
548
537
536
540
542
538
547
558
571
563
580
589
591
583
589
588
584
577
573
573
569
559
558
560
558
559
549
558
560
375
754
561
559
553
547
546
553
556
569
573
583
593
604
591
592
588
589
579
578
577
577
570
574
575
582
581
588
599
604
592
604
608
604
591
597
597
589
586
590
594
591
595
605
614
617
645
663
672
660
638
648
643
648
670
662
610
604
602
601
588
588
591
588
576
578
575
570
560
554
550
552
556
563
585
596
593
593
579
577
574
570
564
563
386
759
559
563
567
575
573
603
612
632
658
673
653
634
629
621
608
604
598
591
580
579
574
574
571
578
583
593
594
602
602
603
594
597
596
597
594
593
594
599
599
599
602
603
605
602
594
591
590
588
588
581
582
586
591
599
596
594
599
601
603
597
602
606
615
608
607
611
612
609
619
612
604
601
594
595
598
598
595
600
604
607
604
590
592
589
591
599
597
595
604
613
606
607
607
604
593
590
582
576
563
563
562
563
571
581
577
587
595
598
594
604
604
598
616
624
619
608
614
617
606
613
612
616
599
605
608
606
598
608
612
615
601
610
610
613
601
605
604
599
584
590
590
589
588
600
603
593
600
604
604
595
602
604
596
593
589
587
580
586
588
581
582
586
586
584
579
581
581
573
573
576
578
569
571
575
576
571
574
576
577
569
568
570
568
561
560
564
564
559
560
565
566
564
560
565
566
566
559
564
565
565
559
562
562
563
558
561
561
561
551
562
558
559
555
560
565
561
559
563
566
557
562
562
563
552
559
559
562
554
563
565
563
558
564
565
556
562
562
563
558
565
566
562
559
561
561
554
549
554
553
545
553
554
544
549
555
561
556
556
560
563
551
556
557
555
545
551
551
551
543
551
552
552
543
551
553
553
547
556
558
555
552
557
557
555
549
552
549
543
540
544
543
541
534
543
543
542
535
541
541
538
536
540
539
532
538
537
533
524
527
526
522
517
522
521
517
516
520
520
515
513
517
519
511
516
518
520
513
520
518
518
514
505
506
508
506
502
503
493
495
498
497
491
496
500
503
501
500
507
510
511
505
514
516
517
512
511
516
518
514
511
517
520
515
512
517
518
511
521
524
526
520
530
531
527
525
533
532
524
525
529
527
519
522
522
521
514
521
522
522
515
523
525
525
520
524
529
530
524
528
530
526
520
527
529
526
518
527
527
523
521
527
529
525
523
526
527
520
527
531
527
532
537
544
536
539
544
544
537
539
539
538
531
533
533
525
527
532
527
524
530
532
524
526
533
533
526
530
535
533
527
534
538
535
533
540
542
539
536
539
540
532
538
535
528
536
537
531
529
536
537
533
530
535
535
525
528
532
530
523
526
529
529
521
530
532
532
523
528
529
529
520
522
527
525
520
523
526
526
518
524
522
521
516
521
523
521
517
522
523
519
519
523
522
521
520
523
526
518
518
521
520
512
512
517
517
510
508
511
513
511
508
515
515
509
505
514
514
511
507
511
511
507
503
508
511
505
502
509
507
502
504
507
507
500
497
503
504
503
497
500
503
503
497
495
502
501
494
493
497
496
493
491
494
495
493
487
493
493
492
491
493
499
493
491
498
498
491
491
496
497
489
495
495
490
491
495
496
491
495
500
500
493
498
497
490
493
496
493
492
497
499
493
496
502
506
502
510
513
514
507
512
511
507
500
505
503
497
498
498
498
493
493
495
500
496
503
505
511
506
512
515
511
513
515
510
509
513
513
504
512
512
507
500
509
513
505
510
517
521
515
517
519
523
517
522
525
520
513
521
517
508
512
511
515
507
508
513
513
512
505
503
500
506
507
506
506
503
500
506
504
502
493
500
497
497
491
496
494
498
491
495
498
500
495
499
504
504
506
504
497
501
503
497
493
493
484
493
491
493
486
495
497
499
494
500
501
502
495
497
504
505
509
506
512
513
519
512
517
520
521
515
521
522
518
516
519
521
516
519
521
514
517
520
522
516
516
521
522
516
521
521
517
512
521
519
513
513
516
516
511
510
513
512
510
504
511
513
506
504
510
508
505
501
508
507
505
497
502
501
498
491
497
496
497
493
496
497
498
489
497
496
493
495
496
499
495
490
497
497
498
491
498
499
493
493
500
501
496
495
499
498
493
497
500
501
495
498
500
500
498
502
502
496
491
497
499
494
491
498
497
493
496
500
501
490
491
496
497
494
487
490
493
494
489
486
490
489
487
484
489
488
486
479
485
486
485
479
480
482
485
477
481
482
482
481
479
483
485
483
477
479
481
481
477
473
477
479
477
470
473
474
477
473
469
475
475
475
468
467
472
473
470
465
465
469
467
465
460
459
463
463
459
452
453
458
457
455
455
449
451
453
453
453
450
451
454
449
450
453
454
451
449
451
454
453
452
446
448
454
454
452
450
454
458
458
452
456
459
461
456
455
459
459
457
453
454
457
459
456
454
458
458
461
457
459
462
464
459
458
462
465
463
457
462
464
464
458
461
463
464
459
462
463
463
460
466
467
464
467
473
476
477
477
485
490
499
493
497
516
521
525
525
516
526
522
517
504
515
510
508
496
500
498
492
488
493
495
491
485
493
496
499
493
499
498
491
498
499
499
493
495
498
499
496
489
495
493
492
485
490
493
494
489
494
493
491
491
496
497
497
492
493
496
498
495
498
501
501
493
500
500
500
495
498
497
497
489
489
495
496
498
493
495
498
501
495
496
500
501
499
490
489
494
494
494
487
491
493
491
484
487
492
494
490
483
486
491
492
488
483
487
490
490
484
483
489
490
492
484
484
488
490
487
482
487
487
483
480
486
485
483
480
479
485
484
479
479
479
481
474
475
479
479
478
474
478
480
482
476
474
481
481
479
474
478
480
481
474
475
479
479
479
474
478
479
482
477
482
484
479
481
486
488
486
481
479
483
483
484
474
473
478
478
475
469
472
476
476
475
476
479
481
475
478
482
482
480
475
483
482
484
478
479
484
488
486
482
488
491
487
487
494
497
496
491
496
498
498
494
496
498
499
489
489
495
495
492
490
498
499
492
493
501
504
502
501
504
509
504
498
505
505
502
499
505
502
504
495
498
503
504
497
501
506
508
504
503
509
512
504
504
510
510
504
501
506
506
498
496
504
506
502
500
507
509
505
504
512
513
508
509
514
515
507
505
511
511
506
503
512
512
512
506
512
514
512
507
512
515
515
507
513
514
507
504
511
511
507
507
510
513
512
504
511
517
515
512
521
522
521
514
521
521
515
513
520
520
513
513
519
519
515
511
518
519
511
515
522
528
522
524
528
529
525
520
524
524
513
515
519
518
510
516
519
521
514
519
525
523
518
524
526
524
518
525
523
520
513
521
520
517
512
516
516
514
506
513
514
510
506
512
513
513
507
515
515
506
506
513
511
511
508
511
503
504
507
507
496
498
504
504
497
504
506
507
500
505
507
504
501
506
508
506
501
510
510
502
505
510
511
506
511
510
514
503
506
510
509
502
503
510
511
504
504
510
508
500
502
506
504
500
500
502
503
494
499
500
494
495
500
500
494
499
500
500
493
499
502
501
495
500
499
496
492
498
499
499
490
494
495
494
487
489
495
494
488
488
493
497
498
494
499
501
504
501
498
503
505
507
502
508
509
511
505
508
510
513
505
508
512
515
508
510
512
513
503
505
511
510
503
503
510
510
509
504
511
514
507
508
513
515
512
510
513
515
503
506
510
509
500
500
507
509
509
499
506
506
506
504
497
496
502
503
500
498
493
494
489
494
494
496
489
495
498
498
492
501
502
502
497
499
503
505
500
502
508
509
502
507
512
516
507
514
516
513
507
514
517
516
510
515
515
511
505
512
511
512
502
507
508
507
503
507
510
508
498
507
507
508
501
505
506
498
500
502
505
494
492
499
498
494
493
497
498
491
490
498
498
491
491
496
498
490
491
494
492
486
487
489
485
479
481
483
484
476
482
483
479
483
484
485
478
483
484
482
479
479
475
480
483
483
483
485
481
488
488
481
483
486
485
479
483
485
480
476
482
481
483
479
482
485
487
481
486
489
489
488
492
494
493
490
495
496
493
490
498
496
497
492
496
495
497
489
485
490
490
488
483
483
487
488
487
484
482
487
489
484
483
489
489
482
485
485
487
481
483
489
490
492
492
495
497
495
490
497
500
496
496
502
508
506
506
510
512
506
502
506
507
503
500
500
505
509
504
514
518
526
527
524
530
534
538
532
531
537
541
538
535
540
540
538
531
533
534
527
531
531
535
527
539
543
548
548
555
563
558
550
553
548
544
536
537
540
532
535
539
546
545
545
555
559
555
550
552
553
542
542
546
547
539
551
552
548
551
551
552
544
553
558
562
563
570
578
572
576
576
572
569
551
557
550
548
543
545
545
550
548
555
563
563
560
565
569
563
560
564
563
556
566
568
564
569
572
569
561
564
567
558
558
566
569
573
564
567
567
556
558
560
561
557
550
553
556
556
547
549
552
555
555
545
547
546
545
535
541
541
545
540
552
560
561
558
563
565
554
554
552
547
538
543
541
537
535
541
547
552
552
561
567
557
559
560
558
549
552
550
549
547
545
548
552
553
544
546
546
540
539
539
539
528
540
543
544
541
550
555
544
549
549
548
536
539
536
531
528
532
532
528
529
536
539
537
533
541
539
532
535
538
534
528
534
536
537
536
534
531
536
531
529
523
531
532
532
534
541
541
535
537
537
536
531
529
533
533
534
533
538
547
549
549
554
560
552
561
563
561
556
565
563
558
559
557
557
547
550
547
545
540
546
549
550
546
556
562
562
564
567
566
557
559
554
544
549
550
544
552
557
563
563
585
595
589
596
615
608
608
616
608
601
590
572
555
559
560
549
550
551
548
544
546
549
543
540
547
551
549
549
557
564
566
564
571
576
572
566
566
565
554
557
557
558
549
560
563
563
559
566
571
573
567
563
563
566
558
560
566
572
569
584
589
585
576
582
582
575
576
578
576
570
569
570
563
562
565
568
560
570
577
577
573
580
580
565
573
573
568
560
570
567
566
566
568
568
561
566
567
564
561
565
568
563
567
573
567
563
564
564
556
561
563
559
554
567
570
569
568
575
575
570
567
568
566
558
558
558
558
550
561
567
564
562
567
566
561
563
562
550
556
560
561
555
566
569
573
572
576
575
578
566
571
572
568
559
560
554
546
548
546
541
541
550
556
554
554
563
563
557
552
555
555
548
541
549
549
544
542
541
542
538
536
542
543
537
543
549
551
548
554
555
555
551
554
555
558
548
555
555
555
548
555
560
558
550
557
560
558
551
556
557
551
553
558
562
553
559
561
563
557
558
560
562
554
544
549
549
553
546
556
560
568
563
564
566
562
554
558
555
552
543
552
552
550
541
547
549
550
543
547
553
551
544
549
551
552
546
550
551
553
547
548
549
548
539
545
547
549
544
552
554
554
548
556
558
559
551
557
556
555
551
549
544
545
544
542
537
538
541
545
540
544
548
553
547
555
555
554
547
550
551
541
543
541
541
535
535
537
539
539
536
542
547
550
551
557
559
556
552
552
551
551
543
540
546
547
539
540
542
544
537
542
543
547
540
541
543
543
533
541
541
536
536
541
541
540
534
537
540
536
530
535
534
525
527
528
529
524
528
529
530
522
528
528
531
523
531
532
531
526
531
534
532
529
533
532
527
528
529
527
521
524
525
519
527
529
532
528
535
537
534
532
535
536
533
530
532
532
529
528
522
519
524
523
520
517
514
521
521
521
521
526
528
523
521
527
528
523
518
523
525
523
517
523
526
520
519
526
529
530
523
532
534
536
527
532
533
534
524
528
533
532
524
527
529
529
519
521
524
524
517
520
521
521
514
512
515
513
511
504
510
511
503
501
507
507
503
501
507
507
503
499
504
503
496
492
498
496
492
491
494
493
491
487
491
493
489
486
492
492
490
482
486
486
486
480
484
485
487
479
479
484
482
477
478
483
482
480
476
479
480
475
475
478
481
478
470
472
477
479
474
472
474
474
475
468
472
474
477
469
468
474
473
470
468
474
473
472
464
469
473
473
470
467
468
470
470
468
464
466
468
466
464
461
466
466
465
460
461
465
466
463
457
458
464
462
462
455
456
456
460
463
463
462
459
458
464
465
463
457
460
460
460
455
457
457
449
448
453
454
449
446
449
451
449
446
448
449
449
447
450
451
451
447
450
454
456
454
448
452
455
457
451
450
454
457
455
451
452
454
458
455
450
453
453
455
449
452
453
452
449
447
454
454
449
446
452
452
450
443
448
450
451
445
444
448
448
448
444
444
448
448
449
446
442
442
445
448
446
443
439
443
445
445
440
440
443
447
441
441
445
444
442
443
444
445
441
442
446
445
440
445
447
449
443
446
448
450
446
447
451
451
448
452
454
454
448
456
455
456
449
453
455
457
453
458
457
452
453
459
461
455
454
458
460
454
457
459
458
454
456
459
460
453
455
458
462
460
453
462
461
463
456
457
463
462
461
454
459
462
462
457
457
460
461
459
456
460
460
456
457
461
462
460
455
463
463
462
457
463
462
461
459
463
464
457
460
461
466
457
458
461
464
457
460
462
463
460
462
467
467
460
462
467
468
461
462
465
468
462
460
467
465
461
460
465
466
458
461
463
461
459
462
466
465
460
458
462
465
459
460
463
462
457
460
464
466
460
467
467
464
465
471
473
465
469
472
477
469
469
475
476
469
471
472
472
464
469
468
471
463
462
468
469
465
464
468
471
466
466
472
475
470
474
476
477
473
476
478
479
469
475
477
477
471
478
479
475
474
479
479
483
477
481
484
479
479
483
485
479
482
484
483
476
479
481
483
475
479
479
479
474
472
477
479
478
475
475
466
473
472
476
467
473
473
474
466
468
474
473
472
465
471
471
466
467
470
474
466
467
472
471
468
472
476
472
466
473
471
466
469
472
473
465
471
470
466
466
473
472
470
467
472
473
467
472
472
475
466
468
470
472
468
467
473
472
464
466
468
473
465
467
470
469
467
466
472
472
475
466
466
471
474
468
468
471
472
463
467
469
470
464
466
469
468
467
469
471
468
462
470
470
464
464
468
473
471
469
469
473
474
474
463
463
470
473
470
467
472
474
472
474
471
470
461
465
466
466
465
466
463
464
469
469
470
465
471
473
476
472
473
479
480
479
475
481
483
476
475
477
477
479
479
480
482
479
483
485
485
479
484
485
485
482
487
490
485
488
488
492
483
486
489
488
485
489
491
484
488
491
494
491
495
495
490
493
495
489
488
491
489
484
489
495
491
495
497
501
497
505
504
510
504
505
509
512
512
507
514
516
508
516
517
519
518
517
518
518
515
520
522
521
526
527
532
527
530
534
533
535
528
527
529
525
520
529
532
528
539
546
549
544
547
548
535
538
534
530
526
517
521
523
529
538
530
531
536
539
535
528
533
533
535
525
528
529
531
521
527
529
531
524
534
534
537
539
530
535
533
527
529
529
527
521
528
531
534
526
534
536
528
533
534
527
526
529
529
523
529
532
535
533
539
544
538
544
548
536
544
544
538
540
539
538
529
539
541
547
549
553
547
544
537
532
524
524
524
525
523
529
539
539
542
551
553
542
546
544
544
531
538
537
539
532
540
543
545
538
549
549
543
548
551
545
548
547
542
537
541
538
534
541
539
540
545
540
543
547
551
551
540
541
541
537
536
529
526
526
525
525
519
523
525
526
527
526
526
524
518
513
517
514
513
514
508
515
516
517
521
527
531
528
533
533
534
529
530
530
527
517
519
518
520
524
514
519
518
524
525
525
516
520
532
532
531
543
544
533
534
536
547
554
558
551
548
537
538
531
526
522
521
524
534
541
531
543
548
550
564
569
560
556
548
560
553
552
551
551
542
543
541
532
530
528
525
526
531
536
534
521
546
544
545
548
549
546
546
539
528
527
525
524
523
535
558
614
624
623
592
583
579
572
567
563
563
562
562
554
562
561
570
583
607
613
620
637
640
641
662
645
657
655
639
645
643
652
648
645
628
613
610
610
624
658
747
740
757
731
683
671
655
637
615
615
616
616
621
622
624
624
617
610
592
590
588
591
596
631
649
653
641
636
633
636
629
623
618
613
601
589
590
585
604
631
644
702
737
749
788
748
738
708
692
683
657
665
657
662
675
661
643
634
633
637
626
633
635
631
652
646
675
659
673
659
657
664
654
663
649
663
653
656
661
666
670
683
675
685
676
675
654
638
624
610
599
588
580
590
600
646
663
697
688
696
676
659
641
635
625
618
613
616
610
635
651
671
672
721
701
744
724
675
681
669
652
658
664
668
646
663
677
692
672
698
705
704
676
683
681
677
663
676
681
669
677
677
684
679
670
656
647
632
613
612
612
612
634
672
699
727
692
728
710
696
692
687
668
664
668
671
660
685
684
699
693
710
706
691
690
691
690
662
646
645
648
643
653
676
694
711
702
693
682
661
638
620
617
608
610
630
644
653
660
678
672
657
647
652
646
656
667
664
665
681
664
663
673
670
662
656
657
655
651
659
642
656
657
648
662
663
657
673
675
677
667
655
646
644
627
610
604
593
606
605
626
637
647
643
639
633
624
620
617
613
621
628
633
643
660
667
688
690
689
679
665
653
635
621
610
604
594
580
594
645
726
725
713
705
689
670
654
636
614
605
592
581
573
567
565
565
553
552
545
555
553
547
563
574
580
583
583
578
580
578
569
564
562
553
548
551
548
547
545
549
550
549
550
553
554
548
553
553
551
548
543
546
542
538
535
529
533
533
527
532
531
528
532
531
529
528
530
527
525
523
521
521
518
521
520
520
519
519
522
524
524
527
524
528
528
527
528
526
526
524
524
521
519
522
523
525
519
525
526
523
527
529
532
524
534
537
534
530
538
537
535
536
540
538
537
530
535
536
534
529
527
534
533
530
532
538
541
541
549
553
550
552
556
553
546
548
548
546
539
543
542
537
536
541
544
545
556
564
565
574
580
575
580
587
582
588
622
616
618
609
611
607
604
594
589
566
558
552
550
547
551
543
551
554
549
555
556
557
550
548
553
550
542
543
545
545
538
545
549
552
546
559
563
568
562
563
563
565
562
562
562
561
555
561
563
556
560
564
562
563
566
566
567
565
570
568
570
576
572
576
577
578
570
574
574
564
571
571
562
568
566
563
563
566
562
563
565
568
563
575
577
569
576
576
569
570
571
569
564
570
563
571
576
572
568
571
571
565
565
561
561
562
563
561
562
563
559
560
562
563
560
563
563
555
553
554
554
554
559
563
565
564
568
570
562
566
563
556
547
545
535
544
539
540
543
544
542
542
541
537
533
529
524
521
520
518
519
525
534
538
542
549
552
546
546
544
540
536
534
535
539
538
541
550
553
564
576
588
577
579
580
580
578
569
560
554
552
553
556
571
591
598
598
613
606
610
604
598
593
589
580
578
578
576
579
587
589
589
596
604
606
599
597
598
595
588
590
587
576
582
582
579
587
597
601
593
596
601
602
601
599
596
593
585
579
579
578
572
577
581
580
589
607
620
614
625
624
614
590
600
591
592
593
604
598
595
596
595
592
591
580
582
586
590
586
593
601
597
604
614
599
602
598
598
585
593
593
592
592
593
594
584
590
589
585
582
587
589
583
586
589
590
577
583
582
577
573
575
573
567
571
571
568
570
569
571
572
572
573
561
565
564
561
560
563
567
564
565
565
565
558
562
559
552
550
551
552
551
544
553
553
544
551
550
550
544
547
546
542
539
544
544
546
542
543
547
548
544
553
556
562
560
563
566
564
557
561
558
553
545
543
549
549
549
550
553
552
551
547
544
541
532
534
535
536
532
539
547
543
536
549
551
555
558
558
555
554
555
552
549
546
546
549
550
552
556
561
558
562
567
570
563
568
575
572
574
577
578
571
579
578
572
569
567
564
564
563
554
560
561
563
554
562
563
559
555
558
557
549
553
555
554
552
557
559
558
552
557
554
559
551
553
554
557
553
550
554
556
558
553
558
561
559
557
561
563
565
559
563
563
564
561
564
569
565
566
572
575
569
563
571
569
569
566
565
565
560
564
563
560
558
558
562
556
566
568
564
572
571
569
568
566
566
563
561
558
556
552
549
543
547
550
547
550
559
573
582
586
568
580
574
571
562
553
558
552
548
537
542
545
545
537
546
549
548
543
549
551
543
549
551
550
549
550
552
550
546
552
554
556
552
557
559
562
561
556
561
562
557
555
555
560
558
557
560
560
556
563
562
563
560
566
571
570
569
572
576
579
575
570
573
574
573
576
577
575
581
584
580
582
587
584
584
586
588
582
581
583
579
572
576
578
570
573
577
572
566
572
576
563
571
571
569
571
571
572
564
571
572
570
572
562
567
568
567
571
572
573
575
570
572
572
570
569
570
568
563
565
565
565
562
567
568
574
568
578
584
590
579
587
585
581
575
576
573
565
566
562
562
554
557
559
549
560
562
563
560
564
567
568
564
566
567
563
567
569
562
563
563
559
561
562
558
562
562
565
560
566
565
566
561
562
566
566
560
564
568
562
563
566
565
559
562
560
560
549
561
563
562
556
562
565
560
564
567
563
559
564
563
561
558
563
565
567
565
563
563
563
553
560
557
556
552
554
557
559
563
557
561
565
573
578
570
573
576
574
568
570
569
567
560
554
553
547
551
558
562
569
573
572
572
568
564
560
556
554
551
552
548
552
555
551
561
560
563
563
565
559
563
564
559
557
557
558
557
550
556
556
556
552
558
560
562
555
559
559
559
553
557
555
551
555
555
552
550
556
556
558
552
560
560
565
563
555
560
561
555
560
561
561
556
563
562
563
557
559
561
563
561
569
572
574
578
579
576
573
573
573
568
569
569
570
564
565
562
562
562
563
562
563
563
561
563
563
563
558
561
563
557
563
566
563
561
564
569
566
570
573
573
568
574
572
568
567
565
565
558
558
560
559
560
560
564
568
571
569
570
569
571
566
567
567
563
560
558
559
560
556
562
564
558
565
567
565
559
564
562
555
556
555
552
550
551
546
545
541
533
535
534
536
534
542
548
547
533
546
549
554
554
558
560
560
555
547
542
541
543
540
531
525
533
538
548
554
570
587
592
589
595
593
590
590
588
589
591
593
588
591
594
597
616
622
632
645
666
659
622
619
606
595
586
571
557
554
552
556
575
626
821
764
759
721
676
642
620
601
604
606
607
632
653
646
666
682
664
684
693
671
685
689
676
695
684
667
681
663
666
675
659
677
665
643
630
633
671
682
686
655
655
656
654
649
646
644
639
627
621
614
606
599
601
594
596
591
592
592
601
613
615
639
656
671
649
646
658
653
637
631
638
638
625
646
662
661
701
713
701
705
701
687
681
671
657
650
637
635
623
618
633
639
691
708
715
747
727
733
737
708
700
694
668
657
659
663
663
707
723
716
755
732
725
725
712
698
686
665
655
640
630
616
604
603
616
636
663
673
679
673
674
683
669
662
658
651
641
634
636
636
629
632
647
676
687
686
703
704
683
682
673
665
656
631
626
619
609
614
624
648
643
647
650
641
642
636
630
611
599
592
589
594
621
705
758
791
792
762
735
713
704
660
662
652
640
641
1268
628
636
637
641
647
647
651
656
661
687
697
694
695
721
740
744
764
736
726
712
698
682
681
678
682
693
735
720
699
683
687
702
714
717
719
722
725
736
738
757
760
763
784
782
795
799
803
820
804
821
827
830
826
829
824
811
813
800
808
802
794
762
748
738
724
721
709
701
692
683
677
670
665
657
656
687
736
814
900
901
871
807
778
762
768
750
764
780
794
793
818
819
813
794
799
784
779
759
758
761
761
768
756
763
762
776
758
764
772
754
757
762
762
753
759
765
769
746
735
723
746
745
730
735
729
716
707
687
694
710
736
757
774
764
764
746
721
699
680
663
654
661
665
680
702
709
735
779
822
814
818
817
807
778
768
762
775
768
765
776
778
779
806
807
787
775
788
771
770
778
781
777
786
783
785
793
797
796
787
796
801
780
780
780
780
794
800
791
791
786
779
792
772
756
752
757
752
741
736
727
726
719
696
689
691
693
707
729
747
746
728
731
729
738
766
779
796
814
821
804
823
801
814
819
825
815
810
797
805
806
783
787
789
790
789
776
781
789
777
795
785
780
781
771
773
788
779
797
795
794
824
807
806
797
785
795
790
773
765
748
757
802
797
792
818
800
774
761
742
728
719
706
697
717
755
806
808
838
829
840
805
798
784
771
766
783
773
779
802
810
807
797
780
780
771
773
777
771
778
794
792
801
792
779
779
786
785
795
792
778
778
767
772
769
770
771
767
773
774
771
777
776
780
782
798
789
769
754
733
741
771
746
740
729
729
732
743
774
764
755
757
755
773
773
782
776
783
782
782
775
779
769
754
729
709
698
684
673
664
671
673
679
673
673
678
668
676
704
742
783
792
814
817
793
779
773
762
758
760
752
762
771
778
789
790
788
778
782
780
777
769
768
772
766
761
763
755
766
771
764
770
763
768
773
769
756
753
763
754
752
764
774
768
764
771
760
751
762
777
768
773
789
775
776
780
779
778
786
783
783
791
787
784
789
782
777
776
773
767
767
762
766
775
765
761
751
759
764
767
775
772
771
793
771
754
745
729
724
717
716
729
739
729
746
739
741
729
713
710
721
744
766
772
771
779
781
789
774
769
764
758
753
760
770
770
771
782
776
773
774
778
755
758
765
761
752
758
771
763
760
771
773
767
768
771
765
754
759
762
757
764
771
770
777
798
781
785
800
779
791
788
785
794
792
793
808
796
809
802
800
805
788
809
801
797
806
803
789
791
802
791
786
801
813
792
795
806
787
779
781
792
804
798
783
787
793
799
777
771
779
784
771
782
791
776
771
779
789
773
787
783
772
785
807
790
797
823
806
810
826
815
840
833
824
834
806
813
811
811
815
800
794
775
762
769
814
857
850
835
824
800
789
810
835
847
894
906
968
968
957
927
866
853
837
837
842
845
857
846
862
878
880
838
801
800
781
771
760
764
759
735
748
763
791
818
798
788
783
788
777
768
767
780
782
772
763
753
758
799
817
804
793
773
768
770
787
785
816
845
896
896
922
910
886
868
856
848
834
829
835
816
831
824
827
836
837
836
828
830
838
830
813
788
794
805
809
792
813
849
820
805
819
823
799
787
801
795
786
802
820
811
821
837
826
818
829
809
806
809
812
806
825
842
826
852
860
814
818
831
813
836
852
835
853
863
852
896
857
830
834
824
804
810
821
815
828
845
836
871
871
857
868
859
853
855
821
830
819
848
826
851
838
862
854
848
848
839
816
835
839
837
856
876
861
879
876
839
854
833
819
838
834
815
836
827
817
831
840
824
792
783
792
807
802
787
806
819
813
811
831
828
808
812
823
804
823
835
813
832
861
858
851
848
817
837
832
817
847
827
840
844
806
796
803
791
772
770
742
724
688
706
712
702
693
683
672
662
649
635
615
602
603
596
588
579
574
566
561
557
551
545
541
536
533
528
527
525
524
525
528
531
532
536
541
546
550
552
555
558
557
556
554
552
551
550
548
546
546
547
544
544
545
545
544
544
545
544
545
543
545
542
543
544
545
547
547
549
550
549
551
550
547
548
547
546
548
550
550
550
550
550
551
548
546
546
543
539
539
538
534
533
534
534
532
533
532
533
535
539
545
553
555
556
558
557
558
557
551
552
551
549
554
553
556
561
560
565
565
568
572
570
570
569
566
562
556
556
554
551
551
543
551
552
558
568
576
574
576
577
575
572
567
565
563
563
564
565
572
575
583
593
605
604
604
604
601
595
589
585
582
582
590
604
619
625
644
650
659
652
638
630
624
612
608
615
615
620
622
619
605
613
619
621
640
651
654
649
640
623
606
601
589
589
592
595
602
605
612
616
615
604
602
604
603
620
633
643
644
633
626
614
605
603
605
600
594
569
582
612
664
718
691
699
672
653
636
619
605
594
582
575
569
564
559
557
555
552
559
559
566
578
590
610
622
627
649
637
640
641
624
618
613
604
604
600
593
602
610
627
660
692
679
690
668
680
662
668
650
653
643
646
649
650
646
649
658
655
659
671
673
668
652
638
628
622
616
616
608
610
607
593
598
602
593
600
615
624
645
664
663
656
639
628
614
596
596
592
591
623
720
976
823
832
864
837
803
771
742
695
701
661
677
695
685
687
681
720
718
682
697
711
713
761
771
719
719
722
766
778
781
759
722
700
723
728
726
691
679
704
714
698
705
716
730
691
716
688
738
705
717
721
777
800
781
767
748
721
686
656
663
664
673
741
729
780
803
763
714
708
716
707
696
681
663
646
631
617
625
643
719
754
890
894
852
792
720
706
698
700
718
733
696
698
706
699
680
682
668
666
666
649
649
660
659
682
689
690
727
761
797
798
791
768
715
704
705
728
750
769
728
755
745
713
756
774
754
738
713
685
655
656
627
641
652
686
723
755
812
892
891
859
776
739
720
726
725
723
675
711
714
695
693
691
676
663
656
638
643
638
641
665
682
780
854
842
801
766
753
747
728
709
688
669
651
645
647
668
669
667
642
647
650
644
621
623
620
624
634
687
722
812
795
838
846
807
764
717
668
665
668
672
671
664
657
657
676
677
673
658
638
641
622
616
618
629
665
679
702
780
871
885
874
836
786
722
705
693
671
701
716
711
696
688
664
641
639
631
608
618
622
648
696
703
717
750
812
825
796
772
725
714
702
687
689
704
715
729
732
720
696
681
680
676
669
669
673
666
650
639
635
619
610
613
620
640
678
702
707
682
705
718
755
759
750
758
759
733
714
685
659
657
645
623
643
644
701
801
929
891
884
850
771
758
757
735
722
721
703
680
651
651
639
628
623
638
670
707
740
759
743
760
742
698
678
664
638
640
652
721
798
797
851
823
792
780
770
735
719
710
684
646
650
631
626
636
673
693
722
726
756
795
768
721
702
697
689
681
664
652
641
631
604
604
596
609
639
693
797
770
732
762
762
725
702
701
677
663
666
679
665
682
689
665
654
653
658
644
649
665
675
674
665
671
663
633
636
624
614
616
622
621
642
672
678
654
656
666
659
659
671
673
660
661
642
632
628
608
624
628
627
649
686
689
683
663
669
651
658
662
656
666
681
664
656
660
666
679
680
667
662
646
638
618
624
628
632
628
621
640
637
645
669
693
710
702
683
671
669
640
628
628
630
626
640
656
643
664
668
688
706
700
681
675
650
626
617
607
617
624
633
628
640
651
632
617
622
625
635
638
637
627
612
605
610
615
619
617
630
634
626
621
605
605
601
595
589
590
590
583
587
589
589
588
597
588
595
596
593
595
593
601
605
606
604
619
627
622
617
608
597
595
591
584
584
578
593
598
604
598
605
605
610
620
623
627
627
614
612
613
607
616
628
618
620
620
620
618
615
608
598
587
590
588
591
600
616
615
621
629
623
622
617
618
617
609
605
600
592
593
594
599
608
608
606
607
608
601
583
581
577
578
582
624
737
754
800
799
794
735
717
709
698
693
688
671
650
646
623
643
655
670
679
701
717
714
720
707
686
678
660
656
642
616
615
628
645
675
693
704
697
683
660
664
673
674
660
675
675
672
675
680
679
670
660
656
661
655
658
703
703
709
700
686
672
658
646
630
611
606
624
643
679
701
708
689
663
676
664
656
644
632
622
611
623
620
619
635
658
691
754
772
771
748
723
697
670
651
634
604
597
596
604
624
656
675
664
684
714
721
769
786
768
757
723
700
681
650
641
631
620
603
615
640
656
670
677
664
666
680
690
697
702
693
680
671
655
632
618
627
629
635
644
662
673
671
683
681
663
659
641
621
614
621
648
701
773
789
805
787
767
743
721
691
674
656
636
620
622
617
612
608
625
633
638
641
645
638
635
627
618
611
601
606
610
643
676
686
700
704
724
720
703
688
647
645
646
630
630
634
636
638
636
633
628
627
615
617
622
628
626
624
632
646
658
670
675
673
661
644
627
627
627
621
615
630
621
654
678
683
678
678
685
700
694
690
686
664
673
678
678
665
662
661
640
636
634
626
628
639
639
640
646
640
627
620
637
649
651
658
654
653
646
637
627
618
607
610
628
654
676
699
717
704
729
731
705
688
659
661
647
639
635
626
611
631
632
638
639
646
681
700
699
697
689
673
656
659
653
644
642
638
630
622
610
619
621
623
624
628
644
682
711
727
742
720
709
683
650
646
639
634
632
636
628
621
638
645
656
665
655
656
687
679
664
685
688
679
675
653
653
657
652
652
652
652
637
634
646
631
646
666
675
683
695
688
681
679
665
649
639
629
619
604
604
598
604
605
619
645
661
693
712
720
712
741
737
727
710
692
668
651
636
625
610
607
610
625
672
677
686
683
684
688
676
661
662
675
688
689
692
671
663
660
654
652
636
630
620
633
645
666
695
714
710
701
670
659
647
636
636
637
646
655
705
690
748
787
785
777
756
731
703
665
655
663
666
701
731
733
736
728
714
694
678
647
633
634
642
664
728
754
722
705
710
699
683
685
659
653
661
668
675
679
672
660
650
630
630
626
624
623
620
626
629
635
658
706
763
757
721
742
746
730
714
693
675
658
642
616
617
624
634
654
687
695
698
675
681
669
668
656
671
703
741
768
813
822
815
805
748
726
701
677
665
654
647
638
632
619
620
627
655
668
684
711
762
752
740
739
723
700
671
649
661
661
667
686
689
679
667
670
666
653
657
646
665
701
704
697
675
670
701
700
704
713
702
678
660
665
674
681
683
681
665
661
641
650
648
666
661
692
694
724
726
802
768
765
756
741
720
697
683
665
642
642
630
637
629
639
683
724
752
773
753
714
691
680
697
707
705
702
691
677
666
641
646
648
656
661
664
652
646
645
658
693
752
756
764
751
732
714
687
658
649
631
627
627
621
630
650
672
689
688
665
666
661
654
646
634
616
623
628
629
639
647
660
699
711
734
717
678
670
670
662
650
635
630
633
646
661
663
663
667
665
660
675
689
693
698
691
677
660
647
647
646
634
646
649
651
654
685
709
724
727
728
769
755
729
723
716
690
654
653
646
641
636
651
697
693
698
728
764
780
783
791
774
743
697
698
672
653
632
631
634
636
635
649
665
681
685
674
657
664
669
662
650
640
621
626
624
625
623
627
628
630
630
648
668
679
680
665
646
638
643
641
635
640
625
628
638
649
656
648
653
670
669
669
654
637
643
649
647
650
657
639
646
652
654
666
659
638
645
646
643
642
638
626
618
628
626
618
626
619
629
645
655
656
663
646
654
657
654
650
646
646
636
626
633
631
636
647
653
646
630
636
643
644
643
644
646
650
639
632
631
631
628
624
623
612
620
628
632
639
652
650
658
660
649
653
650
646
625
626
609
610
600
616
647
670
666
662
661
669
682
673
670
641
1229
597
604
598
595
595
594
589
585
580
571
568
563
559
552
549
546
543
540
536
535
528
533
535
546
551
559
559
566
569
569
570
569
571
572
570
567
570
570
567
563
561
562
562
563
561
565
568
568
569
565
565
565
568
563
563
564
562
563
563
561
558
559
556
552
551
552
551
552
559
569
590
589
595
593
604
601
598
587
582
586
588
595
607
621
632
639
637
636
620
611
604
593
586
577
569
564
558
552
545
536
534
532
527
528
524
521
524
530
543
543
550
550
547
555
565
580
578
585
588
600
597
599
596
594
586
581
579
575
570
566
569
570
568
565
570
573
576
581
586
584
583
581
576
573
569
571
571
576
581
575
585
588
594
583
587
588
586
590
594
593
604
605
609
610
606
613
608
603
597
593
612
621
631
639
634
631
618
600
601
598
592
587
592
597
597
603
612
626
630
614
610
604
594
601
607
614
599
595
597
594
594
604
619
616
608
619
620
613
619
595
600
595
590
586
581
584
589
588
585
583
577
576
569
562
558
561
563
558
560
565
574
572
567
574
577
575
567
575
576
574
571
575
576
565
577
577
576
585
587
580
589
595
585
595
588
593
590
598
601
590
606
607
606
609
604
599
590
585
574
568
564
563
563
566
576
579
587
590
583
588
588
578
584
583
574
581
583
586
586
575
581
582
583
577
581
582
575
573
576
577
579
570
575
577
574
567
572
573
565
570
574
579
571
577
579
578
569
572
570
563
565
567
566
560
564
567
574
583
582
576
579
578
578
581
584
573
579
582
575
580
581
578
580
577
573
569
561
555
557
554
557
566
571
584
570
576
579
566
573
578
570
571
579
582
580
569
574
572
563
570
576
569
582
588
575
584
588
573
583
584
574
584
590
581
581
584
588
585
591
598
599
614
624
609
612
611
596
598
597
586
591
592
585
590
599
594
604
603
598
590
596
593
590
590
593
602
597
604
602
595
600
589
595
597
591
601
604
594
604
610
600
605
607
597
597
599
592
587
585
582
576
573
565
565
573
578
589
601
591
604
608
598
607
607
599
593
597
592
581
586
586
583
578
586
585
582
592
595
587
593
595
587
587
587
584
578
582
580
575
574
578
583
575
587
592
592
606
603
608
617
627
635
637
673
666
663
633
667
645
626
627
635
652
663
670
666
670
650
643
622
625
628
607
617
617
602
604
605
594
595
592
584
584
585
574
580
584
575
583
588
589
595
604
604
612
620
610
613
617
604
604
608
602
610
614
621
630
638
620
631
639
623
616
613
616
604
604
605
604
604
594
597
596
592
599
601
592
610
611
615
603
606
607
598
603
601
590
594
593
588
587
592
593
583
596
601
604
597
598
598
594
589
574
575
566
561
555
554
557
554
537
548
546
542
537
534
529
520
521
521
522
528
539
538
530
536
544
556
563
563
560
559
550
542
546
543
542
536
535
532
537
554
565
592
602
596
606
606
604
605
592
590
580
578
572
571
571
564
576
577
573
579
578
578
587
588
579
593
598
596
595
591
583
584
577
580
585
588
596
600
594
596
595
598
599
606
605
609
606
609
613
607
611
611
606
611
613
617
610
620
627
625
643
636
633
632
613
615
601
595
592
587
587
582
580
580
578
578
572
576
577
573
579
586
582
585
585
583
584
585
582
583
582
577
579
574
574
568
571
569
569
576
576
570
575
577
583
578
576
573
572
564
562
563
563
558
561
568
577
570
572
578
586
581
576
582
586
576
590
597
591
597
601
596
599
593
600
602
601
602
600
593
582
583
583
587
587
593
601
603
594
598
590
595
601
591
595
595
595
586
590
584
582
589
579
589
593
591
595
597
590
601
600
593
593
589
581
584
581
580
582
577
577
577
581
581
576
580
573
575
577
586
586
591
593
595
585
594
589
584
574
583
586
590
583
594
601
604
605
612
609
607
607
612
604
604
597
595
587
586
585
580
590
599
597
593
601
606
600
606
599
593
592
585
586
584
579
584
591
586
592
604
603
604
611
606
613
604
608
606
604
601
608
597
605
597
604
604
602
598
597
588
593
594
586
589
591
589
584
586
581
582
583
575
583
588
589
587
584
586
586
583
581
572
570
572
567
576
585
582
592
597
587
593
590
576
579
577
567
568
571
567
559
565
565
560
564
569
569
563
571
579
585
578
585
590
580
596
590
591
592
589
578
585
580
569
576
573
568
567
574
571
573
580
573
589
592
589
594
589
585
578
568
570
565
561
566
569
568
576
577
571
575
575
577
570
570
573
568
569
572
574
576
579
579
580
576
574
575
567
570
574
579
573
586
591
590
594
597
592
593
584
584
581
575
578
581
570
579
573
571
576
572
573
578
579
575
577
577
579
580
577
573
574
573
567
569
572
564
571
579
581
583
594
584
589
592
587
577
575
571
564
556
559
552
559
567
565
574
582
582
581
586
582
573
571
568
558
560
561
563
568
581
595
584
601
610
620
620
623
610
616
609
600
600
594
582
581
586
584
590
583
590
601
602
587
593
595
588
592
589
586
588
591
589
589
582
579
566
568
566
567
573
571
591
594
588
