842
829
851
854
836
838
831
835
837
841
836
832
839
845
845
839
837
841
838
839
827
820
813
810
799
800
796
799
798
806
813
819
825
832
837
833
826
826
822
813
804
807
810
810
812
822
829
829
828
831
831
824
821
824
821
816
812
813
812
805
798
809
806
808
806
812
822
822
818
809
826
837
834
835
838
835
828
828
823
817
814
811
807
799
799
800
804
811
822
848
852
850
833
855
848
845
836
836
832
834
847
845
829
849
848
835
829
829
820
849
854
848
846
841
836
848
847
830
838
839
827
827
829
824
820
809
826
821
815
836
832
824
841
836
823
817
834
822
805
820
815
800
800
813
800
785
799
794
789
774
796
791
781
779
792
787
775
776
781
780
774
798
800
797
790
814
813
799
795
804
802
785
798
796
791
778
801
794
789
784
781
774
797
793
783
791
798
799
783
792
798
795
781
801
800
789
784
812
814
814
794
807
814
807
790
809
809
782
806
817
819
804
807
822
830
822
823
834
842
829
837
852
858
851
848
863
864
853
850
850
847
831
835
840
832
831
838
837
836
834
836
839
834
827
824
811
811
817
821
818
815
806
806
803
821
813
815
832
832
828
825
816
813
820
814
813
815
998
626
820
831
839
825
853
859
850
851
867
856
862
867
860
846
861
834
831
812
826
825
807
825
818
801
813
812
806
793
826
829
814
813
829
834
817
822
825
825
809
819
834
833
826
820
817
807
819
813
804
794
803
799
788
778
783
767
801
778
790
793
791
787
783
772
779
782
780
774
774
779
774
770
772
772
442
292
487
4252
784
784
788
777
788
787
789
264
409
905
825
813
823
816
832
836
837
847
836
845
852
869
887
900
887
912
930
936
915
937
946
909
944
959
942
916
942
938
916
932
946
937
924
945
946
920
931
938
918
910
930
929
909
930
936
923
923
943
928
917
914
915
896
909
1809
896
909
888
928
944
940
933
962
976
952
978
995
967
946
945
957
950
922
943
952
945
925
953
946
926
953
976
948
922
941
913
901
894
885
337
516
860
865
855
833
850
841
821
1646
812
799
795
794
784
776
773
764
775
771
765
592
973
787
783
797
796
793
803
815
1222
1207
822
813
813
818
817
811
815
807
799
804
803
805
802
805
802
807
815
806
804
802
808
809
806
786
798
794
792
789
787
786
786
783
780
777
773
770
761
759
754
748
747
745
745
743
745
743
740
736
742
742
739
735
739
737
734
734
734
735
736
734
738
743
742
742
745
748
747
742
739
740
734
749
748
749
747
751
755
757
762
769
767
755
756
750
778
771
776
814
831
842
851
846
848
860
844
877
892
891
880
867
855
874
892
888
878
899
919
921
904
940
964
975
942
964
971
947
956
949
937
920
933
923
900
921
926
928
913
889
924
943
966
972
979
959
947
937
912
890
868
850
837
826
812
827
881
866
864
858
873
865
843
846
832
816
818
802
787
788
783
766
776
778
777
773
795
804
797
285
527
824
815
805
830
819
814
798
817
811
796
785
802
800
783
800
805
797
791
799
797
785
797
801
798
797
794
796
794
785
776
790
769
783
770
764
782
790
789
789
801
803
803
800
792
796
795
811
802
1604
2413
800
807
795
818
827
808
833
815
834
846
822
846
845
863
861
863
890
905
889
903
924
933
905
919
932
942
913
923
935
953
922
931
941
939
911
938
952
936
915
939
944
930
919
938
947
913
919
929
919
903
920
919
899
938
918
903
908
922
897
887
875
869
509
1224
863
862
881
877
885
903
907
885
910
917
919
904
920
937
904
916
929
919
904
921
928
914
910
930
932
900
910
919
909
899
917
926
911
905
933
941
910
914
920
905
886
887
876
885
893
873
882
900
904
894
909
918
917
900
905
892
895
912
912
892
911
928
913
907
930
938
919
903
918
922
901
919
933
930
911
927
942
933
925
943
947
921
927
940
923
910
924
925
909
906
914
932
899
901
918
919
896
909
906
900
894
913
919
905
904
918
910
906
913
913
893
899
914
911
893
905
913
908
902
914
920
904
912
924
916
898
892
901
899
895
913
927
913
904
915
923
905
898
904
929
914
910
905
890
884
905
896
913
927
941
920
927
914
905
902
913
910
910
902
921
916
924
908
920
922
922
915
912
921
920
898
912
924
915
906
909
895
875
867
857
848
845
841
833
830
831
838
835
854
869
871
868
868
878
875
878
859
874
875
872
862
871
877
855
846
847
842
832
829
832
822
818
823
830
829
837
843
840
844
849
844
849
847
852
849
854
873
859
867
878
886
881
878
894
899
899
889
899
903
898
884
894
890
885
884
891
894
892
888
894
890
886
886
896
898
889
891
896
897
890
889
899
887
886
895
887
881
884
877
870
887
896
893
891
880
903
903
900
890
910
928
913
906
928
930
924
910
925
929
916
912
929
926
908
921
935
923
914
925
920
912
923
923
915
909
912
904
887
896
907
906
879
896
908
900
893
908
907
904
900
918
899
897
890
876
888
904
890
904
913
908
904
920
922
913
911
925
925
908
903
923
930
913
904
920
915
913
906
930
915
911
901
910
916
913
894
909
917
902
906
918
915
901
925
928
922
906
904
915
913
915
909
919
925
915
913
923
897
908
904
893
890
903
887
886
887
880
894
892
898
886
873
866
867
872
894
897
900
896
913
935
922
912
924
919
972
942
935
928
912
910
907
909
916
917
905
930
951
962
965
957
940
938
938
930
917
905
919
914
919
902
910
915
907
901
896
908
907
897
890
903
908
901
896
907
918
917
908
914
915
903
903
910
909
896
897
898
894
891
882
883
877
889
910
908
901
902
906
878
892
896
876
872
882
871
845
851
861
843
842
832
833
838
836
840
865
870
862
886
878
855
850
844
839
842
833
832
844
869
872
875
889
915
939
937
940
936
917
933
925
912
936
921
920
918
915
927
924
927
922
952
954
950
948
935
948
953
947
933
939
945
940
924
925
938
940
920
937
943
927
919
936
945
939
916
925
944
948
923
916
939
920
910
920
915
904
910
911
895
896
875
869
856
852
839
831
827
825
803
813
785
786
796
771
775
772
771
766
753
754
746
749
746
738
749
762
750
766
759
761
764
773
771
760
769
770
760
763
764
757
749
758
765
743
765
762
747
753
763
758
747
774
755
754
753
767
760
736
772
768
744
765
770
766
761
775
771
771
771
789
776
768
779
791
787
769
783
784
775
785
800
788
777
764
779
774
764
750
768
767
755
770
768
764
755
781
766
755
776
767
747
760
771
756
743
760
763
750
739
765
766
764
750
761
771
769
754
770
771
770
749
783
776
756
770
780
772
750
780
783
774
760
787
780
784
793
798
803
780
814
810
795
788
810
801
778
804
805
794
776
806
793
790
788
802
793
771
802
795
770
792
794
788
768
795
795
791
776
788
772
799
792
767
806
800
790
791
802
807
789
815
814
799
791
810
808
788
785
795
789
771
776
786
774
767
787
778
766
781
791
788
777
776
802
794
777
810
808
791
781
809
802
792
779
800
793
778
804
802
792
801
815
814
802
814
813
789
821
813
792
818
607
987
813
806
777
803
796
782
771
780
778
783
787
772
798
809
792
788
790
777
805
798
803
831
840
844
828
815
836
846
853
856
866
865
858
854
844
834
823
813
805
801
767
756
768
761
746
735
742
748
756
754
773
798
799
784
798
804
789
795
799
791
792
796
788
788
799
802
800
806
807
813
807
803
783
783
796
788
777
776
775
771
766
768
767
758
760
759
749
757
755
750
756
764
765
769
777
780
778
782
779
773
777
777
769
772
771
766
766
761
754
754
739
746
758
755
747
759
748
732
760
747
742
753
748
735
735
743
739
732
734
751
749
747
763
769
755
775
786
782
764
794
781
770
772
785
781
768
779
782
787
775
777
817
812
807
801
812
823
822
820
822
818
815
817
807
776
835
809
804
799
797
796
800
813
814
823
817
820
821
839
842
843
829
843
854
869
880
869
866
864
885
899
869
882
903
907
889
907
915
902
893
873
884
898
912
893
922
954
922
942
933
912
896
921
905
896
920
941
901
924
915
911
932
930
896
927
943
921
916
952
940
910
945
942
907
931
947
914
924
951
951
958
924
944
962
972
983
935
944
932
912
899
894
881
881
912
930
959
966
982
1006
993
979
953
931
911
923
926
929
903
916
935
948
936
915
944
953
942
917
916
920
926
903
933
936
909
926
923
900
907
917
891
894
901
894
883
872
863
860
859
869
859
868
855
863
867
855
849
845
859
860
848
841
836
834
831
823
814
813
809
813
805
814
814
811
808
813
818
811
809
812
817
812
819
827
822
826
828
815
805
810
809
802
787
794
795
780
774
780
771
762
766
770
762
761
766
767
760
756
760
762
754
753
756
751
745
747
747
744
740
742
741
739
736
738
738
739
737
733
739
741
736
738
738
736
734
732
740
740
741
740
747
750
748
751
757
755
755
752
757
756
751
752
757
756
756
755
755
755
756
760
766
756
766
764
762
752
754
760
761
755
758
760
761
758
762
766
760
764
774
776
778
779
782
786
790
803
811
809
817
792
809
805
796
804
816
835
845
890
854
815
825
837
821
842
843
844
842
852
844
842
855
869
855
855
859
847
843
828
827
822
818
824
817
812
820
831
817
838
844
845
875
892
866
894
934
959
928
938
967
929
941
977
938
925
958
962
925
959
1003
945
984
961
949
981
966
954
1010
952
945
991
942
955
994
943
969
1016
943
999
951
953
968
918
962
929
932
944
926
901
951
949
898
918
946
954
907
938
958
925
926
951
921
905
938
936
896
925
944
896
921
750
1053
945
965
932
912
950
964
937
917
960
966
927
971
952
929
958
979
933
942
980
953
943
948
938
933
924
971
961
936
975
942
932
963
926
924
939
902
899
924
892
899
905
881
899
921
919
899
904
880
877
885
869
850
866
844
833
832
819
801
811
797
778
783
772
764
776
761
755
762
779
776
787
806
806
812
827
817
816
822
818
812
826
810
815
814
807
795
782
770
759
758
771
755
781
791
792
782
806
830
842
831
822
839
841
847
854
857
860
859
857
855
832
832
831
802
794
806
791
783
797
791
802
820
822
816
822
839
823
828
832
829
821
825
826
816
820
824
811
780
799
788
794
790
782
772
773
772
766
764
763
760
753
758
760
752
756
762
761
764
773
772
782
787
782
770
789
787
779
780
784
777
769
753
777
763
756
756
762
755
748
752
761
750
741
766
767
761
764
778
767
769
770
774
769
762
773
768
762
756
762
767
769
769
757
765
800
802
800
790
806
801
787
794
793
785
778
788
790
791
788
784
804
812
804
808
813
809
813
806
833
838
822
818
840
838
830
830
830
828
856
873
879
866
868
891
900
876
899
920
903
929
947
909
929
933
923
921
949
933
921
943
927
916
932
929
888
917
937
927
889
914
927
897
933
910
917
947
908
931
929
902
937
912
899
929
903
907
921
894
920
887
896
871
895
912
880
902
930
894
914
930
905
945
911
922
950
903
914
930
942
904
907
935
909
900
917
895
915
941
900
920
950
901
904
901
914
937
902
907
919
895
894
897
898
884
905
897
881
896
903
886
909
912
893
914
910
903
926
923
911
921
927
900
908
924
907
882
905
939
908
909
954
988
993
935
964
973
934
954
978
986
947
970
983
938
955
919
940
918
946
944
909
938
936
916
932
929
906
909
921
914
897
898
914
890
887
904
898
892
917
939
936
912
937
956
915
921
945
924
901
926
944
906
900
936
946
942
903
907
906
903
927
924
930
938
940
949
948
909
934
926
906
919
913
886
896
891
892
914
892
870
865
871
858
845
855
846
855
862
854
865
876
894
883
901
904
885
887
898
886
881
903
897
873
893
882
878
909
904
894
929
928
914
932
934
901
914
916
900
894
910
894
898
915
896
902
917
907
893
912
909
891
898
904
883
882
891
885
873
899
896
877
897
898
885
863
864
866
849
843
856
860
848
865
883
927
922
923
934
942
941
954
927
922
922
920
903
907
923
923
919
921
941
919
923
929
917
918
947
938
945
918
917
922
927
909
919
935
912
901
913
896
889
897
885
884
888
881
876
886
872
860
858
879
883
870
865
883
897
905
911
894
891
903
912
893
900
893
873
867
877
870
895
885
884
892
908
925
904
887
897
880
865
866
854
847
845
848
848
843
850
835
832
838
842
840
831
840
857
866
859
860
892
902
910
888
895
916
910
917
903
906
923
932
915
915
963
911
938
934
944
942
950
942
940
934
925
937
944
945
925
920
926
934
935
933
931
931
914
905
914
920
893
894
900
909
897
890
906
917
885
905
918
889
905
916
892
898
913
907
896
912
909
898
911
911
894
916
903
893
905
894
888
903
888
883
889
901
886
870
873
886
883
886
866
873
890
896
879
884
884
871
873
879
865
854
864
860
852
854
858
855
862
849
861
865
854
866
864
863
849
855
867
863
850
864
882
861
870
886
900
883
880
899
915
914
891
906
911
917
896
894
973
967
948
933
950
936
926
900
907
891
896
899
906
912
903
906
893
881
893
888
892
893
889
872
873
896
901
902
880
880
869
853
854
861
864
853
877
913
928
918
944
963
965
933
947
950
938
912
919
933
934
909
917
927
900
896
900
901
877
899
918
902
896
910
915
898
892
908
943
942
928
918
930
938
957
954
956
962
956
931
925
923
925
928
939
933
927
927
913
907
918
911
930
955
922
934
936
909
918
900
881
876
893
881
871
899
909
890
884
902
912
918
893
894
926
944
918
922
952
968
958
935
967
946
899
956
960
969
981
982
958
972
961
934
925
910
893
892
891
869
873
883
881
888
909
903
899
901
896
847
957
745
895
1064
914
891
906
900
905
884
897
897
909
888
897
913
893
893
912
927
926
908
925
938
937
911
919
931
936
922
905
920
921
903
906
901
884
891
901
902
921
940
923
918
935
921
904
902
888
878
875
874
869
867
868
864
867
861
873
869
888
890
895
897
887
890
878
878
890
890
884
867
877
880
870
866
862
884
890
891
901
924
935
925
940
949
938
915
922
925
920
901
889
909
919
894
895
912
914
889
875
888
888
867
876
898
919
889
903
913
911
890
903
921
939
936
913
925
932
915
904
912
924
922
913
905
943
927
913
931
958
940
950
925
935
946
947
961
959
941
952
967
954
942
953
979
955
951
936
947
984
979
986
951
906
893
907
904
906
886
911
923
892
892
914
910
888
895
903
880
872
889
885
885
910
904
884
893
911
908
897
894
910
914
887
903
921
918
899
900
926
930
929
897
912
914
889
895
911
879
881
896
884
881
899
895
880
886
882
872
894
916
903
936
963
934
925
951
943
936
969
963
974
976
975
954
941
965
949
922
936
935
919
926
908
892
879
873
863
859
861
878
867
867
857
856
857
855
865
859
839
831
824
813
794
792
775
782
769
751
747
738
729
736
728
728
727
736
734
729
743
745
747
739
736
750
747
735
753
754
745
741
755
754
740
749
746
735
736
738
729
724
731
731
720
730
734
732
721
736
735
737
720
723
737
733
730
715
723
729
726
716
728
726
720
713
729
730
731
730
744
745
747
730
748
739
733
736
741
737
720
728
742
741
723
746
753
746
731
757
756
752
736
762
759
753
736
762
752
739
734
751
741
751
734
761
770
766
767
790
789
780
790
790
778
764
772
765
767
752
758
738
770
772
764
763
784
789
772
752
806
785
780
767
767
774
768
751
775
767
760
756
771
767
769
766
781
780
776
797
798
797
785
801
797
790
810
815
804
813
823
813
800
809
812
787
806
805
790
769
787
769
757
762
761
757
746
767
766
771
755
778
783
776
763
788
776
757
749
769
766
752
749
751
752
764
771
756
753
776
771
762
745
772
768
752
743
767
764
737
768
774
764
768
778
781
759
789
784
771
763
778
767
743
766
768
764
758
780
782
776
795
808
807
792
810
811
788
796
796
791
780
793
787
774
783
790
778
762
782
777
766
768
778
780
766
782
785
771
768
776
779
752
781
776
764
764
772
776
763
772
770
767
771
763
762
774
779
775
765
785
783
770
758
775
772
771
776
769
787
788
795
797
795
796
783
784
792
787
777
783
778
757
772
772
776
778
776
776
775
769
771
774
763
765
765
749
768
780
788
800
810
813
807
811
808
799
798
801
796
795
807
812
807
813
815
814
811
813
802
794
781
789
794
795
783
793
793
792
790
789
799
796
786
806
809
797
810
815
810
802
816
810
790
807
801
791
781
795
794
781
797
803
790
787
803
803
797
807
822
819
809
832
835
825
810
827
824
804
825
832
836
823
848
848
832
843
843
822
831
820
796
808
817
810
793
793
796
791
778
785
781
764
781
775
761
775
780
772
759
778
771
758
755
762
754
739
748
745
738
723
746
746
737
731
749
748
736
742
753
746
733
749
750
739
729
746
749
753
739
765
773
769
780
786
787
785
775
759
772
766
749
740
754
753
742
766
777
769
760
774
773
760
777
774
758
772
774
760
751
766
760
744
760
763
751
735
764
779
775
776
771
789
790
779
800
801
788
792
800
791
779
791
794
782
795
804
798
813
822
813
806
818
798
797
815
814
807
801
801
803
783
789
776
771
767
771
775
773
774
781
784
787
788
788
794
804
808
812
821
829
828
823
827
824
816
823
826
824
817
819
820
817
808
809
806
797
797
800
801
795
797
792
791
786
786
785
790
785
788
787
784
779
784
791
788
782
803
816
817
815
838
823
825
831
821
842
836
828
818
821
815
806
823
816
809
798
826
826
816
833
841
841
826
844
845
831
817
829
825
814
811
813
815
812
808
806
802
802
792
802
801
800
792
794
798
794
791
792
795
789
782
785
783
780
775
780
773
776
771
784
788
776
787
790
786
790
791
790
804
806
814
805
823
825
814
811
829
824
806
821
813
805
791
805
800
781
793
801
791
784
796
796
777
798
799
784
795
798
790
790
804
804
796
807
800
810
816
813
800
816
812
806
803
809
809
800
804
807
806
803
805
809
808
798
800
799
799
794
802
807
805
802
805
808
804
796
801
799
794
782
787
783
779
779
779
774
779
782
780
779
786
786
785
785
789
792
792
792
797
800
797
795
800
795
786
794
795
796
790
797
799
800
798
804
805
803
801
805
807
807
806
812
813
813
811
814
812
809
816
818
813
813
813
809
801
806
806
803
806
807
806
806
812
811
809
806
805
804
796
794
795
794
805
800
800
813
808
797
808
801
785
794
790
778
788
792
784
789
801
803
803
802
801
798
794
786
778
775
770
759
772
769
765
757
772
775
759
774
778
772
763
779
776
762
773
777
764
768
777
777
771
775
786
783
772
782
785
785
788
792
791
786
787
785
773
780
782
778
772
780
781
782
781
785
787
781
785
787
786
782
784
784
784
785
789
788
787
794
797
794
794
797
795
789
791
791
791
790
794
797
797
800
806
810
830
823
810
801
809
815
821
820
825
827
806
804
798
791
791
789
785
778
777
775
771
771
773
776
774
779
783
780
772
780
768
739
784
771
766
770
763
775
775
768
775
776
785
806
800
793
796
814
836
837
839
844
836
851
866
857
875
911
910
915
923
920
912
907
920
910
914
930
936
921
913
919
915
951
956
932
965
984
965
1010
976
985
987
960
992
993
986
1001
1002
979
1009
1014
1006
1018
1005
981
999
972
941
966
969
938
939
977
992
962
952
932
953
968
942
984
946
926
934
932
951
958
937
935
928
921
926
913
900
890
884
881
870
856
841
840
841
844
850
837
832
840
836
841
849
863
885
896
909
904
917
942
954
912
926
934
907
916
921
910
918
926
909
938
948
922
935
937
928
927
953
963
964
949
977
972
957
950
963
954
929
946
948
926
938
928
911
916
919
930
918
915
931
939
917
915
916
896
887
878
898
897
915
926
924
915
951
959
943
978
989
942
921
939
926
909
898
944
977
969
1017
1019
1003
1035
983
972
993
996
993
1035
1056
1047
1020
1021
1017
1003
984
973
1005
987
988
990
962
962
972
963
969
955
962
970
972
968
968
969
941
946
938
931
919
902
907
914
927
919
900
912
913
960
954
957
944
937
933
922
923
921
906
919
937
948
953
972
979
986
967
974
962
959
960
946
941
938
934
938
950
946
928
933
953
973
961
936
922
937
932
907
920
940
941
928
944
952
953
954
941
937
952
954
948
938
937
955
956
954
960
985
974
993
1005
1009
982
980
979
972
953
964
972
965
955
958
965
953
940
934
954
949
939
929
948
946
947
961
938
933
945
945
935
925
931
908
907
906
886
891
891
883
893
908
917
926
914
923
944
941
916
923
917
892
897
870
863
866
859
869
875
881
893
896
885
872
866
869
865
861
852
839
831
834
836
836
831
824
813
809
812
817
827
843
852
872
869
866
858
852
849
837
836
837
836
847
859
869
882
885
894
910
906
910
915
922
925
936
968
956
947
944
944
926
922
900
896
906
917
930
945
932
933
956
966
935
926
908
913
921
894
907
920
923
919
944
932
914
930
971
957
919
910
913
898
873
870
863
873
876
898
908
949
972
979
959
979
995
983
987
989
978
964
972
968
956
958
964
963
966
949
935
947
962
954
937
944
952
969
981
972
932
926
935
917
908
933
948
932
952
976
970
947
944
959
935
917
926
916
892
890
904
901
892
897
912
928
909
920
955
963
966
978
984
979
990
989
989
1007
980
965
975
969
967
977
986
987
975
943
957
965
937
941
957
943
928
950
952
967
937
954
972
924
943
948
940
942
951
924
929
932
909
895
904
908
901
888
880
879
875
883
890
901
898
920
907
910
912
928
941
933
916
936
912
902
923
922
913
909
917
935
928
919
909
935
927
945
964
958
966
970
948
954
971
947
963
980
967
983
979
950
983
971
938
974
981
942
930
920
929
920
930
964
1013
990
960
997
992
969
972
965
938
952
943
929
956
971
954
940
956
940
935
962
977
951
935
992
1000
951
958
955
966
980
968
985
996
981
990
994
977
973
975
961
948
957
960
958
944
952
951
928
932
941
916
919
926
900
900
914
898
905
908
904
902
896
913
892
912
906
921
932
915
921
928
909
909
924
929
919
904
910
927
917
915
905
938
939
946
985
1003
1004
1009
1011
1012
1021
985
983
982
982
967
955
969
964
968
958
938
958
981
985
970
979
996
1006
990
1002
988
995
1005
1002
984
965
977
973
951
946
954
962
936
949
955
931
943
969
947
987
970
982
1000
999
979
998
981
977
983
977
950
955
958
934
906
916
916
897
902
913
920
909
918
942
938
933
924
940
971
936
920
919
916
895
885
876
892
879
886
909
898
910
929
926
907
904
900
908
896
897
889
892
898
901
890
899
901
893
900
909
908
896
901
929
919
905
899
918
917
898
898
920
923
902
926
940
941
941
972
954
945
959
958
954
927
938
959
936
946
955
987
975
946
950
984
960
996
1033
1040
1056
1091
1090
1058
1049
1077
1056
1026
968
1020
999
993
975
972
993
983
974
967
999
964
973
968
961
945
941
932
920
907
874
876
872
871
860
863
861
858
866
870
868
860
853
862
864
864
862
859
851
848
856
862
858
854
849
841
851
858
857
868
873
877
877
881
881
877
865
867
871
865
860
861
879
884
887
884
890
897
908
917
920
919
945
953
934
939
954
947
942
928
934
926
903
924
934
911
935
957
962
961
986
991
970
993
994
993
966
976
964
946
961
964
939
960
929
921
899
899
908
892
893
928
930
906
928
924
929
922
920
933
921
919
935
935
945
948
965
936
938
951
943
921
929
929
912
918
929
928
909
938
936
913
933
925
905
909
922
897
912
919
926
907
940
940
924
915
932
942
926
949
969
952
948
963
931
958
944
953
927
915
925
922
925
912
933
939
947
931
953
961
933
923
910
900
890
898
896
879
899
901
878
880
864
855
854
852
830
845
840
818
827
813
796
796
790
776
777
771
753
759
751
740
731
731
729
725
722
727
719
734
744
742
747
754
759
748
752
756
752
744
750
749
744
755
751
746
758
758
755
746
758
754
744
755
758
750
750
756
757
741
751
757
752
748
754
778
762
755
743
759
768
754
752
771
764
756
741
738
749
747
736
740
748
742
729
733
740
738
731
742
749
750
746
761
766
761
756
767
765
757
759
766
764
748
755
759
755
745
762
759
754
745
759
764
751
773
776
763
774
778
772
760
757
772
766
757
753
743
758
760
748
742
755
762
765
758
776
783
788
775
790
787
779
775
780
778
776
768
755
768
770
766
749
768
779
788
786
771
785
781
770
764
772
768
756
746
753
754
751
750
770
768
765
772
790
797
783
810
813
800
810
804
790
774
785
784
765
759
771
774
770
779
791
785
774
788
788
774
765
781
784
772
778
790
788
773
785
789
780
791
799
805
789
792
794
785
770
771
780
779
764
771
788
794
788
774
791
785
774
773
777
779
771
796
820
806
805
824
823
812
825
816
824
800
815
794
787
803
798
782
793
795
786
774
784
782
789
785
789
792
784
772
782
787
784
779
769
788
777
767
764
772
771
761
773
779
780
771
785
781
774
764
778
787
784
782
770
781
780
778
764
774
777
776
763
774
771
766
758
770
763
758
756
763
762
752
744
761
760
759
748
765
769
761
748
765
765
753
743
759
757
751
738
751
754
755
745
758
776
771
758
771
777
775
759
757
767
760
749
753
763
760
749
771
779
771
788
792
775
762
775
771
761
752
755
771
797
801
807
802
787
805
806
794
813
809
796
813
813
799
799
797
797
784
777
783
781
781
771
799
800
780
795
797
787
776
787
786
773
793
790
780
771
781
771
763
757
769
770
754
767
771
771
762
771
775
765
767
768
763
754
769
770
764
755
775
787
781
779
793
789
774
784
780
773
759
771
780
768
757
779
776
768
788
790
776
784
782
778
773
771
778
765
765
775
756
763
763
749
764
759
781
782
775
786
795
796
799
792
785
773
781
777
775
781
775
774
775
786
780
773
788
783
771
800
798
786
806
812
795
824
814
795
810
801
781
792
786
772
771
777
768
762
778
771
770
793
784
771
793
793
774
796
800
786
794
804
791
776
797
783
766
781
778
768
780
786
787
784
778
798
784
767
782
777
756
772
768
749
769
762
747
762
748
765
764
759
760
786
771
788
789
778
778
763
775
776
768
775
778
777
778
777
783
777
781
790
804
799
820
830
821
833
815
812
468
348
803
289
510
810
812
812
834
846
854
