535
530
531
525
1049
521
521
522
521
521
519
517
518
517
518
515
516
514
514
521
530
549
561
572
592
599
594
570
557
550
545
541
533
532
529
529
527
527
523
524
521
521
521
521
522
522
523
527
530
534
533
530
529
525
524
524
526
524
524
522
521
522
521
521
521
520
522
522
523
522
521
521
521
520
523
521
523
523
522
519
519
517
516
516
517
516
518
519
519
519
521
520
518
519
519
520
518
521
520
521
521
522
521
521
517
516
516
513
515
515
515
517
521
526
529
534
536
542
542
540
535
532
527
525
522
521
519
516
514
515
513
514
515
513
516
518
519
523
523
523
525
526
525
524
523
523
521
521
521
520
521
517
517
517
516
515
514
513
513
513
509
510
509
508
506
505
505
503
501
500
501
504
511
515
517
518
519
521
522
525
524
524
523
521
520
519
516
517
514
514
515
517
521
523
522
523
521
520
521
516
518
517
518
518
521
521
522
526
532
536
537
539
532
527
527
523
521
522
521
521
520
519
515
514
513
509
512
509
507
512
518
522
522
522
523
521
523
523
532
537
543
541
543
540
538
543
536
536
534
529
530
529
527
528
526
524
524
521
520
517
517
512
513
511
513
516
514
521
524
526
530
531
530
531
526
528
527
523
521
521
521
519
518
515
513
510
512
510
512
514
517
523
523
524
526
527
528
528
527
529
527
527
526
525
523
521
520
521
520
518
518
514
512
512
512
510
514
515
523
530
536
552
546
550
542
536
532
532
529
521
513
517
515
514
513
507
506
506
508
508
509
501
505
507
509
510
511
508
508
509
508
507
502
506
499
507
507
502
508
512
519
521
521
518
521
521
521
521
521
517
518
517
517
520
520
518
518
519
518
520
517
521
518
517
515
514
517
516
513
515
513
511
509
508
507
507
509
504
504
507
513
512
513
514
520
518
519
521
521
516
521
521
524
524
518
524
523
526
526
524
521
522
519
517
515
507
511
513
515
516
515
517
518
522
529
533
530
529
534
538
540
542
538
534
535
536
533
531
528
525
512
522
517
516
512
516
518
524
531
537
533
533
542
546
552
552
551
539
530
535
539
541
546
536
543
535
538
538
545
553
560
564
564
557
548
550
550
552
553
543
553
553
551
562
587
601
605
594
574
559
549
544
540
534
530
532
538
537
536
541
540
546
555
547
542
542
543
547
545
550
554
559
575
593
599
584
577
566
567
558
557
557
560
557
559
555
549
552
553
558
566
567
564
568
567
574
591
587
575
573
565
563
562
566
569
570
581
567
559
551
537
534
528
527
531
551
575
598
631
643
630
639
643
638
636
611
610
593
586
575
562
561
557
555
543
550
553
558
553
551
552
557
564
570
569
564
570
566
568
571
581
590
604
625
642
665
619
592
583
583
580
578
582
592
610
616
590
590
578
576
588
597
612
674
688
608
596
587
590
598
610
643
730
654
643
616
596
595
604
622
701
656
624
604
616
636
729
654
653
650
655
648
638
591
581
575
578
588
582
570
567
567
569
575
581
598
610
611
593
582
578
583
584
579
569
574
577
570
568
569
575
577
591
592
604
621
666
634
604
604
600
603
602
586
584
598
605
592
579
570
569
574
583
592
604
609
638
724
655
648
623
608
620
636
637
626
606
609
621
638
645
634
618
623
616
632
625
623
609
588
577
572
570
571
591
609
628
634
744
677
679
657
650
630
598
590
587
577
595
594
579
575
590
608
612
604
602
602
621
628
753
659
660
656
651
642
600
587
585
589
619
644
635
627
617
632
660
623
605
600
606
620
634
625
611
609
623
628
612
597
591
596
593
584
580
587
599
623
615
604
591
586
593
608
623
722
662
653
647
642
641
616
601
594
587
588
612
610
595
584
585
593
598
613
729
647
653
656
649
648
609
598
606
610
628
620
616
625
648
631
611
613
626
645
628
614
618
641
626
615
617
633
644
619
604
610
637
638
621
623
622
750
647
644
637
607
613
611
599
588
590
595
602
611
728
646
646
634
615
632
638
619
608
609
626
630
753
662
651
642
614
604
623
623
613
613
640
627
647
655
644
638
636
629
622
618
630
628
619
612
610
625
629
613
600
595
598
611
626
645
729
651
637
592
627
600
589
593
592
585
583
573
568
565
556
550
544
550
542
550
555
558
562
563
561
560
563
563
584
596
655
634
622
614
609
592
588
589
591
597
601
604
595
581
583
589
597
674
632
609
598
593
585
577
567
568
565
584
591
594
592
593
600
615
614
614
612
621
685
641
610
600
601
599
612
615
608
606
605
618
623
616
609
603
586
590
582
589
592
594
593
583
578
576
576
578
572
569
569
574
581
595
610
717
659
677
694
697
688
681
677
669
668
667
661
653
646
619
615
620
625
645
637
652
649
624
614
612
623
626
637
621
607
612
632
642
636
631
633
643
646
656
701
665
639
609
599
597
610
621
740
683
688
677
674
668
673
674
667
652
635
619
622
650
712
663
661
647
638
667
672
637
620
615
616
633
723
654
652
621
619
631
715
682
673
662
658
639
637
634
616
608
615
634
737
674
669
665
669
670
659
646
628
621
624
657
732
668
667
666
655
638
632
620
619
643
754
673
673
673
681
676
672
661
630
615
621
640
722
660
661
636
626
648
718
667
666
642
636
645
654
648
630
619
637
631
636
643
656
756
663
659
649
612
612
625
640
627
621
625
643
763
681
676
673
667
646
621
611
613
642
653
640
640
647
755
684
672
663
655
637
634
619
618
626
739
680
669
669
674
678
675
641
628
642
661
729
674
678
673
662
655
643
639
656
664
670
654
653
672
738
669
659
628
636
654
644
631
635
653
667
649
629
610
604
606
622
633
628
623
604
606
617
621
613
604
592
592
597
600
601
610
629
640
751
660
646
636
605
604
609
621
713
668
657
648
613
606
609
708
663
662
648
623
628
709
680
665
652
623
618
631
728
675
671
664
670
672
679
673
652
636
638
708
673
660
637
638
657
654
636
629
644
729
660
658
632
634
640
625
617
616
642
656
657
644
640
734
672
660
654
627
631
635
624
615
619
636
648
652
635
635
728
678
668
659
653
635
647
656
644
631
646
722
679
672
678
661
691
676
642
637
651
663
657
638
646
726
678
673
675
671
648
638
630
631
659
664
644
643
654
665
658
643
646
720
678
666
664
646
663
661
643
630
638
708
666
636
620
627
643
647
641
632
621
617
617
626
611
597
610
618
613
605
610
616
634
688
652
632
616
620
640
696
658
656
634
635
648
691
655
641
634
640
701
679
680
665
670
662
684
668
648
636
640
699
661
646
630
646
705
666
650
625
627
652
661
657
639
642
722
683
677
664
664
639
683
652
633
625
639
720
674
667
664
658
690
684
668
646
632
634
653
713
665
657
651
692
678
669
648
646
707
685
684
658
640
635
640
715
675
666
667
647
646
645
638
645
661
672
650
636
637
642
629
619
610
608
633
736
672
667
655
626
636
631
617
604
597
602
618
719
655
651
625
616
639
717
672
669
659
651
646
636
620
620
640
646
629
634
734
673
661
648
631
643
641
627
615
631
724
665
657
644
629
641
639
618
614
612
627
634
630
624
620
639
712
649
624
617
627
626
613
607
608
625
628
628
619
617
717
663
656
633
615
615
626
627
617
619
630
635
630
622
615
631
640
638
628
620
629
718
664
651
654
638
634
626
623
638
649
639
635
630
696
658
644
631
633
646
657
646
633
635
649
704
675
663
639
628
692
660
642
629
632
699
665
657
632
689
676
660
635
632
652
720
678
665
641
636
703
676
670
667
646
688
672
660
654
645
631
633
652
658
645
632
622
620
628
633
632
619
610
616
632
633
626
612
605
606
613
624
721
647
644
605
591
589
601
687
639
643
627
627
615
610
610
625
627
630
617
610
606
609
628
632
620
611
606
605
612
625
620
614
613
620
686
649
646
626
621
617
629
626
619
606
601
602
608
610
618
636
732
684
687
672
665
662
641
646
641
625
612
612
618
640
710
668
661
642
626
628
638
702
656
634
616
621
639
716
678
671
677
673
675
666
641
627
625
708
669
659
639
634
700
678
668
644
633
639
701
659
637
619
625
636
694
657
634
624
635
642
640
635
631
646
713
676
674
659
627
618
627
634
624
617
613
611
705
673
667
668
673
686
682
682
678
677
656
653
640
627
616
614
620
633
651
726
671
663
664
662
657
642
620
611
610
620
640
627
617
612
622
632
624
610
598
603
617
628
613
604
607
613
625
624
614
604
598
604
615
609
601
600
610
626
626
631
621
610
608
611
621
618
609
606
616
623
619
612
610
609
612
617
624
626
620
617
694
648
641
608
595
591
592
578
580
572
592
579
571
563
558
560
558
551
546
541
539
537
533
534
529
529
526
523
526
541
544
553
562
560
566
580
624
634
615
608
648
653
646
658
617
607
583
593
586
589
588
585
580
576
627
583
584
571
563
563
580
571
569
559
548
562
551
555
545
538
540
537
534
525
530
527
525
516
510
515
513
510
510
512
514
519
530
540
548
563
588
605
604
596
588
591
589
586
580
582
584
577
565
559
556
564
562
558
552
545
542
551
551
548
538
537
540
542
542
549
541
543
540
550
548
552
551
562
561
562
553
559
557
552
541
536
532
533
533
536
538
540
544
539
542
548
556
562
564
559
554
558
556
549
548
536
539
541
547
546
549
552
547
543
538
539
541
546
547
536
533
532
535
547
538
535
538
545
543
534
526
521
524
533
526
528
530
530
530
530
527
533
538
545
540
538
541
540
555
547
549
538
536
536
546
538
531
537
527
533
537
541
539
536
538
535
531
527
536
542
546
538
541
535
548
548
541
535
535
540
530
533
536
551
551
548
538
537
536
548
540
532
522
527
532
527
528
522
519
512
512
513
520
524
521
523
525
532
543
547
552
543
543
541
543
542
539
532
531
530
536
533
521
521
520
521
527
520
515
518
521
524
517
518
511
513
517
519
519
518
519
520
529
523
517
518
520
526
522
520
517
526
519
515
513
512
513
522
521
515
516
520
520
531
529
525
529
528
533
527
521
519
518
514
521
512
508
513
512
518
515
514
513
517
523
525
519
521
519
521
520
521
516
514
513
515
521
523
520
519
520
520
524
524
517
522
519
520
523
521
513
511
510
515
520
520
516
518
520
523
529
528
522
527
531
535
537
530
531
526
521
521
526
523
525
524
520
514
512
512
513
508
503
503
506
509
506
508
502
513
512
520
520
518
522
529
527
533
532
532
530
526
523
524
526
520
517
513
508
501
507
513
512
510
510
509
511
512
521
522
518
521
521
522
528
524
524
525
523
521
518
511
510
508
509
508
504
502
500
503
506
506
513
513
516
524
530
528
524
521
524
517
518
514
511
509
500
503
498
500
504
504
508
502
506
507
505
506
504
509
508
513
510
515
517
515
516
513
512
507
502
500
496
495
493
498
500
508
508
515
520
524
521
527
532
537
545
534
538
536
539
540
534
526
531
535
537
541
531
527
529
536
534
523
520
521
517
517
509
512
500
500
503
499
501
500
500
508
512
510
514
517
520
525
526
527
527
524
524
520
513
506
504
505
498
498
493
493
500
502
505
505
505
510
515
518
517
518
518
519
512
514
512
511
505
504
505
503
506
502
503
502
502
508
507
502
504
504
506
507
503
500
500
497
497
492
489
492
493
494
491
492
494
497
499
492
492
494
495
492
491
492
492
490
484
488
489
486
484
488
489
493
488
490
492
492
491
495
491
487
491
497
497
496
498
496
493
493
492
492
488
486
487
487
484
484
482
479
479
479
478
479
477
479
481
481
479
481
475
479
479
477
479
479
483
482
487
489
489
486
487
487
486
482
481
479
480
479
481
482
483
486
485
489
496
499
500
499
501
501
506
504
500
498
499
498
498
498
497
497
497
497
498
497
496
496
497
500
500
502
501
501
496
494
505
506
511
521
526
524
532
536
539
537
529
526
523
521
517
514
513
510
510
507
507
504
503
503
501
501
499
500
499
499
495
502
496
488
489
488
491
490
489
488
487
492
493
494
494
498
497
502
500
499
502
503
503
506
509
508
506
505
506
503
500
501
501
504
508
510
508
509
512
513
512
511
509
510
510
510
509
507
506
501
505
506
509
512
514
514
519
518
519
511
509
505
505
504
501
501
498
497
497
497
499
498
499
499
500
505
509
512
513
514
510
508
508
508
506
505
503
500
498
495
490
490
487
484
482
480
479
481
486
489
490
488
489
487
490
492
495
496
498
497
496
495
495
495
495
495
494
496
496
493
496
494
497
496
493
493
492
491
491
491
489
490
491
492
489
489
488
488
488
488
490
491
492
494
497
497
500
497
500
494
501
496
496
498
500
503
504
510
514
511
514
508
507
506
507
508
507
508
508
511
512
502
501
506
502
506
508
505
509
519
523
534
539
530
530
531
533
534
526
525
522
528
527
515
521
520
521
520
519
517
515
512
514
512
511
510
509
509
510
512
514
515
513
513
512
506
507
502
503
501
501
500
503
501
502
503
503
501
499
496
496
493
493
492
490
489
489
488
488
487
487
488
487
486
488
485
488
486
485
491
496
508
525
531
535
528
530
530
526
525
523
519
515
513
508
506
503
502
500
499
497
495
496
494
493
490
490
488
489
487
487
487
487
488
492
490
496
498
500
498
496
496
499
500
497
501
500
500
499
502
500
504
504
505
507
505
504
503
503
501
502
499
499
499
496
500
502
506
512
515
520
523
526
526
527
523
522
518
504
505
503
503
503
499
496
496
491
496
500
506
516
531
552
577
597
627
663
668
640
641
636
623
578
555
556
558
569
578
606
623
616
576
574
565
565
567
581
594
607
577
578
571
573
582
597
604
585
574
568
565
567
574
583
602
607
582
579
577
585
603
602
598
584
574
565
569
571
579
571
571
567
567
571
582
600
619
619
587
587
583
581
588
598
596
617
605
575
574
564
562
563
568
579
582
569
570
567
568
572
587
591
600
589
586
582
584
585
576
566
561
555
551
558
566
575
589
575
571
569
572
579
591
622
639
654
625
600
590
590
582
581
570
558
549
555
540
541
545
544
543
542
541
541
543
544
560
563
569
572
573
561
558
552
549
550
552
557
557
557
555
556
558
564
558
550
546
550
555
565
565
573
577
588
605
661
725
673
679
673
675
663
653
627
572
556
551
552
559
574
603
618
617
616
599
601
606
633
622
605
620
644
619
608
602
584
579
571
577
571
567
556
547
550
556
570
601
670
700
684
693
685
687
678
669
660
647
610
576
558
553
555
560
567
588
604
716
657
654
645
634
582
581
584
603
604
616
610
601
581
574
570
564
573
591
607
597
598
602
596
583
574
569
574
574
577
579
594
600
602
599
580
607
597
597
588
572
571
571
581
579
584
584
576
588
585
649
625
623
611
602
597
613
606
602
594
603
615
669
626
628
621
611
591
577
578
583
588
593
600
602
598
590
582
591
603
670
660
635
671
661
657
635
613
598
584
574
568
572
572
576
587
604
668
653
642
660
658
648
617
597
592
591
595
599
613
614
612
626
627
635
696
664
658
658
624
599
598
596
597
603
616
616
678
672
646
621
607
625
648
644
627
615
604
604
607
610
606
594
582
577
580
585
601
623
677
630
673
636
624
607
595
582
572
563
561
563
567
570
584
604
612
677
654
661
667
671
670
657
606
589
583
579
582
590
603
668
624
631
610
597
584
591
581
691
639
625
596
592
586
568
560
559
558
571
646
642
610
591
585
584
578
646
605
641
600
598
586
580
571
563
563
551
544
533
531
530
526
544
553
600
619
648
682
717
722
725
719
688
676
659
641
630
608
620
613
631
644
688
671
680
681
672
672
664
652
646
646
649
653
650
655
645
642
644
642
641
680
625
626
616
607
597
587
581
591
599
650
611
654
604
614
592
582
579
580
581
594
604
673
659
666
669
671
670
667
655
605
591
579
575
575
582
585
599
646
600
652
605
604
587
572
563
561
563
575
584
632
622
633
646
651
653
661
667
666
669
658
632
595
579
581
583
588
589
601
610
667
652
653
655
646
621
604
653
607
619
609
609
606
595
584
571
556
553
557
545
540
536
537
534
531
530
524
523
517
524
519
522
516
510
517
517
516
525
520
525
528
531
533
533
526
525
527
533
527
529
525
521
524
520
526
522
528
525
528
522
528
535
544
530
523
548
541
542
541
539
530
539
540
541
532
538
533
529
529
525
532
537
537
536
540
531
545
540
539
539
533
534
534
531
534
530
522
521
523
524
516
514
514
513
520
526
544
562
575
605
639
633
605
588
562
578
563
562
556
546
563
544
542
537
537
537
534
535
531
525
527
524
528
524
526
520
517
521
524
511
519
509
512
521
526
516
528
529
528
520
524
526
535
539
538
541
541
560
554
546
542
534
549
538
535
532
527
523
523
522
524
533
532
533
527
527
527
527
533
548
569
575
593
587
585
590
575
566
553
545
539
543
583
574
626
601
593
586
593
663
636
620
601
581
586
585
584
579
569
562
578
578
577
572
564
563
602
573
584
575
566
569
605
580
581
571
564
606
569
581
581
571
568
558
557
548
549
549
550
562
553
556
555
561
567
581
598
611
661
655
650
646
638
623
599
595
604
613
693
654
650
638
639
614
606
610
613
693
658
662
645
646
642
617
621
634
686
669
662
655
656
656
645
643
688
672
654
655
644
614
613
695
673
656
655
663
667
667
661
652
627
618
627
631
734
679
668
662
662
657
652
659
669
675
670
661
648
629
625
733
672
658
657
643
621
635
640
645
775
675
675
671
660
664
664
674
660
629
618
617
625
763
690
688
672
668
659
649
642
644
695
664
637
610
618
732
673
664
657
647
637
720
681
665
646
613
618
645
762
683
672
673
673
677
680
662
645
624
626
735
672
661
659
624
631
724
670
660
616
619
731
673
660
655
625
705
676
654
614
607
614
737
672
663
656
618
612
635
734
668
664
643
633
735
684
670
663
642
623
636
744
675
668
665
664
648
696
686
674
639
605
612
629
751
673
667
664
663
667
682
673
625
610
617
634
765
691
678
666
659
662
662
662
636
616
606
613
629
750
670
666
662
664
673
674
663
637
611
616
728
669
663
646
627
723
689
689
676
678
657
692
655
636
620
618
635
776
688
678
674
669
674
675
675
654
615
613
628
745
659
650
605
591
600
611
599
590
581
570
566
571
578
592
612
633
773
679
689
686
684
674
679
674
668
639
628
589
599
593
584
579
586
608
632
745
689
696
699
698
700
696
696
695
679
680
664
642
628
583
583
589
627
760
679
686
685
696
702
710
708
699
694
703
707
701
702
686
674
668
664
673
670
642
640
665
738
678
674
645
646
669
677
649
636
644
771
685
671
659
658
656
642
634
614
613
615
742
678
676
670
643
641
633
617
605
603
615
617
608
598
598
603
616
626
774
688
680
668
664
667
673
670
660
626
621
652
720
669
639
624
639
658
666
657
638
630
641
779
690
675
669
667
639
645
642
627
627
656
771
697
685
672
664
645
632
660
646
632
628
631
759
690
678
677
670
671
661
620
611
614
649
646
633
623
631
770
678
667
657
619
610
616
628
737
678
671
670
672
658
702
675
639
622
618
624
755
682
668
654
624
610
703
662
652
639
625
621
638
744
685
674
680
654
664
664
647
631
626
643
667
660
646
630
624
636
662
654
640
631
642
771
677
672
673
669
668
634
611
601
594
610
625
753
688
693
691
686
670
669
655
645
635
647
642
648
649
648
651
647
638
625
613
613
618
629
641
652
645
634
636
752
676
670
662
629
632
625
618
610
632
648
744
680
679
667
613
715
670
663
639
607
602
604
602
597
603
631
709
677
685
694
695
700
689
676
652
649
707
680
656
645
655
734
678
666
654
664
676
662
650
646
654
661
649
631
630
632
639
771
676
676
670
655
649
636
629
639
729
686
679
650
634
646
653
655
641
643
750
680
681
663
628
628
644
638
634
632
644
751
678
688
687
691
693
687
661
654
719
660
640
632
648
748
698
685
683
661
658
669
669
646
641
647
754
684
680
656
647
640
633
621
633
748
678
676
671
667
653
641
625
620
624
629
747
674
672
659
639
650
729
678
646
632
650
733
682
675
636
630
648
667
658
658
651
742
690
688
666
639
639
730
687
671
642
640
661
737
678
649
635
726
674
654
641
655
742
690
668
654
661
663
665
665
649
642
644
651
664
669
653
650
638
777
695
688
674
664
629
634
639
637
626
629
650
748
688
683
682
659
708
688
661
641
623
613
624
629
624
621
609
608
620
744
685
688
676
671
643
640
652
662
655
637
630
646
657
665
656
635
633
652
648
644
618
611
619
628
621
617
607
608
607
609
616
622
763
675
666
654
614
610
618
626
615
608
605
614
632
749
687
674
662
631
617
648
647
629
618
615
626
751
688
700
687
673
672
641
644
650
640
637
623
628
734
688
684
667
639
645
650
647
636
631
650
751
702
691
700
702
703
698
680
645
634
644
736
680
648
630
629
639
756
684
685
694
697
697
666
663
671
672
649
630
623
631
765
687
677
670
646
643
715
682
653
637
633
650
671
662
643
633
654
762
695
681
661
643
647
657
639
629
640
760
693
689
669
641
658
727
689
667
643
641
729
688
662
648
640
659
727
663
644
629
629
644
627
635
617
617
639
736
674
648
619
623
635
654
647
638
628
636
754
696
693
686
693
694
689
663
636
625
629
649
644
637
627
749
694
702
688
693
688
666
637
627
656
668
660
641
633
635
647
660
644
630
635
655
663
645
639
636
654
656
655
635
617
617
620
620
610
603
596
596
599
622
629
635
630
612
607
607
611
602
598
601
617
684
622
612
599
602
612
616
621
616
604
599
602
617
620
732
671
659
654
641
642
651
628
614
609
609
620
716
668
661
647
629
629
705
645
624
616
622
626
729
665
658
628
626
649
643
635
620
615
619
624
726
663
661
651
635
645
647
647
635
633
719
674
657
645
643
656
644
625
620
621
641
757
693
688
689
681
665
635
625
614
607
617
619
626
624
616
624
643
652
645
629
622
739
668
647
623
616
630
631
633
626
617
613
636
738
676
661
630
630
632
717
670
652
632
620
631
652
712
671
651
633
618
620
640
641
632
620
622
640
646
635
628
628
645
745
672
667
636
646
648
643
634
631
646
648
643
619
608
611
628
624
620
616
617
715
659
641
624
618
627
640
646
624
612
616
619
627
610
609
610
618
624
637
623
611
600
591
588
594
596
589
602
585
578
565
560
558
554
550
546
548
536
543
535
536
536
535
533
533
535
546
560
597
602
617
607
621
615
681
674
671
682
684
696
686
661
610
604
704
653
652
637
609
603
605
592
676
620
660
613
606
592
604
600
596
584
585
570
567
564
554
553
549
546
543
538
536
535
532
538
529
537
532
531
531
525
528
519
529
520
531
527
541
552
554
597
592
622
606
598
592
583
570
597
578
573
565
568
554
564
552
549
550
549
541
537
539
534
521
540
529
532
534
530
548
555
565
563
566
575
583
580
579
575
572
570
570
566
559
555
554
548
541
538
537
531
540
546
550
550
545
546
553
545
540
542
543
545
544
546
540
540
539
550
548
546
548
547
556
558
563
557
549
549
552
546
556
547
540
541
541
537
544
545
544
533
533
539
537
540
543
561
561
563
567
562
573
578
601
571
571
563
557
547
544
543
546
543
539
532
534
538
542
551
554
547
545
546
558
585
571
566
542
538
545
547
548
547
547
537
551
540
535
532
534
538
536
537
539
530
529
526
530
550
590
600
602
621
622
600
578
566
559
557
555
552
548
548
548
543
530
529
533
523
523
521
524
533
532
536
535
556
562
568
559
557
559
560
553
547
546
537
540
541
545
540
533
532
549
540
533
534
532
547
545
538
536
538
546
553
552
541
563
563
558
551
545
542
555
547
540
538
549
551
539
527
529
532
541
537
532
531
531
543
543
533
535
533
550
552
543
542
534
557
547
543
542
544
542
531
528
519
536
522
521
527
543
540
539
531
531
528
538
542
537
533
531
531
533
543
544
541
541
535
556
546
539
543
542
548
551
547
546
542
548
542
535
534
539
546
541
539
541
529
558
554
553
553
557
568
566
563
557
549
561
561
545
539
536
549
547
537
535
537
542
549
539
534
531
533
533
524
535
525
519
525
541
543
536
537
544
546
541
539
531
527
533
531
525
521
525
534
534
530
533
525
542
533
531
531
540
539
534
532
529
528
542
541
534
530
530
537
542
550
552
552
548
553
547
540
538
533
542
537
533
538
530
549
539
538
538
536
548
548
538
539
554
550
541
537
536
539
547
537
531
527
529
546
538
531
524
502
569
545
551
532
533
523
518
551
545
542
535
526
521
533
521
526
521
525
526
531
536
538
533
532
528
524
515
515
519
518
513
512
513
523
520
524
522
521
529
529
523
521
521
529
532
527
529
522
534
534
537
531
523
523
530
531
533
525
524
521
530
524
521
517
514
521
530
529
528
526
524
521
538
537
531
523
524
528
539
535
532
528
530
536
552
540
527
528
529
535
531
526
521
521
517
536
527
521
519
530
532
531
521
516
536
531
528
533
536
534
530
529
515
547
535
529
523
515
522
530
535
525
527
529
523
524
519
516
499
518
508
506
506
506
501
508
514
516
519
516
515
515
514
516
516
515
517
513
514
513
511
513
513
511
511
512
510
510
513
516
502
508
505
507
512
523
543
549
555
564
564
565
565
579
584
572
568
562
579
580
566
568
559
559
572
595
589
591
580
573
583
625
597
598
589
578
572
589
583
579
572
562
560
586
588
590
593
581
573
575
588
635
601
608
585
576
582
598
602
594
583
577
580
591
615
625
635
631
629
709
645
630
600
586
587
592
600
597
598
598
607
609
611
609
604
591
596
598
590
592
575
563
557
553
562
555
547
544
541
543
534
535
557
561
566
562
560
555
547
540
519
551
542
542
540
541
536
535
545
580
598
632
625
601
591
654
624
611
591
604
601
597
588
562
545
563
561
561
555
544
569
569
573
579
575
568
572
586
579
597
594
598
580
606
583
589
580
578
564
570
577
583
574
572
563
574
582
588
590
583
582
579
582
587
594
600
587
579
574
588
585
589
584
574
564
569
579
568
569
568
563
567
595
598
597
604
591
580
595
588
577
573
568
576
577
569
561
561
583
580
591
584
584
580
583
584
649
648
652
628
595
584
577
579
588
589
575
568
568
577
572
580
577
577
564
593
588
590
591
573
594
587
588
582
574
570
573
568
586
584
583
577
575
562
571
563
559
549
536
536
533
535
536
535
543
551
561
569
578
576
567
573
575
579
576
580
594
593
591
583
569
562
563
567
566
568
563
560
556
558
551
550
547
546
549
556
563
582
627
633
640
624
604
586
578
579
573
584
577
589
581
580
576
579
591
586
591
582
576
564
580
577
579
576
570
568
572
575
581
585
582
568
565
567
567
573
581
578
573
577
573
569
550
590
578
577
568
561
558
562
558
574
575
565
566
563
569
572
581
582
582
577
566
567
563
571
574
569
563
558
557
559
563
561
554
557
551
552
550
564
563
563
556
558
556
563
573
574
575
567
560
556
554
563
564
566
553
554
550
565
563
572
561
558
555
558
555
557
553
568
565
565
562
563
554
560
562
544
542
522
545
530
526
525
521
518
515
508
510
508
508
501
502
498
497
497
495
494
491
502
499
517
520
529
536
542
549
561
558
558
556
550
545
540
534
527
523
521
518
518
515
515
514
516
507
506
506
504
503
502
501
503
502
501
502
505
504
508
511
508
508
513
510
509
507
506
504
501
512
502
504
505
498
506
501
499
498
498
495
494
493
490
482
497
498
500
498
502
503
509
517
526
534
536
530
529
525
522
520
518
517
515
515
514
514
511
510
507
506
506
502
502
501
501
499
500
500
497
493
500
502
510
513
519
521
530
542
542
540
538
537
535
532
527
525
521
521
517
519
517
515
514
513
511
510
508
507
506
507
505
507
505
506
507
511
510
511
513
511
510
511
512
517
517
514
505
506
504
503
508
512
521
529
544
567
607
645
633
599
588
589
606
600
590
582
568
571
580
597
602
589
576
565
573
579
586
585
583
561
560
552
562
570
586
599
585
579
565
559
560
569
581
607
655
646
604
594
591
597
609
615
590
603
606
592
604
578
566
558
557
563
566
570
569
559
551
546
546
557
557
555
552
552
548
566
567
569
562
548
535
530
537
548
553
561
560
550
545
546
552
565
582
598
602
591
590
595
612
623
615
612
595
619
603
603
604
612
714
648
607
595
590
593
608
622
691
625
604
593
591
608
622
629
619
594
585
576
579
590
603
608
600
608
600
584
591
585
572
564
564
573
578
593
617
749
685
690
671
664
658
651
653
657
646
614
599
597
607
637
780
688
683
686
686
682
675
646
617
575
571
560
567
580
596
607
620
607
602
627
771
663
638
619
575
572
576
586
621
623
615
604
600
610
634
759
682
650
596
580
582
590
600
600
598
593
585
572
574
573
584
621
640
637
614
605
614
623
770
672
646
630
588
580
598
637
641
625
617
613
767
670
658
648
618
602
600
637
645
615
611
603
609
641
618
615
604
588
579
573
582
591
611
622
618
604
589
579
568
571
580
587
583
589
585
567
564
561
576
562
572
585
587
596
589
575
571
582
584
612
602
588
576
565
566
574
582
584
573
576
587
601
628
773
681
677
657
639
603
581
584
598
631
758
666
665
665
653
628
623
607
594
590
603
622
774
684
669
664
655
643
609
593
590
588
597
617
745
657
648
616
593
608
631
625
619
607
597
613
615
772
694
708
705
688
672
669
664
662
644
641
613
620
655
654
787
696
672
651
602
577
570
563
564
560
568
570
571
563
559
570
556
558
556
560
563
558
558
558
564
567
572
567
566
561
568
581
580
578
580
586
624
614
609
594
597
605
636
770
679
669
662
655
630
617
610
596
592
602
608
631
636
620
609
610
620
758
691
694
681
670
666
665
651
705
690
669
638
621
621
630
640
774
677
672
670
649
631
616
606
607
610
615
625
617
607
644
621
722
656
654
639
629
603
600
606
626
627
615
610
625
756
691
681
678
669
679
626
707
663
645
632
617
601
602
599
598
602
608
600
599
600
610
638
771
701
688
689
691
700
692
695
690
686
679
676
665
650
623
610
601
597
596
606
626
759
695
707
700
695
698
692
693
692
678
662
633
649
646
633
622
607
608
607
607
614
608
607
603
604
609
615
622
745
657
652
630
625
630
649
714
649
631
624
626
635
641
640
620
611
608
639
646
646
631
613
600
592
589
581
582
585
584
583
591
593
598
590
621
634
726
683
669
662
661
663
662
660
650
622
615
617
630
725
658
663
634
652
704
659
636
612
604
610
613
633
644
635
628
623
641
738
675
672
642
620
613
627
618
613
604
600
602
607
613
609
596
608
609
608
600
596
606
619
627
618
613
601
601
602
614
621
640
641
634
623
622
636
651
729
675
669
663
639
643
641
626
618
616
624
642
645
640
630
651
646
633
620
625
627
646
646
647
642
638
651
650
648
636
633
632
641
626
632
622
628
626
623
615
618
614
621
617
604
594
596
600
598
587
572
565
563
565
574
578
570
567
566
563
563
558
555
551
546
544
540
538
536
537
541
546
558
558
561
566
571
592
582
585
578
597
596
598
589
586
571
579
585
582
571
570
563
564
569
573
575
575
572
566
563
574
575
571
568
563
569
574
583
582
569
571
564
556
555
556
555
554
563
565
563
561
556
553
547
546
542
556
550
561
563
566
573
583
575
571
569
561
554
554
548
539
549
546
543
547
543
547
547
556
557
553
556
557
558
556
553
550
546
550
549
554
548
539
538
533
536
541
551
566
577
595
613
673
663
671
679
693
701
705
708
709
709
715
708
685
681
666
667
665
653
646
626
616
621
642
645
640
639
641
648
710
674
678
643
623
646
700
676
659
637
623
624
724
676
674
658
661
670
679
685
692
680
665
661
627
626
641
644
737
681
669
653
625
630
644
655
658
746
681
651
623
607
613
623
616
605
594
597
601
611
630
642
738
698
697
678
672
670
673
646
630
613
606
606
620
632
745
664
634
603
615
627
630
616
603
601
606
608
627
636
761
701
710
691
677
663
653
617
630
633
649
643
623
611
613
616
625
788
691
677
662
652
619
603
600
611
635
621
608
601
608
613
619
752
678
664
652
635
613
633
622
608
596
591
600
612
732
653
658
629
624
645
655
652
629
611
614
621
645
643
631
612
614
628
757
676
663
616
605
596
625
623
623
608
604
604
625
778
694
684
673
671
671
646
641
627
620
624
638
764
683
670
665
625
624
646
732
666
621
612
617
624
636
643
630
624
619
756
669
645
614
600
607
612
614
608
602
597
604
618
624
625
623
607
603
610
619
737
646
615
604
614
621
612
600
593
603
602
724
659
632
608
610
618
610
722
629
592
577
572
570
565
569
581
584
590
591
591
598
611
619
734
669
661
644
606
585
588
586
600
616
645
763
688
699
700
701
694
687
685
678
676
675
652
628
609
597
596
608
619
629
645
652
822
728
717
688
667
661
633
609
625
655
661
659
646
636
637
798
712
719
693
679
673
663
637
637
753
690
680
655
634
636
646
673
802
688
685
680
656
636
637
627
619
630
642
810
706
693
678
673
655
626
629
625
620
626
658
799
692
681
675
660
622
619
616
609
620
651
646
631
625
632
645
810
701
687
681
655
633
616
601
598
599
611
623
616
610
600
617
626
642
646
619
601
590
589
588
588
573
571
566
567
559
556
550
557
547
544
539
534
531
532
533
536
549
547
552
551
552
560
574
641
592
615
612
599
598
605
614
612
599
587
581
575
588
587
588
577
573
576
568
580
559
568
569
556
549
552
542
546
540
536
531
525
528
534
524
521
518
518
513
517
518
515
511
507
511
518
528
525
529
529
538
547
557
556
550
540
553
555
550
550
551
539
532
532
528
531
521
519
515
525
524
523
524
523
522
526
526
534
541
535
537
534
537
540
565
556
548
550
538
529
526
525
536
538
535
540
544
544
532
533
528
525
521
522
517
513
512
500
499
494
487
485
490
494
507
529
625
645
706
744
766
748
744
750
713
692
675
643
618
589
593
584
585
586
586
593
593
596
594
592
582
585
588
592
597
595
596
581
573
575
572
568
572
582
597
614
684
652
656
659
635
606
602
614
616
622
607
596
591
599
604
621
627
641
739
689
688
672
659
648
629
618
621
695
659
648
622
598
590
586
591
606
716
656
672
657
651
636
618
627
623
620
607
597
590
601
596
596
586
573
572
575
581
596
614
618
608
594
581
577
580
582
582
573
565
564
567
581
584
579
569
562
556
555
559
550
544
540
535
534
534
549
555
564
564
560
571
583
604
667
659
661
607
585
564
564
569
592
708
647
642
621
609
620
639
727
692
694
698
678
667
656
649
629
608
602
583
573
580
573
568
562
557
551
545
543
536
551
555
557
555
561
559
563
633
587
604
598
585
591
600
604
602
595
580
576
578
587
585
586
583
573
569
573
580
586
588
584
575
573
571
573
575
582
598
655
654
610
614
599
586
579
575
577
582
587
590
589
641
575
588
574
567
569
568
567
577
581
578
571
566
567
571
579
579
580
576
580
571
566
579
576
583
578
575
565
570
575
586
647
643
620
609
602
600
597
604
594
585
576
572
562
576
564
562
553
553
550
557
570
635
605
625
617
601
599
605
608
625
719
654
660
653
636
632
619
617
614
617
623
617
602
586
579
579
578
586
592
601
593
587
582
580
589
607
671
622
611
592
581
580
584
583
573
565
564
562
557
579
577
577
574
574
582
588
646
597
599
588
584
586
605
663
599
604
597
598
604
603
590
588
576
583
589
603
679
620
629
611
598
587
598
609
595
669
594
588
586
571
562
546
565
549
551
542
537
533
537
524
531
522
520
518
517
514
508
506
503
505
510
511
510
519
529
551
560
568
570
571
582
580
573
568
559
551
562
563
554
546
540
549
542
543
537
538
528
538
536
531
522
521
524
521
514
519
514
516
517
512
511
523
528
523
521
520
529
525
528
538
536
538
532
532
529
538
529
525
524
533
530
524
522
521
528
524
525
517
518
519
524
520
514
516
523
527
522
519
515
515
507
526
521
522
516
519
515
521
519
513
512
509
515
511
511
506
505
511
510
508
507
506
510
513
515
510
507
504
517
510
504
504
497
513
507
507
502
502
499
510
505
504
502
495
504
506
505
490
507
501
498
491
495
500
500
499
497
501
499
504
503
510
512
510
506
504
500
497
499
498
499
498
498
495
496
494
494
493
492
493
495
497
498
498
500
502
506
507
507
507
507
506
504
507
505
504
502
502
501
502
501
500
499
498
496
498
498
496
501
500
501
502
500
497
495
495
493
492
490
489
487
487
487
487
484
483
482
485
487
491
496
492
495
495
499
502
506
504
504
503
502
499
498
496
495
493
492
490
491
489
490
488
488
486
486
486
489
489
490
492
498
499
506
504
508
511
512
514
510
503
500
501
502
500
499
499
500
501
504
510
511
515
521
522
525
516
520
521
521
520
521
516
523
528
531
529
527
527
530
533
528
524
528
530
531
529
524
530
528
532
532
526
525
527
530
528
522
521
517
519
516
516
516
513
516
508
510
508
501
502
503
502
504
501
506
507
511
514
513
517
515
516
514
511
512
509
506
505
502
502
499
498
497
497
491
489
484
482
483
484
489
495
509
531
548
560
566
548
545
543
535
534
533
538
535
528
533
534
533
532
526
522
527
529
525
521
519
521
524
527
521
520
520
522
523
527
521
517
519
517
515
511
517
516
515
510
504
506
507
512
511
505
505
508
511
511
518
515
513
515
513
513
511
510
506
509
508
509
510
510
510
510
516
515
510
515
514
513
514
512
513
508
507
509
508
514
516
514
515
512
513
514
508
510
504
498
503
498
495
492
485
486
486
486
485
487
488
490
494
501
506
504
510
516
520
524
521
517
521
520
520
516
508
510
512
509
509
508
508
510
502
506
506
506
507
508
500
506
509
509
509
508
507
507
507
505
506
505
503
503
500
500
500
499
498
498
498
499
501
502
502
502
500
497
495
497
496
498
494
495
494
492
492
491
490
488
487
487
488
487
485
487
487
491
491
491
492
499
501
501
507
505
507
509
511
509
512
513
518
517
515
515
515
514
516
514
509
506
507
508
509
506
505
509
507
507
509
512
509
509
508
513
519
517
512
512
515
517
510
514
516
521
520
516
512
514
514
517
521
515
515
517
523
523
525
517
519
516
520
515
508
508
509
514
513
509
512
514
518
515
511
514
517
520
521
520
522
521
527
523
521
517
514
517
512
509
505
507
507
506
510
508
505
503
508
508
505
510
513
512
517
513
510
514
513
515
507
507
506
509
506
501
502
502
503
501
500
504
506
501
500
498
498
499
500
498
498
498
494
492
492
492
493
495
494
494
493
495
495
494
491
488
491
491
489
489
486
491
491
492
492
490
489
491
490
482
486
484
488
479
483
487
489
499
498
500
508
512
519
522
524
521
521
522
521
518
515
511
509
506
502
500
497
497
495
495
493
493
491
492
487
488
488
491
489
491
491
491
494
495
495
496
493
491
492
494
494
494
495
493
492
494
495
495
495
495
494
494
494
494
493
494
493
494
489
489
487
489
491
490
492
491
492
492
493
493
494
492
494
493
494
491
496
491
497
496
495
500
497
501
498
498
500
496
500
503
505
506
507
509
503
505
508
509
510
508
507
509
508
509
507
506
503
504
509
510
511
513
510
512
515
517
517
519
517
514
514
513
517
518
520
517
519
515
511
511
505
506
507
508
508
505
505
507
508
509
511
512
512
512
515
511
511
508
509
508
508
506
504
505
506
508
508
513
513
513
515
519
522
528
525
521
522
519
523
524
525
526
525
527
527
530
529
531
532
527
527
522
521
519
515
513
510
506
505
505
504
504
505
504
505
508
510
510
508
511
512
511
510
509
508
508
508
507
506
506
505
503
503
506
506
507
505
504
505
506
507
509
509
508
509
511
513
511
512
510
511
509
508
508
507
506
506
506
509
508
507
503
507
505
502
507
507
504
510
515
520
528
532
534
532
535
532
532
536
527
530
528
532
527
523
521
520
519
518
517
516
513
515
514
512
498
502
502
501
502
509
511
515
523
537
554
578
604
604
583
574
575
581
582
568
559
553
552
560
574
582
583
589
592
592
592
591
583
562
559
567
568
569
564
562
558
553
547
542
538
535
532
532
531
526
522
520
517
517
521
521
529
531
541
562
594
631
675
691
651
646
613
569
562
558
554
561
564
562
563
557
563
565
569
559
556
551
549
547
549
548
552
550
548
551
551
553
559
566
564
568
566
565
569
575
582
583
590
577
572
566
557
552
543
543
538
535
540
549
559
580
597
628
662
664
620
592
586
582
581
576
569
563
552
549
548
549
557
563
570
567
575
571
580
584
597
587
578
563
562
555
559
561
563
563
553
559
549
557
556
559
548
554
551
554
560
561
563
557
559
553
553
553
553
549
542
535
526
530
528
525
522
521
521
521
518
518
518
515
514
512
507
507
506
505
506
506
507
505
506
509
509
509
509
508
506
505
504
503
499
500
497
497
497
493
496
495
496
495
495
492
491
492
493
494
496
495
496
