511
547
528
531
542
1091
556
565
561
558
576
467
776
662
624
600
596
546
652
589
571
569
570
571
562
556
559
563
567
567
569
415
731
422
738
433
698
453
680
567
557
549
566
585
602
603
589
568
556
556
551
562
563
563
557
562
565
577
586
592
583
580
572
552
548
541
549
558
574
586
578
577
572
563
559
550
536
538
547
558
574
619
624
593
585
583
577
572
566
552
540
537
535
531
537
535
531
537
536
542
553
557
560
556
562
562
404
701
412
656
535
520
516
518
519
531
548
570
581
578
579
570
555
546
538
538
533
525
521
512
509
507
509
511
521
531
531
528
531
536
533
526
528
531
535
532
537
539
541
537
540
533
541
542
549
556
559
556
544
540
534
528
525
521
522
523
525
524
529
533
533
536
526
526
525
517
520
516
519
522
535
544
544
538
549
556
560
556
546
548
547
544
541
546
547
550
541
541
529
521
516
512
512
516
521
530
531
521
513
515
516
516
516
523
539
561
577
563
558
560
564
562
552
548
552
553
544
545
546
552
556
561
572
588
579
574
582
588
605
588
568
573
563
552
543
536
527
532
545
552
539
538
540
548
566
580
583
576
569
577
586
601
618
615
587
582
586
596
597
580
582
582
591
585
569
567
570
579
582
571
564
564
557
561
563
563
566
569
559
550
555
549
548
551
560
562
556
557
551
554
554
555
552
559
555
552
555
556
563
568
565
572
572
567
559
563
560
559
570
571
574
563
558
550
548
555
562
563
570
583
599
592
581
580
577
584
579
574
565
563
564
567
580
586
610
630
628
615
628
632
634
631
610
602
587
582
585
582
591
593
590
586
569
566
561
558
560
422
730
446
672
550
527
521
519
517
514
512
520
537
561
560
564
588
626
652
655
649
636
615
577
575
562
559
564
580
604
597
605
609
609
617
616
621
610
585
571
563
563
564
574
592
600
603
596
578
568
569
571
579
589
587
585
573
564
548
535
534
533
539
427
679
480
586
528
519
520
523
542
562
576
594
631
671
689
694
678
670
673
662
651
631
608
606
605
598
600
616
610
597
581
568
558
556
554
555
539
537
531
530
535
542
551
551
548
559
569
574
587
584
582
569
558
561
560
556
548
542
540
546
551
567
580
593
615
628
619
596
574
564
556
550
541
542
548
543
554
549
548
555
567
576
588
410
749
607
570
544
537
527
532
542
562
568
607
621
616
597
588
594
598
593
586
577
574
580
591
599
614
614
610
586
574
558
561
571
590
599
600
582
577
581
590
597
599
587
581
589
572
567
568
582
589
601
608
631
624
639
631
632
624
606
598
587
587
573
581
576
580
590
609
621
626
627
644
656
651
630
608
562
558
547
538
534
537
541
552
559
570
576
579
585
593
597
585
584
581
578
569
567
570
577
571
567
573
577
572
566
567
570
569
573
563
564
571
574
574
574
581
589
583
576
574
577
574
573
565
565
565
569
569
563
566
563
551
540
541
541
543
548
544
545
557
560
559
551
560
567
559
566
572
571
581
581
583
572
579
574
587
571
575
576
566
573
570
567
565
563
565
557
547
551
553
551
546
544
542
529
531
539
543
544
544
553
559
562
563
556
556
558
561
551
556
566
559
555
557
563
564
554
560
564
566
563
568
576
572
574
575
579
581
574
567
567
562
554
558
550
552
552
554
556
554
551
544
550
541
539
540
536
538
546
548
548
554
559
554
553
552
560
559
552
553
558
563
559
565
573
568
563
567
567
556
552
559
560
547
545
550
552
547
548
549
555
559
555
557
558
564
562
552
554
553
551
545
544
551
543
530
537
532
532
536
536
531
534
538
540
544
548
545
551
560
561
556
555
557
561
562
553
550
557
560
559
560
565
568
574
575
568
575
579
580
573
563
566
563
560
552
547
552
550
559
557
553
561
564
563
564
563
566
565
565
559
560
563
560
561
563
565
566
565
564
560
554
545
543
551
555
554
548
549
553
544
544
539
529
529
531
526
529
534
538
537
539
543
549
541
541
539
540
534
534
534
532
527
521
515
515
515
519
523
522
522
528
529
535
535
538
538
541
434
635
539
537
534
533
539
556
580
599
591
596
605
608
593
585
593
593
581
573
575
574
574
573
568
569
574
578
575
570
568
564
567
561
564
568
574
582
578
563
554
543
537
541
558
554
563
586
596
591
590
598
584
572
578
579
586
580
578
581
584
583
578
582
589
596
584
581
581
592
586
583
587
594
599
582
585
595
592
593
595
589
573
572
565
564
566
569
578
581
589
574
578
578
577
570
565
567
563
557
557
549
537
530
534
535
538
549
543
547
545
550
544
540
539
542
530
539
537
537
541
544
541
547
555
559
555
557
556
561
565
568
558
550
548
548
552
558
563
562
555
551
553
563
576
584
572
567
583
607
625
636
611
592
580
584
589
611
626
611
597
595
597
606
632
649
609
590
580
568
558
564
578
569
584
601
616
604
614
631
633
646
636
616
584
575
572
583
604
619
638
659
676
675
693
688
665
649
605
583
573
579
581
587
592
569
573
573
567
568
566
577
585
594
592
574
572
462
660
563
563
555
564
575
594
589
597
600
609
606
597
593
597
611
606
602
593
588
576
569
554
554
550
552
560
561
555
558
568
591
629
630
615
608
611
613
621
622
604
605
596
588
591
592
579
578
580
591
596
592
593
588
604
599
590
577
594
607
608
603
603
591
582
568
559
548
546
546
559
583
594
597
584
573
564
568
580
600
630
670
665
647
638
649
652
649
631
625
631
637
619
607
625
652
654
638
643
644
667
683
663
641
653
676
689
661
648
654
678
693
684
662
648
642
646
678
689
681
654
635
603
604
616
620
620
607
598
592
592
601
630
648
663
667
632
610
604
605
596
603
609
613
604
592
588
592
609
631
658
676
655
629
643
643
651
628
608
604
604
604
595
583
576
583
580
583
594
640
621
609
615
624
624
602
593
596
606
622
633
639
627
608
598
605
612
623
625
634
626
632
622
606
594
601
615
626
637
619
613
628
637
637
635
613
609
598
579
574
568
566
559
559
547
554
550
548
543
541
543
543
542
540
549
557
554
552
548
550
546
546
549
549
554
558
565
566
562
557
550
548
540
533
529
524
526
520
526
536
543
542
541
546
544
538
536
538
545
558
570
411
729
590
556
542
550
540
539
541
548
557
572
577
606
594
578
571
551
548
539
534
537
538
536
546
548
548
550
556
563
563
563
557
565
563
560
562
556
555
553
549
546
551
554
555
547
551
545
547
549
548
552
552
540
540
533
530
526
536
559
584
595
611
631
627
604
595
589
587
592
597
588
580
581
592
600
590
589
588
598
606
624
605
606
606
618
634
643
629
645
646
656
650
635
633
643
655
662
649
663
650
662
682
674
666
665
659
640
635
644
656
659
667
673
667
639
617
605
610
611
607
621
613
607
610
620
628
636
625
606
597
589
595
590
586
573
578
587
598
595
598
614
636
644
636
659
659
649
643
651
674
670
666
624
604
593
590
587
595
605
613
639
658
684
675
665
649
625
609
606
614
631
651
668
674
670
678
692
703
673
677
689
703
676
676
678
676
671
677
679
680
682
690
697
683
674
690
707
689
675
674
665
683
658
653
637
629
614
631
623
609
608
605
593
588
583
603
639
646
647
635
636
653
659
669
655
644
637
638
639
638
642
634
635
628
630
628
640
644
631
637
636
647
651
640
621
620
615
590
581
575
580
588
599
600
592
586
583
576
563
561
558
566
570
580
600
618
634
637
628
623
611
622
624
633
646
652
638
631
622
642
656
652
625
618
622
622
629
641
661
671
674
707
723
699
676
670
661
650
661
662
655
636
617
607
604
607
603
599
611
613
617
615
635
619
615
602
603
604
630
671
704
739
702
697
679
668
642
622
603
596
602
604
604
597
596
587
589
584
582
576
581
585
592
622
633
630
620
610
598
590
581
579
583
576
587
596
618
646
678
699
718
709
715
712
669
642
642
647
664
667
670
649
630
620
624
635
664
691
694
665
629
619
620
621
632
634
634
623
616
605
610
608
604
592
586
596
598
596
598
597
598
604
599
581
587
580
572
579
578
581
581
586
593
602
605
602
609
602
590
581
575
581
583
589
607
614
629
623
617
613
601
596
581
573
562
561
554
558
569
585
604
621
621
618
594
582
576
574
581
595
611
615
618
634
642
646
630
620
604
592
589
577
581
582
584
590
586
568
569
559
561
568
456
696
571
568
577
591
458
752
568
662
594
586
582
586
588
579
585
578
571
570
568
573
582
589
598
612
621
635
643
649
658
646
634
627
618
617
617
608
605
598
589
580
577
590
602
597
598
595
593
596
604
618
629
623
628
625
621
615
607
590
579
575
569
571
580
594
628
658
685
699
702
673
673
669
665
657
658
645
635
619
617
612
618
649
666
665
673
697
712
698
693
694
678
699
682
677
683
696
693
644
629
626
607
618
614
627
633
622
613
623
619
622
638
688
686
668
645
645
649
654
663
657
646
645
653
673
671
657
652
645
650
656
643
628
613
601
597
590
582
579
581
590
600
622
628
631
632
634
636
622
611
617
622
623
618
618
635
641
646
640
656
665
663
653
653
654
658
665
681
666
646
640
638
644
643
643
645
635
629
632
639
654
647
638
636
638
642
648
635
632
630
638
646
653
642
637
621
608
591
587
600
623
623
612
619
632
640
639
619
622
634
646
657
644
653
663
676
655
650
646
648
655
633
614
612
616
623
630
611
613
616
621
629
621
615
615
623
626
639
625
620
622
614
614
621
638
646
628
621
607
593
581
576
588
589
594
600
615
608
619
617
623
617
600
596
588
584
592
593
595
602
615
628
636
629
627
634
635
634
642
626
616
605
603
607
604
593
586
583
582
577
584
594
589
579
558
560
556
559
563
564
557
551
551
554
561
563
564
567
574
566
561
556
563
567
567
550
556
557
555
558
556
552
559
449
662
562
563
561
562
562
563
567
558
556
550
551
550
546
545
544
543
548
554
563
422
714
566
559
554
547
542
542
541
544
544
552
558
565
575
584
579
568
566
563
568
568
571
564
562
563
561
556
550
549
547
543
544
554
561
575
576
573
570
555
545
541
539
539
537
535
531
522
519
519
521
520
521
521
524
534
533
532
527
521
516
514
513
510
507
510
507
508
512
510
504
503
502
501
503
506
510
511
510
511
512
466
552
510
505
507
507
505
501
499
497
495
495
495
495
496
494
492
490
491
494
494
500
507
510
513
516
522
528
523
523
521
495
539
513
505
506
509
512
514
519
523
530
538
541
537
532
539
544
544
539
540
542
549
553
547
548
550
551
557
556
565
560
564
574
588
584
570
571
579
582
578
567
563
563
564
565
563
558
568
578
585
576
573
570
576
577
571
571
571
568
563
558
558
561
563
569
421
690
555
557
555
555
551
405
737
601
579
571
569
563
559
557
563
576
587
580
413
729
569
559
547
548
544
544
546
541
543
545
548
546
553
552
550
539
533
535
541
546
555
569
580
595
592
592
593
589
592
599
606
597
611
597
591
575
563
565
567
591
585
600
614
652
658
718
711
682
619
597
590
596
610
614
612
598
581
568
561
562
573
583
582
595
612
624
630
619
615
631
634
667
680
669
645
645
631
621
619
627
636
628
634
636
611
606
598
599
600
604
597
591
596
601
614
635
685
689
643
634
610
608
621
643
649
656
664
653
612
609
597
591
583
583
584
584
585
598
618
616
631
630
625
618
602
591
586
580
580
584
583
570
574
566
566
573
584
596
615
635
660
669
679
672
664
678
660
652
637
613
601
600
616
624
623
631
648
655
694
703
691
665
646
625
611
596
589
577
572
564
567
576
594
599
608
615
639
658
663
672
681
696
703
709
676
642
620
596
587
594
603
610
626
646
663
667
682
673
687
672
659
671
663
675
654
653
661
678
682
677
676
677
684
669
664
670
668
667
648
630
626
643
657
656
644
637
660
655
646
633
629
619
604
596
584
572
576
585
594
585
578
589
604
617
620
618
619
619
635
646
657
633
624
632
640
652
646
641
645
646
651
679
683
686
672
662
626
611
592
592
594
604
604
615
646
661
672
657
636
649
646
628
611
598
590
596
600
596
588
578
570
567
570
573
578
578
575
569
572
571
577
589
588
587
586
586
581
571
568
567
571
579
592
594
590
584
582
585
596
611
624
612
604
608
408
796
433
775
615
584
576
587
604
646
682
664
650
689
698
667
654
641
631
636
610
604
598
588
593
616
617
605
604
603
591
583
592
604
611
593
578
583
585
610
644
667
635
630
607
597
597
610
645
653
646
620
590
579
570
598
645
665
693
695
658
643
638
644
625
591
578
572
572
574
567
579
606
611
622
624
627
642
663
618
609
595
585
577
585
598
621
624
603
591
574
565
572
572
587
604
619
624
601
589
583
578
562
557
555
554
550
547
544
545
547
550
555
563
574
588
606
604
605
604
610
607
598
589
584
576
565
568
575
590
607
605
598
597
598
592
582
576
572
563
565
578
578
573
582
594
613
611
601
609
628
653
665
650
630
623
631
643
630
623
627
615
616
604
598
604
629
646
646
619
614
602
590
604
640
656
668
645
632
640
647
678
683
656
643
645
661
698
709
684
650
639
653
679
713
709
698
701
707
690
675
661
664
651
666
673
662
667
662
651
652
630
617
611
614
603
596
620
641
654
644
634
637
642
658
647
640
638
644
655
646
645
656
656
670
675
670
657
661
667
688
707
692
667
656
668
672
665
675
694
739
728
689
680
672
677
665
672
673
669
667
666
647
657
682
680
684
668
682
665
652
648
646
653
660
655
650
666
684
673
681
659
650
639
618
619
630
642
656
674
659
643
617
609
601
591
609
623
613
610
617
624
618
633
638
645
647
653
650
641
616
610
602
610
627
657
647
637
605
593
587
580
576
572
577
575
581
580
576
575
587
620
646
641
643
629
641
672
661
649
645
651
672
678
670
653
660
680
666
657
652
647
679
688
689
665
677
681
689
669
662
668
672
688
682
663
647
646
648
671
679
671
641
636
646
655
657
653
640
644
659
693
672
652
655
678
679
685
671
672
658
674
670
688
672
664
650
662
660
638
620
633
646
653
650
663
646
634
625
637
656
664
656
661
681
707
724
722
708
690
675
672
683
690
682
686
668
678
684
682
662
680
673
677
680
698
681
668
670
689
674
681
690
728
698
675
653
647
655
640
638
632
637
642
632
625
622
628
641
658
660
639
635
639
668
672
652
658
685
692
672
657
650
666
660
646
640
644
666
661
646
647
644
661
664
669
660
658
648
651
657
678
655
647
646
652
672
652
645
633
639
657
642
618
604
592
583
595
617
612
627
633
651
657
642
641
643
629
628
621
621
634
620
619
614
612
623
629
630
649
648
643
639
651
663
651
653
655
655
629
611
600
602
605
626
620
618
610
620
624
644
637
638
620
613
617
623
616
609
604
603
608
619
626
613
606
604
597
588
585
588
600
604
616
611
596
594
594
600
605
604
608
607
613
621
609
608
609
617
627
634
630
622
614
616
615
616
621
612
598
582
574
573
578
582
583
582
595
603
610
614
606
607
618
632
646
643
636
626
625
641
646
635
642
639
656
649
644
623
612
609
629
643
652
643
632
645
667
656
653
646
665
681
664
655
647
649
653
637
627
625
624
637
660
637
625
611
605
605
610
613
612
613
626
634
644
648
643
625
618
616
618
629
631
616
616
617
626
629
630
620
625
628
637
644
636
627
629
628
636
649
632
636
623
627
623
609
597
585
570
570
565
577
590
602
605
604
604
622
628
624
616
632
640
652
648
641
646
653
660
662
643
637
650
664
672
654
657
649
662
671
665
655
643
646
664
675
685
688
689
677
663
647
633
632
622
634
623
619
622
642
655
672
653
649
649
668
672
675
667
651
660
671
685
659
636
625
628
648
671
645
641
648
658
666
651
644
630
635
655
656
649
633
631
646
651
662
675
662
653
653
651
655
656
623
606
604
607
615
616
607
595
583
584
587
598
599
594
594
596
608
614
608
605
615
634
648
650
647
638
634
633
643
632
610
604
613
631
646
647
629
619
612
615
622
618
621
620
634
641
647
646
628
621
631
633
1247
611
394
810
463
681
550
541
553
541
539
540
542
540
532
530
530
522
520
517
406
595
507
501
498
438
554
500
498
507
509
514
518
523
533
543
545
546
549
547
547
546
547
542
539
537
541
532
533
533
531
536
537
540
542
554
521
581
554
557
560
556
551
547
447
640
545
546
542
456
602
534
532
539
549
551
559
563
560
464
642
559
560
567
428
683
552
537
535
538
537
542
544
543
543
546
548
554
555
554
405
703
555
537
530
489
563
528
529
536
411
643
537
537
543
441
633
547
555
555
560
562
566
576
581
578
567
573
581
579
568
564
566
570
560
559
555
560
568
562
565
569
571
565
571
581
404
794
632
601
574
565
568
575
571
572
575
447
734
579
572
566
560
555
556
559
561
561
570
578
584
578
569
567
576
572
565
563
562
563
555
552
557
557
563
562
564
566
575
581
578
579
586
586
587
580
574
577
584
585
574
569
577
580
568
562
557
563
562
568
574
579
569
570
568
562
563
566
572
577
566
566
582
583
589
591
604
602
617
609
598
598
608
602
605
598
580
568
560
557
563
563
557
563
568
564
566
567
568
571
566
570
573
564
564
570
575
571
566
564
569
561
568
576
585
570
567
576
582
573
566
567
571
566
561
563
556
545
548
549
545
547
552
553
553
550
557
559
561
558
555
553
557
405
689
554
546
543
544
548
551
558
555
560
574
581
579
565
563
561
557
556
549
545
546
481
603
536
533
534
535
546
544
536
541
548
549
547
548
548
551
555
557
554
556
561
562
551
541
543
547
545
547
550
553
561
562
560
563
560
546
543
491
603
546
544
553
555
549
551
556
562
566
568
556
555
559
562
555
550
551
555
560
552
551
558
561
561
561
560
562
564
558
553
552
549
548
547
542
539
540
541
547
548
545
543
550
552
543
546
547
548
544
543
541
545
540
539
532
533
528
523
516
519
517
515
514
519
517
514
516
521
522
523
528
521
523
530
531
524
522
528
531
534
526
531
529
533
534
540
535
535
545
549
558
557
565
573
573
567
568
571
572
565
572
569
576
572
556
569
569
568
561
573
572
563
557
562
568
567
574
558
559
563
570
568
560
562
568
568
558
556
562
564
572
560
562
565
569
565
562
562
560
557
543
544
544
540
541
544
551
547
539
542
546
540
536
543
543
548
549
551
550
553
550
549
547
548
553
545
546
550
552
547
549
551
548
545
557
564
568
562
558
554
553
542
540
542
540
538
538
540
541
541
538
540
543
547
462
609
543
541
542
534
534
535
542
539
402
681
550
537
536
540
547
544
546
547
558
559
558
558
555
551
544
540
539
542
543
538
540
541
540
530
528
530
529
526
528
533
533
528
523
526
526
520
519
516
510
510
516
517
516
519
517
521
521
520
521
519
521
527
522
520
522
526
521
522
522
429
610
528
519
519
521
520
525
523
521
454
587
524
521
521
522
532
534
533
531
534
535
533
533
538
537
532
526
529
527
526
521
511
515
512
517
521
517
516
520
526
530
545
533
548
543
551
552
557
554
540
534
533
539
547
555
562
549
545
550
547
563
548
549
550
545
542
539
536
529
521
523
528
536
549
541
559
586
622
641
642
633
611
576
569
559
556
546
546
545
541
536
548
563
561
564
577
593
603
584
575
581
594
596
574
563
563
562
554
543
542
544
555
566
561
560
580
598
587
591
594
589
569
576
590
582
578
591
593
578
584
590
611
640
650
645
634
630
601
569
556
554
558
561
554
552
559
564
575
571
572
598
621
623
619
635
646
647
647
651
658
676
660
627
609
599
586
590
602
613
648
687
667
645
608
595
601
603
606
605
594
595
595
597
597
595
582
575
569
575
585
605
616
628
649
677
685
657
639
647
611
603
598
587
585
576
574
568
562
566
574
594
615
657
651
649
648
641
639
634
612
610
603
604
597
590
576
559
554
552
555
566
579
583
584
591
573
563
561
561
572
585
595
603
593
592
592
592
596
594
610
641
669
679
684
682
666
656
637
609
588
585
592
589
594
593
607
639
648
635
623
626
622
602
599
609
612
609
616
640
642
626
616
620
630
653
634
627
639
646
678
668
647
644
638
651
654
634
629
633
657
665
649
646
648
660
664
642
628
618
631
650
656
653
641
633
619
619
629
628
617
620
627
638
628
605
587
578
567
560
558
564
572
589
613
624
610
610
624
620
623
618
615
612
610
624
635
631
621
599
590
587
592
604
601
592
604
614
634
624
619
623
635
642
654
645
619
624
628
635
645
616
618
633
658
669
668
657
623
595
585
608
621
646
654
648
642
619
615
615
606
591
616
636
618
600
582
579
590
584
576
575
581
595
613
641
632
631
631
654
648
665
652
650
650
633
615
594
588
574
567
575
588
579
570
581
591
590
583
580
582
592
606
604
589
583
586
591
585
581
589
587
572
568
561
551
545
544
550
557
571
589
611
644
638
627
616
605
604
613
596
597
593
597
611
653
640
628
639
649
682
698
699
671
644
636
641
653
670
679
639
640
645
666
702
684
688
679
709
701
673
659
668
671
675
659
635
622
627
635
647
641
637
646
669
704
675
662
641
636
638
626
615
592
587
593
587
586
589
591
588
585
584
598
609
630
616
612
618
629
633
613
617
624
632
648
666
646
627
630
645
649
651
646
638
625
636
652
663
663
658
661
672
661
639
636
633
637
634
620
612
604
600
589
580
590
584
581
574
565
567
578
594
609
615
606
591
578
567
568
587
618
652
674
667
635
624
608
608
594
587
583
581
573
572
566
563
557
553
553
552
555
555
568
587
593
596
607
623
639
647
637
614
604
606
611
630
641
642
650
654
657
625
614
611
614
604
604
619
641
641
631
628
624
620
608
589
578
568
563
563
560
558
558
554
556
556
554
561
551
553
550
557
561
561
550
552
550
545
547
550
555
554
553
549
551
559
563
566
563
572
572
572
570
575
575
563
563
559
558
556
555
560
556
555
557
563
562
557
559
553
545
542
540
534
533
533
538
541
543
545
539
539
535
529
532
530
530
527
529
532
535
538
541
547
544
541
543
541
535
534
532
527
530
527
528
529
528
526
529
530
529
530
532
535
535
532
534
541
537
533
530
530
530
526
530
524
526
521
518
517
516
511
509
508
507
507
506
504
507
509
513
515
512
515
512
506
503
499
492
492
493
490
492
496
498
501
501
506
503
510
510
510
500
512
502
504
504
503
498
502
502
504
500
499
500
498
498
491
491
490
488
482
486
487
492
486
488
486
489
487
486
485
485
484
482
479
479
481
481
479
481
454
510
486
489
490
490
496
501
510
514
509
507
507
499
494
492
486
483
481
480
481
479
481
480
485
488
487
484
485
487
482
482
482
482
480
482
483
487
493
496
497
500
507
505
508
519
521
518
523
524
523
522
524
521
521
521
521
521
521
524
524
523
526
525
530
532
533
532
528
531
529
531
523
521
521
521
520
512
509
507
506
501
497
497
496
501
504
510
511
511
513
372
639
508
497
494
490
483
486
482
479
479
477
473
475
473
469
469
467
468
466
464
463
462
460
459
463
462
462
467
469
473
479
482
485
489
493
497
508
514
516
509
504
498
498
497
489
490
492
488
490
497
499
504
504
516
522
519
512
508
506
509
499
499
502
508
510
504
511
516
516
512
519
527
532
529
531
531
534
532
527
532
542
549
544
536
535
539
545
555
549
552
553
557
560
561
574
575
574
560
555
548
562
588
572
550
541
529
535
551
421
678
410
635
528
543
579
586
572
573
579
618
646
663
669
646
602
575
561
590
628
634
605
585
572
567
560
548
560
567
561
550
544
536
533
533
561
623
636
609
586
596
613
632
602
595
597
618
596
570
565
556
553
570
588
585
578
579
570
558
553
551
550
557
560
550
549
545
539
532
548
542
533
535
532
530
525
539
551
547
557
565
570
562
583
597
583
559
555
559
576
604
622
608
620
625
629
628
587
577
574
586
576
565
561
577
600
624
625
615
624
657
655
630
608
610
613
619
633
633
622
641
651
670
674
646
630
641
689
702
682
666
676
672
661
643
624
619
601
607
643
670
655
663
673
692
674
657
645
622
616
608
599
604
630
661
673
678
658
620
594
606
608
595
594
592
583
571
563
569
577
571
579
603
614
613
612
627
636
634
622
620
628
622
613
622
628
608
607
595
601
582
571
558
554
550
544
538
540
538
540
538
529
531
525
528
525
527
530
533
541
547
550
549
553
549
552
557
555
553
541
543
550
552
540
537
529
528
527
534
552
571
589
601
610
590
583
571
565
558
555
549
542
540
537
536
539
539
545
548
546
545
551
555
553
548
553
556
556
561
557
560
553
548
542
546
538
538
537
539
539
544
540
533
530
523
521
526
536
538
550
559
561
563
571
567
566
563
564
573
577
596
589
582
566
554
553
555
563
568
574
571
569
563
559
560
554
545
549
557
572
575
573
577
572
556
542
538
536
531
529
530
538
558
601
622
633
620
578
567
558
552
542
540
525
540
528
538
545
558
560
561
559
558
553
549
563
577
576
567
562
562
560
579
617
637
642
664
661
618
639
645
668
665
625
595
573
558
556
556
551
552
555
563
572
581
585
587
582
591
596
597
583
573
574
573
576
573
573
572
583
598
619
614
599
602
585
571
563
568
583
577
575
576
602
626
644
645
604
586
571
562
558
557
551
563
592
638
616
597
582
575
571
567
562
570
592
615
618
636
637
652
653
614
589
575
586
601
585
578
567
561
568
574
581
574
578
584
610
640
663
670
643
640
640
644
630
620
631
642
655
648
639
645
652
666
650
636
627
623
629
647
635
621
620
632
654
667
652
639
637
635
658
638
622
609
597
590
586
594
596
594
589
582
574
566
555
557
563
582
610
615
614
624
634
662
672
650
628
637
644
660
633
638
654
675
705
665
662
649
647
639
629
630
642
637
632
617
625
635
629
620
618
607
598
582
573
568
577
584
583
597
604
608
604
597
598
618
620
615
614
607
603
626
623
598
598
583
582
594
606
607
588
575
569
560
570
581
578
561
560
557
558
555
551
538
538
534
535
535
530
533
526
524
519
521
527
526
534
542
546
545
549
550
550
551
545
543
542
531
528
525
523
523
525
530
536
536
536
537
540
550
562
570
564
574
573
563
567
564
561
554
560
555
545
542
536
537
534
535
530
527
526
524
516
513
514
513
518
520
521
525
528
529
533
544
552
563
561
561
559
563
568
572
563
555
549
541
547
561
564
572
576
588
588
594
590
584
600
609
621
615
600
580
566
557
554
558
557
569
572
572
568
567
582
592
585
581
578
588
580
571
563
571
592
602
591
580
572
572
584
600
631
662
666
630
609
613
616
617
591
585
591
571
589
558
554
552
563
598
654
679
622
598
581
562
567
548
546
551
540
554
549
551
563
560
563
592
575
575
566
567
563
557
562
561
566
576
571
586
600
578
598
567
570
562
562
555
550
537
540
543
550
573
563
560
552
557
574
564
557
550
556
546
540
543
549
559
562
567
577
590
584
586
585
584
579
573
564
565
559
549
542
531
531
532
535
545
543
541
546
554
559
563
576
576
570
568
566
563
556
560
556
555
550
549
547
547
542
543
539
536
539
544
559
563
559
567
568
562
549
542
536
534
529
525
520
514
508
506
508
502
502
495
496
494
497
498
500
499
500
502
503
510
511
513
510
511
512
511
510
507
505
509
504
502
500
495
492
490
489
485
481
480
477
475
473
472
471
470
470
469
469
468
471
471
478
482
479
489
499
503
509
513
510
510
509
508
505
504
497
498
495
496
500
497
500
498
498
498
497
496
497
499
493
492
490
489
490
486
488
485
486
487
483
482
479
478
473
474
470
470
467
465
464
463
464
466
470
473
478
483
487
495
501
505
503
498
496
494
494
495
490
488
489
488
487
487
487
485
486
484
480
479
475
473
473
470
468
464
460
458
459
454
456
454
458
457
463
475
491
501
506
503
508
509
517
512
513
520
524
519
521
521
517
516
517
517
514
512
513
517
521
515
517
520
519
521
521
528
530
531
526
539
540
539
537
527
527
523
518
516
519
516
515
509
508
507
505
500
498
495
496
489
488
485
485
483
482
481
480
479
476
476
469
471
469
474
478
375
582
486
486
490
483
482
479
485
488
493
495
502
500
507
516
516
513
518
518
532
533
531
526
521
524
523
526
521
518
518
512
507
503
507
517
522
521
530
530
525
518
511
510
512
509
510
516
524
542
547
541
548
557
559
562
553
557
570
584
580
567
573
581
574
556
550
544
549
554
553
563
569
582
603
594
587
600
608
619
605
603
603
608
609
622
625
639
631
609
610
626
633
622
616
615
629
623
617
608
608
623
613
611
600
608
607
608
599
611
629
640
627
604
586
570
560
565
565
583
592
612
596
612
623
625
623
615
620
621
620
630
622
632
648
663
643
644
643
651
661
640
640
638
647
656
640
639
640
662
676
641
636
632
636
638
634
620
631
637
682
646
627
631
612
613
616
604
586
585
576
563
555
552
549
548
548
551
556
559
557
567
567
571
582
596
608
597
589
596
610
604
586
590
597
606
602
596
615
623
639
644
632
616
621
621
604
586
592
601
592
597
588
580
573
592
599
588
561
560
563
563
565
571
559
563
563
550
547
551
564
579
584
591
605
615
634
646
643
620
612
593
577
585
584
596
591
595
612
644
688
740
754
728
699
670
644
629
596
578
567
569
573
596
610
608
602
595
573
553
549
553
565
580
588
583
565
567
574
584
580
587
590
597
613
616
584
551
544
553
569
613
683
714
649
641
610
588
570
577
582
589
604
635
639
614
612
611
613
600
599
607
604
596
601
624
630
627
624
626
616
614
595
585
588
609
609
601
585
579
574
577
589
606
637
624
634
614
589
608
624
625
604
592
596
608
594
587
590
604
609
600
604
629
660
644
631
631
635
664
720
693
701
708
717
710
706
692
692
675
645
644
648
672
683
655
638
631
633
618
607
602
599
601
607
595
584
580
576
571
557
547
548
548
560
581
608
613
596
577
574
573
590
593
604
582
568
557
552
546
563
586
580
579
580
588
602
592
582
587
595
598
585
575
582
579
585
578
585
603
618
627
630
626
635
623
604
594
593
589
577
576
581
584
578
586
589
590
576
573
571
576
594
591
581
579
576
574
568
566
572
581
596
582
575
566
561
553
553
551
540
541
543
535
552
549
558
559
550
548
543
542
535
541
540
543
539
542
546
550
546
539
539
543
536
530
535
539
543
542
534
535
529
525
524
520
514
516
518
519
521
521
522
522
517
518
520
524
521
527
522
524
523
534
539
536
547
558
571
567
578
577
575
568
570
568
565
561
553
557
559
544
547
547
551
553
546
550
542
549
555
558
558
572
569
559
566
565
567
562
555
560
560
554
543
547
549
545
543
535
539
544
542
541
541
553
561
551
546
549
552
550
539
541
543
547
547
543
545
540
542
539
548
550
542
543
547
550
554
546
551
557
552
552
553
552
546
550
551
555
546
538
539
542
537
535
533
533
527
524
524
526
529
533
538
548
543
540
546
538
537
535
535
536
537
535
529
525
527
531
531
521
523
520
526
529
534
529
529
534
537
531
526
527
527
527
528
532
525
530
533
532
531
527
535
536
533
531
535
538
536
528
526
525
526
529
526
526
530
527
525
528
528
526
523
523
525
521
521
518
521
520
514
515
520
525
526
523
523
527
530
526
520
519
521
520
512
514
515
520
519
510
509
510
516
514
510
513
512
518
519
512
516
521
520
518
512
516
520
509
506
510
515
518
510
513
516
521
517
512
517
521
520
515
512
514
518
512
509
511
516
520
513
515
516
517
517
514
518
520
518
518
522
522
518
516
513
511
507
501
494
495
496
499
501
500
498
502
501
497
497
496
503
509
502
500
505
395
623
507
502
499
507
511
521
530
546
544
546
553
565
568
560
552
553
557
540
532
529
525
520
519
521
523
521
521
523
517
523
524
519
513
507
503
508
505
508
507
507
508
512
521
513
516
518
521
521
516
521
529
535
539
534
538
542
534
527
525
523
521
517
512
513
518
519
520
517
521
521
521
522
523
523
522
521
521
525
521
513
511
508
510
509
505
509
506
504
506
505
502
505
507
504
502
502
500
501
504
501
505
506
507
506
506
507
507
504
509
506
509
508
507
502
506
509
505
505
505
511
515
510
509
512
512
515
508
505
508
506
504
504
501
498
500
498
498
499
501
502
499
504
506
506
508
505
505
506
504
506
498
498
497
494
488
486
489
491
489
489
494
494
496
492
497
501
501
499
499
503
501
504
503
504
509
507
506
503
504
504
498
498
500
500
494
492
494
501
500
495
493
495
499
500
497
492
496
495
494
491
489
492
499
498
499
491
493
497
498
495
489
488
491
492
488
484
485
491
495
495
491
494
501
500
497
495
495
498
502
500
494
496
502
508
458
547
503
499
498
495
494
494
494
496
497
500
499
517
513
511
515
517
515
511
508
512
509
504
503
500
409
582
496
494
491
489
491
494
503
503
496
497
503
507
506
507
505
510
389
627
503
499
500
504
505
501
500
503
456
560
507
505
508
458
562
507
504
508
506
505
502
505
507
502
498
390
591
498
494
493
492
495
492
490
493
495
495
494
497
497
503
504
508
516
518
513
512
514
518
521
518
516
521
521
521
515
514
516
521
521
516
521
523
526
527
520
519
517
512
511
511
517
519
518
517
518
522
521
518
520
517
520
521
512
508
507
509
395
596
503
499
502
501
501
504
508
511
519
519
518
522
524
523
514
516
519
521
519
520
520
523
520
513
516
518
519
517
511
511
514
515
512
503
504
506
509
501
500
501
503
503
498
496
498
503
504
507
509
509
512
516
514
517
513
521
387
661
518
517
514
512
505
496
501
506
515
521
524
532
547
548
544
535
533
526
529
537
533
528
528
529
534
535
528
521
523
520
515
515
520
519
517
517
520
527
533
528
535
534
530
527
530
524
515
516
517
521
517
516
519
525
524
525
528
526
521
521
522
521
520
506
509
510
393
630
518
516
517
515
516
519
520
516
521
527
532
535
537
546
546
551
541
542
546
535
531
532
531
531
521
521
521
524
526
521
519
520
523
523
518
519
521
521
519
514
512
516
517
513
510
510
515
516
511
514
517
526
533
533
534
522
518
514
519
522
523
519
518
535
575
622
615
593
585
586
562
554
554
570
579
587
575
579
589
595
574
560
561
565
579
563
555
550
540
534
537
536
526
521
528
536
546
557
557
548
535
526
515
517
516
512
511
513
514
518
518
520
521
528
538
534
533
534
539
525
525
527
531
537
540
535
530
522
510
499
504
500
505
512
509
512
519
531
539
540
555
561
550
557
563
549
541
544
554
563
560
546
542
539
536
535
525
529
526
525
535
543
535
540
548
563
570
558
562
567
578
575
564
577
591
603
580
581
580
545
543
539
532
526
521
516
516
511
513
509
511
509
504
511
513
512
515
523
527
524
520
525
531
527
527
532
537
535
535
538
541
547
556
563
580
558
546
542
539
527
527
526
537
534
531
535
526
526
521
512
508
506
506
511
516
511
515
513
522
529
544
537
533
538
540
534
530
518
511
521
521
533
533
548
549
543
542
554
567
583
575
567
568
571
589
580
574
572
575
577
568
566
581
604
621
602
598
607
623
622
598
589
588
589
581
579
587
585
582
578
587
593
595
584
572
579
585
581
582
574
583
592
595
576
567
563
563
561
555
544
545
553
571
597
615
618
599
585
577
580
569
563
569
563
565
574
562
566
575
577
585
594
604
590
585
593
599
591
588
593
611
617
596
575
571
604
626
621
601
588
572
564
560
561
564
573
582
586
586
581
570
579
576
576
572
565
561
557
545
541
540
531
528
532
534
534
534
538
540
545
551
556
572
564
574
592
587
580
566
565
562
548
551
560
577
585
590
607
618
608
596
582
576
575
580
571
561
556
555
565
569
566
585
615
638
613
