680
684
684
681
685
676
683
683
684
681
691
684
574
813
690
702
702
699
707
706
704
713
717
709
718
711
718
720
710
721
720
714
719
718
716
715
708
716
717
718
720
618
810
714
714
712
712
711
712
701
708
703
708
705
708
708
701
707
707
705
706
699
701
710
687
712
717
697
712
728
719
729
730
729
726
729
731
730
731
720
728
716
725
725
726
729
723
729
729
733
734
729
729
730
726
733
730
730
729
729
723
732
729
722
720
710
729
721
1464
728
726
721
723
719
713
725
722
729
709
736
738
741
737
741
741
743
738
744
739
741
736
737
735
737
729
729
736
733
733
730
728
732
728
728
732
728
736
733
739
720
733
751
743
739
750
743
744
751
733
740
739
727
739
724
732
391
1084
728
724
721
720
714
718
715
708
704
721
714
715
716
719
729
731
723
727
726
556
891
726
721
720
723
713
717
721
714
715
717
713
715
712
703
715
715
709
715
708
711
712
706
710
706
707
700
705
698
704
703
701
758
637
693
686
681
688
679
687
686
680
678
683
688
679
680
687
682
693
690
678
695
692
688
699
694
691
696
701
704
694
703
707
707
705
700
694
701
698
697
699
700
700
697
703
697
704
694
702
699
699
699
699
702
697
705
703
704
702
698
700
694
702
687
701
698
703
696
702
700
696
710
694
703
699
705
707
701
707
703
705
705
706
703
700
690
709
699
709
710
705
702
703
695
699
699
691
694
703
688
700
693
693
688
691
682
688
684
690
689
679
692
681
696
689
698
693
703
688
702
688
704
691
708
691
705
696
699
700
700
703
698
688
688
706
695
701
688
691
488
892
556
813
1177
434
450
688
688
1371
255
419
693
672
695
681
693
690
690
694
681
701
688
701
690
698
688
698
685
687
690
688
682
694
686
686
672
690
687
691
684
695
688
695
691
688
682
690
684
678
681
680
681
675
681
680
680
673
681
680
679
677
674
679
674
682
663
672
682
669
684
677
683
681
683
684
684
685
687
683
686
683
687
684
681
685
687
682
685
685
673
683
684
683
684
682
686
685
683
684
685
688
687
688
688
693
690
689
692
690
690
688
691
685
693
691
694
692
693
697
692
692
696
689
695
694
693
699
697
694
698
693
689
681
686
687
677
684
681
682
685
683
675
685
683
682
681
686
681
684
686
687
691
688
684
683
695
689
698
695
690
699
695
697
694
428
270
696
701
696
702
701
698
698
700
702
698
693
701
700
696
699
691
700
691
698
690
697
694
688
699
688
698
689
697
686
692
688
696
694
697
697
697
700
700
702
697
480
924
702
703
695
701
692
699
692
700
698
701
703
699
704
701
706
702
697
691
696
690
695
689
693
682
695
694
693
698
693
702
695
702
690
703
689
700
370
319
367
333
689
700
380
309
698
688
697
688
699
688
697
688
695
687
693
688
694
687
694
692
691
684
688
679
688
687
688
684
586
761
684
685
678
687
685
684
682
679
682
686
675
679
676
686
675
681
352
324
685
679
685
678
686
678
681
675
671
683
678
672
669
679
665
677
669
683
679
676
665
680
665
680
682
659
674
676
671
680
675
673
678
672
682
662
683
661
672
674
670
664
678
686
680
677
682
682
681
683
683
685
686
1364
673
679
675
678
675
674
676
679
679
666
688
678
685
674
692
685
684
683
678
671
687
682
682
676
686
682
681
682
676
683
678
680
676
678
675
665
677
672
674
664
668
673
662
677
682
681
682
687
687
688
688
686
673
491
890
692
689
686
689
688
692
694
674
691
697
696
699
695
698
695
696
682
697
697
559
819
702
704
705
698
694
702
696
698
696
695
697
695
697
696
699
698
694
691
694
689
691
361
320
688
685
533
833
687
692
694
695
681
705
700
701
707
702
695
703
698
707
696
700
710
711
711
714
712
715
709
713
709
709
702
706
704
701
709
707
710
623
788
693
697
685
694
691
686
685
686
688
682
364
1024
711
691
697
692
688
689
689
680
688
688
692
689
696
693
691
681
693
693
689
693
684
678
685
684
680
672
669
674
666
669
664
668
674
669
664
671
674
675
661
663
661
667
658
663
658
664
661
660
665
667
661
662
676
650
682
660
675
666
683
654
675
676
663
670
670
667
677
665
678
676
676
662
673
663
671
667
673
662
673
665
663
660
663
658
653
653
648
654
638
652
644
652
657
642
646
641
657
650
662
657
658
658
650
648
663
666
666
667
670
664
674
660
665
665
673
662
652
665
655
670
673
652
667
671
665
590
751
669
665
662
656
668
661
664
646
655
653
659
647
677
684
683
683
694
679
696
683
695
698
687
691
688
697
696
703
701
706
709
700
713
703
707
710
709
688
694
688
684
677
665
662
654
662
658
658
658
653
657
648
652
664
651
655
658
644
658
657
658
662
655
642
662
661
673
658
676
678
684
685
705
679
712
712
709
720
717
695
714
681
708
721
695
723
684
717
728
724
721
709
714
680
690
701
706
707
707
703
700
701
696
685
690
694
691
694
692
691
690
686
682
689
667
686
657
677
688
689
691
679
696
692
675
693
690
670
686
686
680
685
684
688
664
682
697
697
708
701
711
706
702
702
704
702
697
694
663
676
693
677
689
684
681
680
681
681
684
684
646
683
672
694
674
688
682
680
677
683
664
673
654
676
672
684
673
657
676
667
689
673
688
699
697
699
705
710
716
690
718
698
731
734
732
738
734
732
722
724
718
724
714
711
719
711
711
683
707
700
706
709
702
689
702
713
711
711
711
711
708
709
707
712
698
712
684
709
712
711
715
705
713
709
706
705
706
703
703
700
704
704
706
706
706
710
710
708
712
715
714
712
721
715
722
718
715
720
711
715
711
708
711
711
714
708
714
708
703
709
710
706
687
707
707
703
705
700
692
695
691
694
683
694
690
689
688
682
686
684
678
682
678
683
675
683
669
677
673
678
682
675
676
674
678
669
679
676
682
685
687
679
684
680
691
669
688
680
696
673
692
677
687
676
689
675
680
681
672
682
685
686
672
680
672
675
673
682
674
684
684
670
677
669
675
669
677
469
892
660
667
658
669
654
669
668
672
656
679
672
672
673
664
663
671
668
651
667
646
667
665
669
665
667
664
675
670
675
659
682
674
674
687
683
667
671
687
678
686
678
674
674
673
685
664
676
670
677
671
672
676
664
674
664
661
667
667
654
666
669
667
660
665
660
666
655
680
658
662
665
665
667
664
666
648
664
663
657
657
662
659
666
661
663
677
666
655
660
659
667
664
662
664
652
669
668
668
665
676
667
669
671
670
670
669
667
663
667
666
663
668
652
669
660
665
669
656
650
667
647
665
653
667
655
654
669
659
659
662
669
667
669
668
668
664
665
670
644
662
660
656
660
657
664
655
656
655
656
658
649
655
664
644
659
664
666
650
667
650
665
645
651
663
660
661
673
658
672
655
669
675
670
668
670
660
668
656
667
657
652
660
656
664
656
663
660
663
651
670
667
669
659
669
666
668
673
663
661
666
669
668
663
659
661
663
664
665
670
667
664
668
659
659
663
659
657
665
652
659
655
662
654
664
665
658
666
667
658
671
668
664
664
677
669
676
672
673
663
660
667
670
670
657
666
668
658
673
669
671
671
665
674
678
656
662
671
660
667
676
663
666
670
664
671
667
670
664
666
663
664
657
663
649
659
664
659
657
648
659
655
660
654
662
658
664
663
657
662
675
655
673
656
664
668
658
666
678
666
680
666
673
674
666
675
677
674
674
671
662
673
666
667
675
674
672
664
654
677
666
667
671
680
680
680
676
672
665
679
680
673
688
681
688
684
680
672
680
663
671
667
669
642
660
672
671
675
666
672
669
673
669
663
669
663
670
662
666
663
666
672
651
670
662
667
672
684
668
680
651
677
688
683
686
675
654
672
668
655
666
659
658
650
650
641
657
666
644
669
668
673
666
669
679
673
674
672
670
676
670
661
672
667
670
670
667
670
655
666
664
667
645
667
669
654
671
672
675
663
660
663
659
663
658
660
662
664
654
673
669
678
674
682
679
680
676
676
671
677
655
676
675
675
671
659
666
679
674
672
679
678
679
676
675
666
681
675
673
677
676
677
678
681
674
680
672
682
683
678
676
671
674
666
675
667
670
669
674
663
670
687
677
674
676
680
674
680
673
682
681
678
673
686
686
687
687
684
683
682
680
685
682
687
679
682
685
676
683
687
687
686
684
685
682
683
680
679
678
678
679
676
675
675
678
674
672
671
673
671
672
667
670
665
672
666
676
677
673
679
685
684
682
688
685
685
684
681
689
688
678
686
688
687
687
686
682
685
681
680
662
679
681
683
685
679
680
680
680
680
680
664
681
681
682
684
683
679
687
449
918
681
667
675
682
679
680
680
679
680
679
674
685
684
681
683
673
685
688
688
688
689
688
691
694
694
693
689
688
690
688
683
683
680
680
680
675
676
667
671
669
666
660
657
666
667
665
663
664
661
657
662
660
657
657
661
660
663
659
664
661
662
666
664
670
665
669
663
665
386
978
669
665
408
927
679
653
671
670
663
675
662
686
672
692
680
681
702
689
704
696
707
705
701
697
697
704
699
702
704
701
707
702
712
710
714
715
711
718
710
715
713
710
700
715
714
711
715
708
679
709
700
709
703
706
694
705
700
703
698
694
692
692
688
690
686
686
686
685
686
682
681
685
676
677
674
668
681
665
670
668
682
675
688
674
688
689
693
695
684
689
683
689
688
672
688
679
688
680
692
687
678
688
682
695
690
688
686
680
688
677
684
675
679
686
683
676
682
672
680
688
681
685
680
679
688
684
688
688
690
679
690
681
685
693
688
700
687
695
699
688
707
685
690
699
689
699
688
699
689
690
699
698
694
696
691
679
689
694
688
689
692
681
693
683
688
687
689
692
683
683
686
686
677
675
679
671
683
694
678
695
699
685
689
699
694
679
692
687
692
698
685
687
692
691
691
689
685
688
691
686
682
692
688
681
693
694
682
692
700
696
695
695
695
689
693
686
693
686
688
676
683
679
683
685
678
674
684
680
687
688
686
693
678
687
692
698
683
696
693
694
697
695
697
690
688
691
692
690
686
690
694
686
696
687
697
690
692
694
703
687
702
704
701
693
700
698
698
694
694
690
692
691
688
685
691
689
688
694
684
692
694
691
693
693
693
695
690
688
691
688
685
683
677
675
679
677
666
677
668
678
676
688
679
676
685
682
689
691
691
684
688
689
685
692
691
694
689
686
688
688
688
687
685
680
685
685
672
683
677
684
679
673
666
678
678
672
674
676
680
673
670
677
682
677
678
680
683
685
684
683
680
671
681
681
668
688
677
688
686
688
688
688
699
698
687
703
692
700
684
691
701
680
678
690
687
689
690
679
684
679
672
682
667
682
670
681
680
676
688
678
686
687
683
683
689
683
688
681
686
688
686
684
684
674
676
683
676
673
674
672
681
680
681
675
680
678
677
686
676
684
685
681
681
672
679
680
681
665
680
674
680
676
672
680
663
676
666
672
678
673
672
668
675
666
392
976
677
668
389
958
668
656
659
661
657
658
658
655
661
650
662
670
656
672
663
675
673
677
683
671
674
676
660
677
670
679
670
680
661
678
667
680
670
672
676
675
676
681
673
676
671
676
671
667
667
667
659
667
656
666
660
669
659
664
671
669
664
663
671
675
672
672
675
651
673
652
669
663
674
659
674
652
671
653
670
659
673
656
677
654
672
652
671
653
669
654
671
660
668
648
660
653
654
651
647
654
647
648
647
650
646
649
655
654
652
646
649
653
650
647
646
655
650
654
656
651
657
650
656
654
655
638
651
656
658
657
658
654
656
651
654
646
654
638
647
635
643
639
637
634
644
642
629
646
633
637
637
636
636
636
635
631
631
630
627
637
628
641
626
640
640
641
637
635
639
638
641
634
644
647
343
301
645
640
651
639
648
643
648
643
650
643
650
637
650
639
644
643
652
650
655
654
651
660
662
658
665
661
658
634
1319
656
654
650
649
652
650
642
654
655
654
658
656
660
654
637
664
660
641
652
667
664
665
354
967
673
661
642
660
659
661
663
661
662
654
660
660
661
660
662
647
662
658
653
664
650
665
672
656
671
663
661
662
661
656
661
646
660
646
662
660
666
659
663
649
668
664
670
662
666
659
666
647
668
665
672
673
670
675
670
675
665
676
671
672
679
678
678
673
675
661
669
666
670
664
674
654
680
688
685
690
692
688
684
675
678
691
688
690
690
680
686
679
676
675
680
673
682
681
679
681
687
690
689
692
691
692
692
693
686
690
683
690
689
685
685
686
686
687
687
690
689
690
695
691
677
692
403
964
697
690
401
957
703
688
663
685
670
684
676
682
664
681
656
679
654
677
655
675
678
672
659
664
663
664
663
670
654
666
648
667
656
667
659
665
663
663
666
663
672
665
674
659
680
662
681
669
682
676
674
674
681
669
674
674
680
680
686
679
676
680
679
678
660
685
678
688
686
689
688
688
688
688
683
687
682
688
682
688
688
688
688
690
689
692
688
690
688
688
687
688
685
687
685
686
681
683
682
684
683
688
686
689
688
689
688
690
688
689
688
690
688
688
691
686
688
689
688
685
687
686
687
681
680
680
668
678
676
680
675
684
667
676
670
680
672
682
673
684
679
688
681
685
680
680
682
690
685
688
687
388
983
698
684
689
683
690
684
690
672
684
663
687
669
689
673
687
671
687
688
691
697
690
690
688
682
686
688
670
687
667
686
684
692
691
693
679
690
686
691
684
690
686
687
686
682
677
671
677
669
675
672
676
671
678
678
668
677
674
676
673
678
680
674
682
668
681
671
681
670
681
670
680
670
679
669
676
674
679
674
671
674
674
669
663
674
670
673
670
672
663
667
672
679
668
670
671
673
665
670
670
662
663
659
661
657
656
661
659
665
657
648
655
655
647
656
655
651
655
658
650
645
648
642
648
650
646
649
653
650
653
660
655
662
660
657
664
660
666
662
657
658
654
664
648
658
651
665
647
669
655
658
656
660
660
668
658
651
651
650
642
658
652
655
644
649
645
650
651
652
647
658
653
664
662
664
658
663
655
664
656
664
668
670
660
661
669
649
673
676
666
677
679
683
686
689
688
692
692
694
686
699
687
684
677
677
677
669
668
661
662
659
662
659
662
659
658
656
652
648
646
650
648
646
650
648
655
653
653
642
657
638
646
645
628
654
636
654
647
651
649
653
654
646
663
637
662
645
664
642
656
646
649
653
656
665
660
666
662
666
657
662
661
665
661
376
990
657
654
354
967
649
657
648
653
646
650
636
651
646
644
653
651
660
658
659
658
666
655
656
668
658
659
655
654
654
662
656
660
665
657
654
658
650
658
650
658
652
659
647
657
653
656
655
653
649
651
647
651
649
653
644
652
645
643
644
652
645
650
646
652
645
641
643
647
641
382
919
666
641
648
640
647
640
646
641
639
645
641
640
646
646
637
642
637
637
643
645
642
642
635
641
636
627
643
638
640
646
637
638
635
646
641
638
636
637
626
639
641
635
641
634
639
633
611
633
636
637
640
645
635
636
643
643
646
636
641
646
641
639
640
645
641
628
638
633
633
637
635
643
626
639
637
639
639
641
643
637
642
643
646
640
640
636
646
640
646
650
647
650
639
649
643
654
656
643
655
657
656
641
658
652
654
654
661
653
654
650
650
652
653
653
654
649
648
652
651
652
653
651
655
653
656
653
654
654
651
659
653
654
653
651
660
656
651
657
386
951
671
657
656
654
653
650
658
649
652
647
653
652
655
652
651
645
651
645
645
644
653
646
646
646
646
643
643
641
644
649
648
645
646
649
645
642
651
642
645
638
646
637
647
650
640
643
659
651
662
656
665
667
666
655
669
652
670
650
666
657
653
657
644
654
641
658
644
663
651
644
657
647
365
957
658
666
653
666
654
664
658
662
642
658
660
668
663
667
648
662
653
659
656
655
644
644
638
646
632
636
633
638
640
637
645
638
647
639
643
641
631
644
645
643
650
645
646
649
648
650
647
651
650
654
650
651
650
650
654
653
647
658
640
653
639
654
650
635
650
646
654
631
651
634
650
635
654
639
652
641
650
648
649
651
647
648
647
641
649
650
638
628
641
626
641
630
644
636
643
634
642
645
649
652
648
631
640
635
641
646
645
649
643
650
646
649
647
644
649
644
646
646
646
644
642
639
644
635
644
630
635
641
643
641
641
639
640
639
635
640
636
637
641
631
639
631
636
626
634
630
637
634
637
634
642
645
373
927
656
398
891
665
649
646
634
647
650
646
649
646
648
638
652
651
649
651
650
652
652
652
651
657
651
655
657
657
654
654
652
652
651
650
651
652
651
650
652
652
653
653
654
654
653
650
652
653
651
651
652
653
651
654
636
655
656
655
656
653
654
654
651
653
652
658
654
656
653
653
648
651
647
649
647
646
648
648
649
648
646
646
652
633
656
654
654
585
711
652
649
650
647
652
646
652
636
646
642
646
638
643
651
645
648
646
645
646
642
646
627
646
648
642
646
643
647
642
646
640
644
636
639
630
646
643
632
645
647
643
647
640
641
639
644
642
645
646
643
648
646
653
646
649
636
645
647
647
535
766
649
644
649
658
654
652
662
654
652
653
652
646
650
645
649
644
648
647
636
645
635
645
641
645
642
644
646
647
648
651
649
655
649
653
648
648
649
651
650
653
653
652
652
655
654
660
658
661
665
654
662
648
658
652
657
658
662
654
662
658
660
659
648
653
647
653
654
660
661
663
668
667
669
663
664
655
661
281
379
489
836
657
665
661
665
663
374
294
667
671
662
666
656
662
653
646
647
638
647
652
645
660
643
665
646
662
646
658
645
656
646
654
650
646
646
652
650
640
650
645
649
646
642
646
645
653
646
652
642
651
640
653
644
655
645
658
652
656
654
659
655
657
650
655
652
656
656
655
660
656
659
658
465
856
670
655
658
658
659
660
664
663
664
661
658
669
665
659
656
654
660
657
649
652
660
646
658
652
656
653
652
651
652
651
643
650
655
649
646
643
654
646
654
647
654
646
653
647
649
656
414
891
647
652
650
647
646
651
642
647
646
647
647
651
652
646
649
650
647
650
648
661
660
655
651
654
650
651
646
650
653
654
651
652
655
650
643
646
1291
644
632
640
643
638
635
640
646
643
649
644
645
632
642
645
1912
638
638
641
634
640
646
639
638
634
641
632
643
634
646
646
646
645
644
645
646
644
641
643
640
642
641
643
643
643
648
637
642
643
646
644
646
641
648
646
647
644
645
643
642
644
637
644
644
646
643
641
632
637
636
630
637
638
641
636
642
644
644
642
637
636
635
635
631
632
631
632
629
633
629
631
634
631
633
633
633
634
623
624
626
629
632
628
625
627
626
629
633
631
632
634
634
623
630
633
627
636
640
634
638
635
629
634
641
636
632
634
1268
379
253
357
270
633
625
633
621
635
635
636
637
625
646
639
656
646
656
648
656
650
655
655
651
653
654
659
653
664
657
668
646
657
655
667
666
646
660
669
663
659
670
675
668
676
668
671
663
670
656
668
660
669
663
670
672
665
668
678
671
676
683
665
674
684
674
688
656
678
696
682
688
687
678
678
663
682
685
673
671
651
666
672
668
670
648
664
670
655
666
651
668
670
667
668
662
667
649
658
666
656
664
664
665
673
670
670
668
676
673
670
670
669
665
672
672
670
672
669
369
983
678
668
670
668
669
669
666
667
671
671
672
674
672
672
673
675
670
672
662
666
664
665
667
664
666
656
662
667
664
663
662
662
667
666
660
669
664
669
669
672
672
669
673
673
672
670
676
674
677
680
682
681
683
682
677
682
681
675
680
686
687
683
682
681
681
682
681
682
679
678
676
678
678
678
661
675
675
676
674
677
672
672
672
674
670
652
668
669
674
657
671
678
680
666
680
682
686
668
683
681
684
674
682
662
676
682
682
683
684
682
685
684
675
683
678
682
682
688
687
687
691
689
689
682
689
680
688
693
690
690
686
694
694
670
688
684
692
685
694
693
691
693
691
694
689
694
690
692
687
689
688
690
685
689
689
688
688
688
683
687
686
678
687
681
688
681
688
683
690
690
694
693
697
691
697
693
698
691
696
691
693
682
691
681
689
684
688
683
688
682
688
684
688
685
682
682
681
677
680
684
688
681
682
687
688
688
688
684
688
679
687
682
688
685
689
686
687
681
684
676
683
681
685
680
684
679
681
688
687
687
686
691
690
688
688
687
691
685
690
685
685
685
687
686
687
688
685
686
686
685
688
684
686
685
687
683
682
682
684
680
678
685
685
685
684
685
683
684
683
682
678
686
680
685
682
685
687
673
686
682
683
676
683
679
678
676
677
677
686
684
686
683
689
688
682
686
682
682
682
684
678
678
675
677
670
676
668
676
667
676
669
678
672
681
674
682
679
685
679
685
676
683
682
680
680
683
680
682
682
681
687
683
681
680
681
679
676
673
675
674
680
676
679
678
682
683
681
680
680
681
676
680
678
672
677
659
674
660
673
669
678
674
681
677
684
679
685
684
690
687
689
688
691
688
691
688
691
689
689
684
687
684
679
681
680
684
682
683
682
682
688
687
688
690
689
679
687
689
687
688
686
688
686
688
687
684
688
684
688
685
685
687
688
688
682
688
683
691
686
695
690
692
692
689
693
683
690
688
686
690
688
691
688
692
688
693
690
695
693
698
691
694
695
696
693
694
690
695
689
691
691
689
688
688
688
683
688
675
687
680
684
686
687
688
680
690
688
690
690
688
693
686
694
689
692
692
692
694
688
697
688
695
688
691
684
688
681
687
681
685
679
687
683
690
686
691
685
694
689
693
690
688
691
684
692
686
690
686
690
690
689
692
687
693
690
692
690
697
694
699
700
695
700
693
699
691
696
692
693
688
690
691
688
693
688
694
694
695
694
695
696
695
697
695
698
695
699
694
696
694
694
688
695
690
692
692
688
691
688
691
689
692
688
692
690
690
692
688
692
686
691
688
690
690
685
693
688
692
690
690
693
688
690
686
689
685
690
688
691
688
692
691
691
688
690
689
691
689
691
684
693
681
695
691
694
687
693
687
693
688
689
685
688
684
687
682
686
685
681
687
685
682
682
688
686
690
689
691
693
697
697
701
699
695
699
691
702
697
700
698
700
698
697
698
694
701
695
701
696
700
698
704
702
705
703
708
707
708
707
705
705
705
703
701
701
704
703
705
706
702
708
704
706
706
709
705
706
706
704
706
706
702
705
703
703
700
702
701
698
701
697
699
699
698
696
700
700
693
696
694
701
699
702
695
698
698
697
699
698
693
701
695
703
692
701
697
701
696
698
697
697
698
698
699
699
699
702
700
699
699
692
700
700
700
699
701
694
702
697
700
702
701
700
702
703
700
696
700
698
699
699
698
695
699
694
700
699
696
699
700
699
688
698
699
699
692
697
693
695
692
691
692
697
690
694
691
691
691
693
688
694
685
695
688
699
684
699
695
699
704
701
703
696
698
697
701
699
702
698
702
699
700
697
697
696
696
693
696
689
693
683
689
685
692
679
690
682
688
685
686
683
688
689
685
685
694
692
682
687
690
695
693
695
688
691
694
688
694
694
698
700
678
689
696
686
701
702
702
702
703
698
700
696
699
690
693
696
695
696
694
697
693
691
695
692
689
692
691
695
688
694
688
691
694
691
690
696
694
689
686
402
982
698
687
689
687
682
684
679
683
680
686
680
682
680
681
684
681
682
685
681
683
684
679
679
683
688
679
687
688
685
684
687
688
687
685
504
869
684
681
688
685
689
681
681
696
691
684
693
693
696
698
684
695
699
693
698
695
697
700
691
697
694
694
693
700
695
701
698
700
698
704
701
699
701
702
696
701
697
700
690
697
696
696
699
696
691
689
697
696
688
697
694
691
693
688
694
686
692
691
692
695
691
699
696
702
697
705
704
700
706
700
703
703
711
703
709
703
702
703
705
707
706
706
709
702
711
702
708
705
710
705
712
705
712
705
711
703
703
709
704
709
707
702
705
700
703
700
704
694
701
696
695
703
697
700
694
701
700
699
698
701
699
702
699
698
691
700
701
700
693
701
693
701
698
704
699
705
703
710
707
711
707
711
707
708
705
706
705
706
704
706
708
702
705
711
708
713
715
707
711
708
708
704
709
703
709
706
706
709
700
703
697
709
705
710
705
709
696
703
692
706
703
709
700
707
701
704
703
706
700
705
699
698
703
697
703
700
698
690
693
695
697
693
697
694
695
694
692
691
694
694
688
694
697
693
699
698
698
699
704
693
703
706
703
708
701
705
705
705
707
700
691
699
698
704
703
700
706
700
704
697
705
704
705
705
706
690
698
698
698
697
693
701
700
695
708
706
706
703
710
711
707
708
706
708
706
704
705
707
707
699
709
710
706
708
700
711
711
712
706
712
704
709
706
708
707
704
708
709
708
710
708
708
708
703
709
709
706
713
713
715
711
717
713
720
714
725
712
724
721
720
724
719
727
724
722
723
720
719
726
722
723
393
1060
729
714
717
715
711
709
714
712
717
706
715
714
708
711
703
709
706
711
712
702
711
711
711
711
709
708
707
699
704
698
702
701
702
700
701
701
694
702
702
701
694
701
700
702
702
699
690
702
710
712
711
711
711
711
706
707
707
706
706
706
700
697
698
692
693
691
695
695
686
691
690
690
688
688
688
690
687
688
684
681
685
685
685
680
686
681
684
681
676
686
679
683
682
682
679
679
682
682
677
681
677
678
682
681
679
680
683
681
678
681
677
683
677
685
682
688
688
689
691
684
696
697
697
700
697
698
697
701
702
702
702
711
712
714
717
718
714
722
716
722
721
713
718
717
716
716
720
715
717
721
722
714
723
724
719
717
715
717
716
717
713
720
710
719
717
723
723
724
718
725
723
727
722
724
719
721
717
717
712
715
715
710
712
710
709
706
709
705
705
706
702
701
701
700
694
699
693
692
703
687
699
695
699
688
705
703
699
704
702
699
701
696
697
700
695
700
694
705
701
708
707
710
715
712
720
713
721
716
722
712
719
717
718
712
713
712
710
710
707
709
701
705
702
706
707
707
710
709
711
709
711
708
708
705
705
704
703
702
694
700
694
698
697
694
699
692
700
698
699
702
701
704
699
706
702
707
704
709
711
709
709
712
706
708
711
711
709
705
711
708
709
710
709
706
710
705
708
707
705
707
704
705
700
709
706
705
702
702
701
702
703
713
711
696
710
716
702
713
709
702
710
709
714
709
707
707
705
704
697
702
701
701
696
698
695
701
699
701
698
704
703
702
708
710
710
709
708
715
715
710
714
710
714
714
716
708
710
716
713
712
712
710
710
705
707
705
700
699
700
697
696
697
695
697
693
695
694
696
692
694
696
697
695
697
699
698
698
698
697
694
699
695
700
697
698
702
702
704
706
701
707
706
701
699
708
708
698
706
704
704
696
698
701
695
700
695
702
703
700
706
708
708
708
709
709
708
703
709
703
709
711
712
711
712
713
716
713
714
711
711
710
709
699
707
704
705
703
704
702
704
706
702
708
702
709
705
712
711
710
715
710
717
713
717
715
714
717
710
717
711
718
714
717
716
711
715
711
714
714
708
714
706
712
705
712
709
707
701
705
704
698
704
705
691
700
693
703
697
703
700
698
688
692
698
696
688
694
695
699
700
699
697
701
689
697
688
690
684
687
686
688
687
675
694
688
689
692
684
695
688
697
687
700
688
699
689
698
688
698
692
693
695
692
693
694
689
688
694
692
687
692
681
687
690
685
679
685
691
691
682
692
688
694
687
690
689
693
696
695
697
696
698
696
697
692
699
698
701
696
696
699
699
693
696
696
696
695
696
696
695
694
694
690
694
694
696
691
696
696
694
686
698
700
693
702
700
700
701
694
700
690
700
701
699
694
705
701
709
701
714
704
717
713
715
716
713
716
714
716
713
717
708
714
708
715
710
720
716
719
718
719
717
717
716
712
708
706
706
700
704
696
703
697
699
692
697
688
695
688
697
691
702
696
704
699
705
697
708
701
709
705
709
704
707
705
704
697
703
700
702
696
699
701
708
705
706
702
702
701
702
695
697
699
698
697
690
695
693
694
683
695
699
695
701
696
696
701
702
693
699
691
698
695
682
695
692
699
692
697
694
695
680
694
696
693
696
697
689
693
691
692
688
689
677
691
691
691
690
690
682
689
688
680
670
679
673
680
680
682
678
685
678
693
692
694
684
694
685
692
692
697
695
700
698
705
708
705
710
712
713
713
712
706
711
709
706
702
702
695
702
701
696
701
695
702
703
704
702
703
707
705
705
701
707
706
702
703
704
707
706
705
708
705
704
708
705
698
703
701
702
696
693
701
704
698
706
702
703
704
705
703
701
696
704
691
704
703
699
705
703
706
703
697
702
697
704
702
699
701
702
704
696
701
692
700
696
699
699
700
700
699
701
702
703
703
703
703
707
699
699
702
698
701
693
700
696
702
692
702
705
693
706
705
702
710
706
702
702
701
694
700
698
697
693
693
692
688
693
692
691
691
691
687
690
692
692
695
696
697
694
698
693
703
701
703
700
697
698
701
692
700
698
698
698
696
688
694
693
691
694
693
687
690
688
690
687
693
695
690
697
694
694
700
694
703
697
706
706
709
709
707
705
707
700
702
701
697
695
699
698
700
698
700
698
700
703
703
703
704
700
697
700
695
702
701
696
703
694
703
697
698
696
700
701
690
697
695
696
698
688
696
688
690
695
697
687
697
697
696
693
698
694
688
700
703
703
699
699
694
698
693
695
693
695
687
697
692
700
697
700
703
700
702
702
698
703
702
698
694
698
703
701
699
697
697
701
693
700
700
700
704
693
704
704
704
700
702
697
704
701
704
700
695
704
706
705
705
705
697
704
704
703
704
704
698
708
701
708
708
702
710
708
710
710
710
705
713
706
704
706
697
705
705
698
709
702
708
713
712
714
712
715
712
716
714
711
716
714
712
713
714
713
713
711
699
708
700
707
707
701
703
709
710
708
707
708
712
715
713
711
707
712
703
712
709
710
706
708
707
705
709
701
709
706
701
708
700
705
705
705
707
701
702
703
692
700
696
697
704
705
702
704
707
707
712
712
704
710
711
708
709
706
710
707
707
705
701
708
705
701
704
703
702
703
700
701
703
704
697
703
703
702
703
700
706
702
706
705
700
707
705
707
706
711
709
710
710
710
713
711
715
716
709
714
708
714
712
711
712
708
713
711
705
709
709
707
707
700
706
705
706
708
707
707
707
703
709
705
706
706
704
708
706
703
708
707
698
707
707
709
712
704
710
712
705
713
708
711
718
717
711
718
716
708
707
714
710
704
710
708
707
700
707
705
700
708
706
703
711
702
712
711
710
709
706
707
708
711
710
712
706
711
709
713
716
719
714
723
721
720
724
720
720
718
713
717
707
708
712
713
712
714
705
697
710
710
706
693
710
710
704
697
707
707
702
703
696
706
700
705
705
704
700
698
702
706
701
691
705
705
704
702
702
698
702
704
701
698
697
695
700
701
705
704
705
710
708
704
708
715
709
707
702
714
708
711
707
705
702
700
701
698
694
696
691
699
698
699
698
693
705
700
706
706
704
711
708
711
711
708
712
701
713
707
711
710
712
715
708
717
707
715
710
711
712
704
712
709
713
710
703
707
698
707
701
708
708
706
713
709
717
718
717
723
713
722
724
720
723
713
720
718
722
718
717
718
718
719
719
717
718
716
713
716
708
715
709
713
714
709
713
710
714
714
714
715
713
716
712
716
713
719
713
717
717
715
718
711
716
715
713
715
706
714
534
878
700
703
703
699
704
699
704
705
704
708
704
710
712
712
715
710
717
712
717
717
716
716
716
722
728
708
714
729
715
723
717
719
713
721
712
715
715
705
711
706
702
708
701
707
700
700
701
694
701
701
698
705
701
709
695
708
711
710
708
716
713
709
712
714
708
709
708
700
709
704
704
706
700
706
702
710
707
710
711
714
715
708
707
717
703
712
709
708
707
702
710
706
709
707
702
709
704
703
706
706
705
702
707
704
708
705
702
708
705
705
706
700
708
703
704
701
702
703
702
701
699
703
701
701
703
699
702
701
697
701
692
700
696
693
699
696
694
695
688
697
690
697
694
692
688
701
691
698
695
700
700
699
699
693
701
700
703
704
701
711
707
705
713
705
713
712
707
715
714
714
717
711
718
716
715
717
712
714
719
716
715
714
710
712
703
709
704
706
709
709
709
711
714
709
714
707
715
711
716
713
711
709
710
710
711
711
714
711
715
712
718
713
718
713
715
715
709
715
709
713
709
710
698
707
697
705
695
703
696
703
702
699
704
695
704
700
703
704
701
705
701
704
697
703
699
698
697
697
696
693
695
690
695
695
690
703
699
701
702
704
703
704
704
702
708
702
707
700
709
710
705
708
704
709
702
705
700
698
688
695
688
695
692
692
695
688
697
692
695
695
691
698
689
698
693
699
695
697
696
699
700
696
698
691
698
691
697
690
699
691
699
693
697
695
696
699
693
701
698
698
696
701
693
700
697
701
702
700
705
702
704
707
700
706
704
704
706
698
705
702
707
702
705
705
704
706
701
703
703
697
701
699
699
700
697
698
697
691
694
696
689
696
692
696
697
696
700
695
698
701
692
700
691
700
692
700
702
698
703
701
703
702
695
704
704
699
703
702
703
703
702
705
703
709
708
704
705
703
705
707
697
699
703
700
701
699
695
700
697
700
699
696
687
696
691
693
690
693
688
693
694
693
696
689
695
693
694
698
688
699
689
699
691
700
686
693
690
688
694
685
696
692
694
696
697
703
706
703
710
709
711
711
710
711
710
710
710
707
710
707
708
703
704
702
705
695
700
698
694
695
691
697
691
698
696
700
698
703
693
702
702
699
705
700
705
703
705
702
703
702
698
695
700
694
701
693
702
696
703
697
703
696
700
698
700
699
702
698
701
701
702
699
701
700
699
702
695
698
699
692
700
695
697
697
698
700
695
700
694
702
700
707
693
703
703
708
709
706
698
704
700
704
698
693
693
694
688
694
694
693
690
694
694
693
689
698
688
698
688
696
689
697
691
696
691
696
693
695
697
688
696
689
695
691
693
694
690
696
688
697
690
690
691
693
693
687
698
693
698
699
699
705
699
705
706
702
705
697
703
702
700
703
695
702
697
699
699
696
699
691
698
695
696
700
693
701
696
703
698
701
701
697
700
691
699
692
694
694
689
692
695
695
688
697
693
700
701
699
703
696
706
699
706
699
708
703
707
708
703
705
703
703
704
701
706
700
707
703
709
705
710
705
709
704
705
709
704
708
710
700
709
706
708
708
705
710
700
704
699
705
700
703
697
703
695
699
694
695
692
694
694
689
695
689
691
694
694
687
694
694
687
685
689
684
694
684
692
692
685
697
696
699
700
700
696
698
694
696
690
694
691
695
693
692
688
692
694
688
694
696
690
695
688
688
694
691
693
691
687
694
690
691
689
688
690
687
692
687
688
692
689
694
690
692
690
689
692
693
699
695
698
696
691
697
694
693
697
689
697
691
690
697
696
695
694
696
694
696
688
695
690
693
691
691
689
679
688
684
682
683
685
680
685
677
685
681
685
688
688
690
691
691
693
692
692
693
698
698
698
696
699
698
697
695
699
692
698
700
695
697
697
699
689
700
694
696
702
701
700
700
695
700
696
699
693
697
694
690
695
688
693
690
684
689
684
688
688
694
693
698
699
698
703
703
694
701
693
703
696
699
696
704
698
706
704
702
706
707
701
704
706
703
707
702
702
700
705
700
703
705
702
698
699
695
702
694
699
699
706
703
703
698
698
694
698
699
699
693
692
697
690
696
695
693
696
695
695
696
693
692
694
696
696
695
696
693
694
698
696
695
697
691
693
689
691
693
695
699
696
698
691
700
700
699
696
693
699
697
700
696
693
702
694
688
696
693
698
689
691
697
691
700
702
705
700
692
697
703
698
701
700
701
701
699
694
696
699
699
691
694
698
689
694
697
695
691
702
695
696
696
699
689
690
684
695
688
696
692
695
695
699
694
701
702
696
698
694
696
692
694
688
692
694
448
931
693
694
684
686
688
682
677
688
678
689
684
682
687
687
683
684
682
679
683
680
680
686
683
677
684
688
685
686
681
678
685
678
682
680
678
678
678
684
683
685
688
688
692
678
685
687
694
687
690
685
686
683
687
683
688
688
685
688
685
682
681
680
683
686
686
680
685
681
686
683
688
686
691
688
688
686
679
686
680
679
678
679
678
679
674
680
680
679
677
678
678
679
678
678
678
676
411
951
686
667
672
667
669
669
667
663
672
669
671
664
669
669
668
670
670
665
667
667
667
666
663
671
663
667
665
667
663
666
666
669
670
661
669
670
674
673
674
675
675
667
675
675
673
678
674
674
667
670
670
669
670
662
669
668
665
668
667
670
670
672
672
677
674
678
677
683
690
679
697
694
689
692
687
689
679
685
687
682
682
679
677
679
671
679
677
682
674
675
680
676
672
678
676
672
675
671
674
670
673
668
674
670
676
671
674
670
677
669
678
672
679
670
674
668
672
670
664
668
666
666
669
662
666
662
665
664
657
669
664
656
663
670
668
666
668
670
664
662
671
665
665
664
655
669
667
665
663
670
673
670
669
661
668
668
665
664
656
661
655
660
657
652
649
651
654
650
654
657
649
659
651
659
655
655
653
655
651
658
650
648
655
657
654
645
658
656
651
662
649
663
655
658
657
657
660
661
658
661
651
660
659
661
662
662
663
661
659
662
662
662
663
659
664
663
660
659
654
661
646
657
649
656
654
657
656
660
652
656
651
658
652
655
665
661
663
663
668
663
667
663
666
666
669
666
668
661
668
660
661
659
653
660
656
656
662
661
660
660
661
660
662
662
656
661
658
657
661
660
661
651
661
661
641
661
661
669
663
652
663
650
657
652
651
647
646
648
642
649
648
650
646
652
652
652
655
655
657
656
654
655
652
662
656
660
660
663
658
659
662
658
657
660
659
658
414
908
378
969
682
660
667
671
669
672
669
673
672
675
675
674
675
680
674
678
685
683
685
684
687
682
691
686
688
691
683
688
685
688
681
690
685
676
686
689
688
687
690
686
689
688
685
690
688
691
687
688
689
685
692
687
691
692
695
688
694
691
689
692
688
694
690
690
689
689
688
688
686
690
687
685
695
686
688
695
688
688
691
684
687
688
687
688
681
688
685
682
688
689
687
687
695
688
697
695
696
692
699
695
699
695
693
698
693
687
696
689
692
688
689
685
690
690
688
688
690
691
688
694
689
693
696
695
697
690
702
692
703
696
698
696
692
700
696
697
696
694
689
701
695
696
692
694
692
696
697
696
693
696
694
693
702
697
701
697
695
702
694
697
694
693
697
695
694
692
697
689
698
692
697
690
698
693
698
694
692
700
699
701
694
700
702
701
704
693
692
692
688
683
688
688
686
688
681
688
688
687
688
686
677
684
679
683
683
683
682
686
687
688
688
683
690
693
683
689
673
680
681
678
678
679
665
683
677
685
679
686
676
690
688
688
679
688
686
691
685
680
687
681
673
681
677
682
674
682
664
685
659
685
668
679
669
685
681
661
681
678
677
678
671
682
676
662
681
670
675
669
670
669
655
667
658
665
666
671
662
658
655
666
663
661
669
661
666
664
653
662
657
659
652
664
659
655
664
660
657
669
642
670
654
657
664
666
655
666
658
667
660
668
658
658
652
655
661
655
646
659
649
655
655
649
653
655
646
650
635
648
651
646
647
646
644
648
651
647
653
646
648
646
655
651
646
655
652
643
649
638
651
653
646
651
630
660
633
645
630
652
634
646
642
652
645
653
647
653
647
654
650
651
648
646
649
645
648
646
643
645
648
646
647
646
1287
645
643
640
635
640
636
642
639
638
640
640
