651
632
618
621
661
687
699
727
731
726
720
708
680
674
662
673
684
669
677
698
711
705
716
712
723
693
672
683
697
690
708
711
690
696
667
664
659
643
645
635
627
623
626
646
659
680
686
693
676
675
666
659
653
652
661
656
665
663
644
629
606
598
591
587
591
601
613
600
594
611
626
629
635
630
631
631
625
628
625
634
637
652
675
696
713
712
712
700
694
680
661
651
639
624
609
599
589
587
596
602
619
627
632
640
622
626
613
606
594
590
590
579
581
579
575
573
568
569
563
555
545
537
544
550
567
573
568
563
566
566
559
550
545
541
548
544
546
555
577
600
594
603
594
577
573
566
561
545
537
537
550
573
587
588
608
633
658
633
626
622
605
590
583
570
562
552
541
533
534
533
535
540
549
564
555
554
569
581
603
592
592
612
611
604
622
630
605
606
603
589
569
577
577
578
576
570
563
557
563
578
594
605
633
658
662
637
618
629
627
633
616
600
588
613
643
669
687
675
641
651
666
688
689
699
715
713
723
710
722
720
695
681
681
697
704
717
711
664
665
656
652
631
623
620
633
625
615
620
638
642
634
641
649
646
642
630
613
597
600
625
684
726
728
708
719
713
699
663
640
625
621
613
597
584
606
634
656
680
692
694
702
714
708
700
686
655
640
639
630
635
643
639
603
597
615
638
649
635
640
649
646
638
646
669
682
667
680
686
684
667
643
633
638
643
640
656
680
697
677
675
668
663
631
622
620
625
613
624
660
685
675
680
697
682
681
659
658
647
627
584
568
567
578
599
612
614
595
621
636
626
620
619
612
610
593
585
582
588
583
573
560
559
556
553
561
569
581
585
579
596
616
636
646
611
597
606
591
595
604
618
638
638
638
641
646
654
660
661
647
641
648
657
654
673
702
713
724
727
726
723
682
673
669
665
656
654
650
640
630
641
659
685
700
669
665
666
671
683
685
668
629
613
605
620
630
641
632
644
649
655
657
658
646
632
627
632
648
662
664
666
663
659
663
670
675
670
668
656
643
634
606
606
601
606
621
596
626
656
686
713
729
717
719
714
702
676
657
639
639
637
623
631
641
649
664
692
676
656
660
664
689
699
692
666
642
627
601
594
582
579
579
581
602
658
729
800
742
699
688
702
698
688
661
649
636
626
625
624
622
621
629
640
660
674
684
727
726
710
692
673
655
640
615
611
608
611
611
597
576
570
570
589
641
687
694
704
713
730
731
701
667
644
633
626
624
621
635
650
679
699
707
707
696
686
667
664
639
612
594
591
603
618
624
638
639
634
622
625
632
640
633
639
650
668
662
640
639
635
639
625
623
635
652
672
672
671
665
643
645
638
637
635
620
617
613
617
619
628
636
612
621
643
658
665
661
655
640
620
607
599
596
587
577
580
603
675
780
827
796
830
844
818
781
750
687
658
635
616
609
608
616
625
632
643
668
695
706
693
691
687
665
633
632
646
640
647
651
675
649
637
629
644
665
706
715
738
755
763
747
733
722
716
687
671
670
674
686
697
713
724
718
724
712
702
675
667
656
654
646
646
643
661
689
701
735
742
749
718
711
690
680
666
657
650
642
627
632
640
635
649
648
667
678
683
685
672
658
631
616
592
578
580
582
593
605
634
653
636
642
650
655
641
654
658
644
632
606
591
585
579
574
585
604
622
639
662
685
701
673
690
692
673
647
615
603
595
590
595
604
630
638
648
690
703
715
718
712
692
649
638
630
630
644
648
633
636
641
653
659
651
631
606
609
604
605
622
635
632
634
644
654
664
651
639
641
661
683
698
680
673
680
676
655
648
644
625
625
624
642
664
657
667
675
688
687
681
650
648
639
648
644
641
644
652
636
621
611
638
662
664
680
709
722
735
733
705
705
689
699
702
703
704
705
708
675
642
636
635
653
662
677
661
664
657
652
654
648
659
665
681
684
668
667
659
646
638
627
627
618
623
624
630
640
629
628
620
611
597
591
591
589
581
580
581
603
638
665
703
719
733
729
722
722
714
687
679
671
667
654
643
635
619
601
597
603
617
620
632
632
624
619
618
626
624
612
609
609
606
605
611
608
618
630
605
604
588
581
578
568
557
557
554
564
572
569
579
578
579
567
570
568
568
567
564
571
581
588
584
596
598
587
575
558
563
588
607
602
609
603
598
570
551
538
535
528
523
518
518
515
515
512
517
516
519
515
527
543
579
601
627
675
729
729
727
733
733
691
679
665
651
637
632
624
615
619
644
659
678
696
690
693
684
682
673
650
638
628
615
594
587
592
604
637
652
650
669
688
668
670
688
696
686
707
736
740
745
749
755
755
771
771
737
739
741
714
729
743
764
757
789
824
810
772
751
738
700
691
674
680
694
723
752
751
716
664
664
677
662
667
652
623
621
602
589
581
585
602
654
703
726
755
748
708
697
678
675
695
705
687
680
642
618
628
626
647
671
689
736
736
812
772
727
712
705
682
642
632
619
609
606
591
611
645
726
764
730
724
727
731
605
775
656
677
699
731
756
756
757
738
717
694
675
639
631
598
590
578
579
583
576
561
568
604
705
747
744
762
763
761
747
737
740
683
660
654
634
640
647
663
682
691
692
674
643
612
585
582
587
616
626
608
609
657
696
693
695
651
611
589
584
588
613
655
692
718
750
780
747
777
767
750
725
711
683
662
644
624
614
604
601
590
580
570
576
594
623
660
678
710
718
717
675
667
669
672
665
651
642
612
608
604
606
612
606
605
615
635
662
683
688
654
648
661
664
662
655
635
640
643
646
626
622
615
622
638
639
659
688
703
674
677
660
620
613
593
588
570
567
564
594
625
645
671
724
758
737
695
690
674
664
636
609
590
577
568
562
580
658
737
743
737
739
730
718
721
727
744
744
754
748
752
752
771
757
720
695
677
675
690
716
732
746
738
736
717
706
701
697
700
682
678
652
646
666
688
711
724
713
696
688
670
702
715
707
690
687
665
651
645
656
672
666
669
661
637
652
679
670
661
657
669
677
695
688
674
679
674
680
678
678
695
714
716
696
703
705
725
698
712
714
724
713
730
745
752
721
700
695
688
701
713
740
717
727
723
708
708
722
732
773
770
748
717
711
702
711
685
694
762
808
816
789
784
771
726
686
677
656
663
666
684
697
688
698
715
712
697
726
730
713
727
728
739
715
718
709
692
687
675
664
696
699
691
645
640
641
637
603
601
595
596
601
601
590
591
592
598
602
597
592
582
587
596
621
665
705
716
709
722
718
699
709
721
707
673
677
639
636
643
649
638
646
650
646
635
616
603
601
600
620
728
737
719
716
715
721
719
717
719
714
729
741
747
740
729
726
718
713
717
710
721
715
729
752
764
745
742
744
750
755
738
753
759
762
740
739
711
675
656
640
643
646
652
662
660
693
729
766
776
771
780
790
799
797
754
746
732
719
726
710
729
734
742
748
719
727
743
746
735
691
672
667
655
656
659
646
647
668
689
719
739
750
743
712
712
722
727
723
697
677
663
651
646
641
653
679
713
730
716
732
728
729
688
676
645
637
649
683
664
663
660
690
715
733
742
703
697
677
680
699
720
746
752
747
745
738
727
717
716
718
725
725
732
740
721
722
715
722
704
707
703
708
709
717
725
738
721
730
699
681
684
693
729
778
776
762
734
732
713
689
681
677
675
678
683
694
697
712
724
748
757
731
723
713
717
715
701
705
709
711
704
718
726
724
715
705
717
688
687
690
696
697
719
710
715
709
694
689
717
714
731
771
782
788
738
737
724
698
659
638
620
621
643
688
712
738
757
759
775
760
722
688
683
672
668
668
669
680
723
725
697
716
731
748
765
729
728
712
710
712
697
686
667
692
710
739
761
737
721
681
661
671
686
681
684
690
701
707
699
699
716
709
708
685
688
679
682
699
697
726
720
695
729
730
716
669
660
628
635
623
638
646
646
640
627
617
613
616
616
604
600
600
600
605
617
632
651
650
665
688
733
794
768
804
817
831
817
772
777
772
754
719
713
701
715
719
714
738
771
768
782
792
778
733
728
714
710
688
693
688
692
698
684
684
684
697
693
701
700
686
690
670
640
632
632
659
686
696
693
660
661
652
659
667
661
666
674
709
728
752
787
785
755
758
780
823
784
725
713
692
680
694
680
705
707
728
746
742
745
754
747
755
745
711
671
658
649
654
668
681
715
765
788
778
773
759
740
719
706
697
689
688
686
741
764
728
721
715
700
709
720
726
714
695
661
652
644
650
658
646
641
689
706
742
760
777
786
782
785
739
725
712
709
706
704
665
658
661
728
793
771
758
725
689
671
659
648
649
648
648
639
628
623
625
625
626
621
618
623
628
622
622
613
626
649
673
696
680
697
694
705
685
682
654
638
657
684
694
703
717
720
720
709
704
713
715
705
687
697
709
729
744
724
730
743
737
699
697
715
753
768
761
727
691
673
677
680
663
668
660
663
676
682
670
686
698
732
719
719
732
730
714
698
693
683
677
665
661
676
683
712
734
719
738
765
768
743
698
703
683
673
654
644
640
640
648
648
654
677
675
654
650
648
649
646
646
646
642
646
651
668
662
666
667
670
658
656
648
638
613
604
605
611
602
624
651
707
731
714
702
702
707
696
736
765
781
784
738
738
732
734
743
750
740
727
676
644
638
627
672
744
779
792
810
802
788
781
755
744
744
733
729
709
717
718
727
746
727
737
735
721
700
678
661
659
673
686
713
749
802
808
775
784
768
739
694
668
679
674
687
732
748
724
688
684
694
694
675
680
676
688
681
684
677
686
684
688
671
694
732
729
736
712
711
716
729
731
712
686
680
672
659
660
679
700
729
720
730
735
741
755
717
709
702
692
693
680
651
653
639
663
759
798
794
725
706
712
705
699
687
654
647
638
645
666
677
691
721
746
736
739
733
726
710
675
662
646
640
629
658
687
694
700
680
671
702
727
721
709
699
700
695
672
675
667
657
646
648
656
682
699
702
724
721
706
680
675
650
646
642
638
629
624
609
599
583
577
570
571
577
574
570
564
564
566
569
570
570
572
580
596
677
738
752
771
738
771
769
749
731
696
663
656
646
636
620
599
598
604
627
689
710
696
690
672
687
682
658
663
648
648
639
644
624
634
634
635
637
634
630
604
600
586
583
583
569
557
548
543
543
544
558
572
583
586
595
618
643
629
638
645
640
621
600
592
596
604
594
601
602
610
609
605
606
614
617
605
604
603
608
608
604
610
606
609
605
599
612
621
636
642
607
612
633
615
633
644
635
619
600
574
560
556
576
594
608
633
654
657
646
650
659
669
688
658
654
641
629
606
604
599
603
592
597
602
604
612
637
658
661
645
643
645
645
634
621
624
616
603
589
594
615
644
641
659
684
694
678
677
669
641
621
607
610
604
604
591
574
576
584
594
604
614
632
627
647
674
679
650
655
662
653
625
635
637
642
636
630
617
641
643
663
659
660
677
647
655
647
652
634
629
631
624
616
611
591
584
586
589
592
587
594
615
636
626
646
676
663
664
664
662
649
660
650
626
639
633
617
636
640
646
616
621
599
582
583
574
581
578
584
586
576
577
590
601
575
565
566
577
617
658
660
663
678
668
658
640
641
646
647
638
629
626
617
589
589
604
617
629
648
672
663
656
671
678
683
661
657
665
674
664
650
673
725
764
763
752
759
738
694
647
642
656
682
704
733
748
723
706
691
700
710
723
721
733
754
749
729
668
653
684
728
774
828
822
801
761
752
729
684
646
635
645
667
666
685
702
720
741
711
713
708
706
685
645
632
641
641
637
633
641
660
702
742
769
754
780
783
729
729
704
685
687
675
680
693
666
692
695
710
711
718
720
704
709
720
722
720
720
696
655
655
637
607
586
601
670
789
806
813
834
784
798
771
633
907
720
703
669
612
612
602
580
591
587
585
589
604
599
595
602
609
607
590
601
603
606
591
566
560
552
546
545
533
528
522
521
517
517
508
507
510
527
555
575
571
571
560
641
673
698
675
666
604
596
604
599
577
579
573
571
574
557
558
568
576
574
596
607
613
596
610
620
634
634
646
656
646
636
634
628
625
595
604
614
616
634
658
653
646
651
657
665
652
643
656
678
666
673
671
681
687
666
657
645
634
624
627
637
650
659
689
726
753
751
763
761
738
717
687
685
688
680
646
660
662
671
695
699
724
764
755
607
782
689
681
657
661
665
686
691
677
673
684
711
694
706
702
697
656
663
654
643
651
646
648
648
633
635
631
636
626
622
656
701
719
704
706
737
729
690
658
646
641
628
656
716
758
752
733
759
768
760
736
746
739
712
653
668
674
698
711
721
688
673
664
656
634
633
646
665
673
662
659
667
643
625
619
617
598
589
591
594
596
595
601
610
617
613
612
621
633
645
646
654
666
665
677
691
713
696
695
688
673
631
626
624
627
636
631
631
641
648
654
642
643
638
643
639
630
611
610
603
579
588
603
611
641
672
698
707
714
715
704
674
668
685
689
679
657
651
646
635
639
645
634
592
582
565
562
536
544
532
532
520
524
519
514
505
504
499
510
512
524
512
523
516
533
521
530
526
532
520
524
519
515
507
511
511
511
509
518
512
516
507
515
510
518
505
518
510
515
506
514
509
521
510
518
517
519
508
507
507
517
515
526
525
524
526
522
519
521
522
520
510
514
523
530
531
526
532
535
528
525
525
526
524
524
528
533
523
522
522
522
516
520
523
530
526
531
532
539
521
528
524
529
521
515
514
513
517
528
533
540
529
520
514
517
512
519
524
530
521
527
532
529
522
534
537
541
523
529
533
520
517
518
518
509
516
521
529
518
512
517
518
513
504
510
509
508
503
505
506
506
496
489
489
494
501
513
522
521
512
516
523
519
515
515
514
508
503
499
500
501
500
505
509
504
504
512
527
530
525
526
535
529
521
519
507
506
518
519
518
519
529
531
522
515
515
520
522
512
514
518
516
510
513
515
521
538
559
551
535
521
516
508
505
515
529
534
537
520
519
535
547
541
527
530
531
526
529
545
544
548
538
543
547
551
549
544
532
535
700
834
815
738
658
642
759
635
602
578
567
562
564
547
535
531
523
518
514
513
522
523
512
506
504
507
520
538
557
540
543
562
624
622
603
582
576
577
584
568
561
568
572
573
573
569
561
552
557
564
555
546
557
580
585
567
575
563
551
548
545
549
563
544
541
543
553
545
563
599
604
611
589
567
564
560
559
548
556
564
549
542
536
548
564
586
584
587
591
626
637
594
604
605
581
585
599
588
585
566
557
554
554
542
539
550
556
566
570
551
564
574
560
560
572
568
562
551
557
567
580
566
560
551
555
567
567
577
561
578
593
586
577
600
608
600
598
595
568
562
556
548
544
554
573
570
560
572
586
585
572
576
588
578
566
556
555
556
556
569
604
636
638
598
615
640
645
619
598
613
611
591
564
561
555
556
549
544
555
560
561
558
573
589
599
587
590
572
594
613
619
628
605
598
612
605
601
595
588
574
559
553
561
573
596
628
664
656
623
640
624
608
604
607
606
605
604
591
573
570
564
560
561
564
568
555
547
545
548
558
585
606
637
637
638
694
707
704
658
623
623
607
592
578
572
561
554
565
586
595
591
574
572
571
579
587
584
584
584
591
570
581
599
610
613
593
584
572
556
546
550
564
553
550
554
540
552
563
610
603
596
594
618
629
609
588
574
561
551
552
565
600
614
625
604
607
606
586
578
589
580
572
563
560
553
552
544
548
565
597
606
604
595
589
580
568
563
561
561
549
546
552
554
564
590
658
644
615
606
606
611
607
586
584
583
588
589
581
569
557
539
527
520
516
513
510
515
516
523
568
641
686
691
662
634
607
585
573
594
606
597
584
579
560
552
547
556
561
563
554
554
551
542
546
554
577
599
634
603
620
656
665
643
628
608
598
596
585
574
561
546
543
542
531
523
519
517
511
514
532
558
579
663
679
686
673
631
598
582
568
558
551
547
544
537
538
530
536
557
596
626
604
600
619
606
589
575
565
557
546
543
563
567
573
568
553
552
558
563
553
545
543
544
538
538
554
583
586
571
568
568
578
564
559
555
562
572
568
563
565
569
565
557
550
546
544
536
537
546
550
553
562
571
572
567
559
557
552
542
544
554
559
562
561
563
562
564
555
548
544
543
544
540
534
529
532
527
518
517
515
528
528
519
522
519
520
519
518
514
513
504
501
494
494
500
501
502
495
491
488
496
507
537
556
549
578
566
562
571
577
595
569
567
582
578
569
558
542
532
522
523
524
520
515
512
511
529
551
558
572
552
558
561
570
566
570
572
562
562
564
561
562
561
555
554
556
558
546
543
540
541
544
538
546
561
570
579
574
569
563
562
563
566
564
556
555
548
546
546
563
571
561
570
578
582
590
596
590
579
565
556
550
547
552
549
546
545
540
530
521
520
517
517
520
522
529
537
541
555
564
574
578
577
572
557
544
535
522
526
527
529
527
521
516
515
512
512
516
521
518
518
514
520
522
517
509
511
512
510
501
503
504
506
504
506
515
523
528
531
541
546
552
541
538
546
541
532
532
520
517
526
521
521
518
520
521
513
518
524
528
543
531
529
518
527
527
536
543
561
579
579
568
553
545
534
523
517
513
506
498
496
495
506
525
572
628
604
565
548
567
577
583
583
573
558
545
546
543
535
527
520
517
514
512
507
507
516
529
532
540
541
563
569
564
544
546
533
532
526
523
515
510
504
505
520
526
544
554
563
545
527
525
521
517
520
528
525
541
556
561
560
551
557
544
542
541
534
536
543
557
563
563
573
579
568
546
536
537
534
526
521
517
524
520
519
528
545
563
555
557
564
566
551
539
529
532
521
509
502
494
485
486
492
507
506
510
534
547
560
543
529
525
535
527
513
506
506
509
513
506
504
501
516
540
565
615
615
576
563
563
556
551
550
536
528
517
514
510
511
514
526
530
518
519
528
530
521
528
534
546
542
526
518
514
524
550
527
529
538
562
590
596
602
614
578
579
572
568
555
543
540
532
533
547
538
557
595
595
572
575
571
557
546
548
541
532
532
532
530
531
545
563
604
606
659
704
684
663
623
604
581
563
559
555
556
541
548
533
535
526
521
526
519
528
537
550
550
558
557
550
531
533
527
524
525
527
518
520
520
515
520
521
517
515
515
512
505
509
511
510
503
509
507
500
494
494
491
488
493
504
509
511
511
521
519
511
503
500
497
492
484
488
497
511
504
487
484
495
506
521
510
500
499
510
520
516
520
513
503
509
517
526
534
532
547
551
554
542
527
529
533
515
509
505
508
511
497
501
502
506
514
523
532
526
528
540
548
538
534
543
550
541
542
552
556
545
536
532
538
527
525
528
529
526
531
541
546
534
533
547
565
561
555
572
590
583
562
552
544
557
560
555
555
537
531
535
530
521
520
526
531
538
550
551
545
534
532
531
535
540
533
533
536
542
546
543
537
538
549
555
563
549
539
539
539
537
525
521
526
528
534
536
531
532
519
514
520
519
522
519
515
514
521
519
521
511
506
516
528
529
522
539
537
538
527
535
545
550
553
539
526
517
509
506
499
494
489
487
484
479
482
499
543
544
520
514
510
504
518
536
540
558
585
622
571
579
545
534
549
574
577
568
549
549
549
542
540
556
543
566
579
578
596
590
585
570
559
546
542
545
560
546
545
560
564
553
558
564
567
563
558
556
546
553
564
559
569
585
599
581
590
590
595
576
583
604
594
590
593
569
567
575
566
566
576
582
563
567
576
576
567
553
545
544
560
573
568
571
563
564
562
554
552
548
534
527
523
522
518
517
526
521
513
515
507
508
512
516
520
528
532
543
550
560
563
574
568
558
553
553
548
535
527
525
517
515
514
515
518
521
518
520
522
524
519
514
531
534
526
525
520
514
514
517
525
536
544
542
538
547
549
557
553
545
550
556
555
549
561
574
582
579
570
586
584
567
568
581
596
594
573
564
556
563
560
563
569
571
588
592
592
617
612
585
602
589
587
573
567
574
568
560
550
558
569
587
603
610
613
598
608
591
579
563
566
555
552
556
563
569
569
562
564
569
567
557
555
557
556
558
556
553
545
552
562
561
569
581
577
566
568
580
583
580
563
576
614
646
674
682
673
633
609
596
595
595
593
606
591
591
593
604
606
607
621
623
639
637
635
628
615
621
627
618
621
604
604
604
611
608
609
601
604
604
607
596
602
602
603
600
593
584
579
574
577
568
568
573
575
576
567
572
588
582
560
551
554
553
563
576
586
598
587
585
593
603
605
600
615
618
622
608
610
624
628
620
614
614
620
608
604
596
599
607
608
604
604
608
617
606
607
606
613
611
593
596
597
602
604
604
598
597
598
600
603
607
602
607
616
627
627
616
613
612
608
603
590
600
602
606
604
598
593
589
588
580
584
578
587
588
578
582
587
598
596
590
577
577
633
610
616
600
584
581
581
578
576
579
579
584
587
589
589
583
591
593
605
608
591
587
578
559
563
595
608
598
606
610
620
616
624
630
624
623
646
651
643
643
630
624
612
629
623
613
607
604
604
620
619
628
634
633
644
650
658
640
644
635
628
628
612
622
617
631
637
627
644
641
653
655
629
623
618
624
627
612
606
604
598
595
593
600
608
628
605
592
581
576
578
584
576
564
563
559
558
551
553
560
553
551
542
542
549
555
566
576
589
596
598
598
597
575
569
574
572
576
583
597
598
602
616
618
613
601
605
609
609
624
636
651
636
644
651
647
640
619
610
613
609
614
609
603
613
618
628
618
624
628
645
652
646
650
656
648
623
629
619
602
597
599
604
603
598
609
605
607
598
596
604
606
608
606
608
610
616
606
616
610
592
581
581
579
569
571
580
597
614
604
604
609
618
624
612
615
614
611
611
604
604
602
605
602
608
612
621
608
601
608
592
583
580
571
571
576
579
565
570
564
563
551
549
559
574
589
593
604
607
596
580
573
569
579
595
594
595
608
614
607
596
603
606
615
617
614
611
618
610
600
591
587
584
584
577
579
586
592
597
591
583
590
595
600
591
590
597
608
615
605
607
604
602
601
588
570
566
572
585
604
610
581
594
619
624
619
620
638
645
637
615
610
610
615
613
614
606
611
613
619
619
603
619
654
655
632
609
590
579
566
554
545
544
545
555
569
588
587
602
613
635
634
628
618
615
615
610
602
590
595
593
602
607
604
616
626
637
634
645
625
615
616
625
647
669
653
628
619
620
613
603
598
596
597
595
608
635
658
668
667
654
643
641
631
604
576
568
570
563
561
554
543
539
542
550
560
567
569
575
571
568
569
566
563
563
575
578
584
604
634
651
646
623
627
630
639
630
620
592
585
585
605
629
645
676
680
677
685
668
672
661
661
652
647
648
638
638
638
646
643
642
624
632
621
615
597
585
598
610
606
617
626
629
630
616
624
616
621
624
611
619
618
627
632
624
624
627
630
639
624
621
618
614
620
616
610
610
633
640
638
649
645
636
617
596
590
581
585
588
594
602
597
594
597
604
610
609
599
609
611
623
629
627
624
620
623
611
617
614
612
602
604
603
592
595
598
601
593
577
568
570
570
565
564
558
562
556
554
559
570
626
646
673
695
716
710
672
668
649
637
621
613
606
606
608
605
600
598
598
604
601
608
617
616
624
599
590
599
611
607
606
616
637
640
618
620
615
624
604
603
593
582
569
560
553
547
549
554
555
561
564
581
601
641
623
592
589
589
576
573
577
577
583
581
579
567
563
568
575
578
570
563
550
550
549
544
541
549
564
567
573
581
585
576
573
586
596
596
585
589
591
592
576
572
568
571
566
559
550
546
539
535
533
529
529
527
523
526
522
518
515
511
508
512
510
515
518
525
552
553
569
598
629
601
606
589
588
572
567
567
565
564
551
548
551
551
533
533
532
532
531
531
531
532
543
560
563
568
564
551
542
530
520
516
521
521
527
521
522
528
538
537
531
534
539
534
526
527
530
528
517
518
520
521
512
516
522
524
526
519
514
509
506
498
505
513
521
513
508
506
507
502
499
492
487
492
498
525
531
521
518
522
528
518
523
539
548
533
529
535
539
536
533
540
542
541
531
536
535
552
536
532
522
528
547
541
530
532
542
545
531
521
518
521
525
519
516
512
516
519
514
510
508
516
521
521
514
519
523
529
525
518
519
523
523
516
511
514
515
511
504
500
497
495
487
480
479
480
479
482
505
498
490
496
496
510
528
516
515
526
518
517
521
518
509
501
499
502
512
501
497
502
502
498
484
493
498
511
500
499
507
512
521
532
543
531
534
531
529
513
511
508
499
499
496
502
505
514
510
514
522
534
532
523
529
545
556
556
542
549
560
558
549
532
519
511
508
521
546
549
552
549
530
530
523
523
522
516
509
516
517
522
525
528
524
534
545
544
536
531
536
548
548
549
536
549
549
550
536
531
533
532
527
521
530
534
537
525
530
542
541
527
522
529
526
517
512
515
517
511
506
512
516
518
523
538
540
535
529
521
511
513
510
506
503
505
522
542
539
546
574
608
591
572
581
574
558
545
554
549
547
536
545
548
547
538
540
541
536
531
524
535
540
526
529
543
558
555
563
573
553
546
551
554
547
557
556
554
546
543
551
552
543
539
547
559
567
574
586
606
609
599
589
593
588
573
559
557
548
534
531
540
550
552
547
552
578
601
599
597
596
591
575
560
557
555
553
543
532
531
533
530
528
522
525
533
543
543
537
538
549
550
548
551
565
575
573
562
569
576
564
547
539
530
516
509
506
502
504
497
493
493
503
521
524
518
525
545
539
519
520
534
547
539
535
542
540
531
522
516
510
505
507
509
505
503
509
518
521
544
559
564
555
550
555
558
543
532
541
535
524
517
522
529
528
521
520
535
540
545
542
548
555
548
546
554
558
554
543
540
542
532
528
525
525
522
520
521
522
515
515
521
518
510
506
500
503
507
513
504
502
506
513
515
507
505
509
517
506
505
506
513
507
495
496
491
495
499
501
502
511
527
542
547
536
532
548
576
603
599
597
577
574
575
576
562
574
571
561
546
549
546
547
523
518
510
510
507
500
494
492
495
495
502
501
499
508
522
533
538
528
527
550
561
561
570
565
568
566
550
536
535
533
533
526
522
526
531
521
511
506
510
516
521
517
512
508
516
549
601
613
598
556
542
522
528
525
532
550
540
536
539
527
520
513
509
499
493
491
484
482
482
486
503
513
499
501
522
543
554
547
525
520
528
528
512
507
504
499
502
514
524
519
511
522
532
536
523
518
532
546
550
533
533
556
575
582
564
559
579
590
577
563
556
562
541
525
525
523
521
529
538
543
531
537
544
547
541
529
515
513
504
502
517
532
536
549
575
608
609
599
621
634
633
598
584
580
580
563
553
565
565
568
553
552
561
550
540
562
585
598
583
581
604
625
601
595
590
568
567
566
553
547
531
524
526
529
506
498
500
512
522
514
515
523
556
622
627
600
597
584
580
563
550
530
519
516
530
536
527
520
513
510
544
593
618
629
609
594
546
539
537
522
514
513
506
507
516
520
513
508
515
517
527
520
507
504
506
511
506
511
505
498
500
504
502
500
503
510
509
499
495
494
501
504
499
495
505
511
513
502
506
513
511
509
499
501
513
527
534
531
537
561
574
563
557
566
574
577
563
550
546
560
561
556
553
562
576
575
569
570
559
557
578
574
572
582
599
595
574
563
570
576
570
563
578
598
597
575
566
581
596
595
586
583
603
604
604
578
565
562
566
615
621
622
620
611
609
605
595
584
570
585
585
569
554
563
585
601
613
637
650
647
619
593
584
581
565
553
553
545
539
537
547
553
564
573
570
566
566
557
550
562
546
535
521
517
515
511
515
519
518
519
525
525
519
513
516
517
509
511
511
514
505
509
506
503
496
497
498
491
490
493
495
489
491
490
482
479
480
479
479
472
477
476
476
472
475
479
481
477
480
484
483
479
480
483
478
476
478
478
478
475
476
479
473
478
480
479
477
472
478
472
477
471
471
471
472
473
473
471
470
468
464
463
457
460
455
461
463
469
475
478
473
470
471
467
470
470
473
468
471
470
470
469
472
469
466
475
481
484
479
480
487
485
481
474
472
474
483
486
490
492
487
483
483
479
475
471
469
463
462
467
459
460
457
461
460
456
456
463
469
470
472
479
486
491
487
483
484
492
490
487
489
489
484
479
481
484
482
479
480
481
479
476
478
479
479
473
473
473
474
471
470
472
473
472
475
479
477
479
489
499
500
495
496
494
484
481
479
479
475
473
472
475
473
468
473
479
482
480
479
486
484
480
475
475
472
472
476
476
475
476
479
481
476
471
467
468
472
478
479
480
476
479
487
494
496
486
488
489
493
484
484
485
488
489
484
484
492
488
482
482
486
492
484
483
485
488
488
483
482
486
488
485
481
485
486
485
479
481
481
480
473
475
473
475
471
469
469
473
472
467
471
470
472
469
466
470
473
472
468
468
471
468
463
464
460
460
464
465
466
464
464
467
464
460
456
458
464
469
477
477
477
467
470
473
473
472
468
471
473
469
466
467
469
470
467
461
465
466
467
463
460
465
464
465
460
467
470
477
472
469
474
471
466
463
467
470
468
467
467
471
474
472
468
467
463
464
471
480
485
490
488
484
480
484
481
479
472
473
473
469
467
470
474
472
469
470
477
478
475
473
479
479
950
476
475
473
469
473
479
478
477
468
473
476
473
471
466
941
473
472
468
473
1457
489
479
474
478
480
479
479
479
477
479
480
474
470
470
472
469
464
460
460
458
459
466
474
479
478
475
477
483
486
486
479
480
480
486
497
505
495
518
519
527
512
501
497
492
489
495
514
526
509
512
516
529
533
537
524
513
512
503
497
500
519
525
528
520
517
513
508
505
504
500
504
510
521
508
506
506
508
512
502
498
503
505
512
509
500
515
527
537
531
532
536
518
521
528
534
526
525
534
535
536
525
519
525
526
528
521
521
551
570
563
547
547
560
559
554
545
553
545
540
525
531
529
533
533
529
539
558
557
548
534
552
560
559
549
563
569
568
555
543
550
548
539
524
527
523
525
520
523
542
557
576
564
579
590
600
580
566
560
563
579
580
572
573
577
569
554
565
563
566
558
539
530
525
542
633
631
620
612
633
625
610
597
570
562
570
568
570
561
575
585
603
596
581
599
601
601
583
576
586
586
588
574
570
578
597
597
598
621
630
645
635
633
620
613
605
592
591
598
589
587
585
575
582
576
583
591
587
584
577
562
558
558
547
535
526
521
514
511
511
516
529
555
567
559
586
615
634
621
610
626
577
558
555
560
559
562
579
587
581
561
557
554
542
536
541
551
559
560
547
548
563
587
602
592
601
624
621
589
578
584
572
563
566
573
573
562
549
542
534
537
526
528
532
532
527
525
527
531
531
525
521
524
483
533
536
559
604
603
592
569
552
541
541
546
548
542
533
526
515
509
509
506
501
501
508
520
521
521
525
539
553
563
589
614
602
565
592
602
593
583
584
584
582
575
564
550
545
547
549
551
555
559
552
547
553
560
560
555
558
565
571
579
576
593
604
618
611
606
602
595
597
582
576
573
570
562
561
561
563
570
571
576
586
592
578
576
575
561
546
543
540
535
538
540
543
539
540
544
547
557
560
570
587
611
626
606
595
593
585
583
569
571
578
591
606
596
608
613
609
581
574
560
544
531
524
518
515
513
511
514
507
509
513
521
521
528
535
552
562
562
576
587
596
579
576
578
574
554
549
547
547
538
531
537
544
538
543
546
536
526
522
526
523
519
509
504
503
503
510
515
513
512
520
526
526
521
518
521
525
528
541
560
574
580
568
574
571
558
554
556
557
543
540
539
543
539
538
545
548
553
544
539
542
546
545
529
532
539
552
550
568
594
612
593
584
577
579
562
549
538
537
533
535
545
541
534
534
538
537
525
529
537
543
537
542
555
564
558
564
579
581
563
549
558
545
549
555
559
550
554
566
582
581
588
575
562
571
576
561
551
542
544
555
553
562
563
543
545
561
575
602
620
608
601
570
564
547
549
546
541
550
576
598
610
602
589
600
637
614
582
566
576
589
593
559
547
550
552
552
554
558
556
563
563
559
559
559
536
533
535
536
531
521
517
517
521
527
534
542
557
552
566
568
552
556
574
563
547
543
546
535
531
541
546
546
551
549
544
542
542
538
534
523
519
521
521
524
510
518
522
510
513
516
530
553
568
565
553
563
585
587
567
570
563
544
543
549
574
562
544
543
544
538
532
521
523
530
531
541
528
519
530
538
543
535
531
543
531
516
513
501
500
502
502
502
498
489
491
492
498
508
510
523
522
508
508
509
503
512
519
514
513
522
521
533
525
529
521
532
536
537
534
521
514
514
519
534
556
581
583
603
575
575
594
547
542
549
543
557
545
538
529
533
542
547
537
541
567
601
558
610
642
667
647
630
590
615
577
585
566
569
552
531
526
538
565
596
581
569
628
623
646
612
602
598
585
558
541
529
531
543
542
560
581
610
630
637
645
631
615
593
587
585
593
577
579
577
580
556
549
570
598
609
629
599
610
586
566
574
589
596
589
587
567
559
575
575
582
533
556
549
552
539
547
561
569
579
595
584
586
574
558
561
560
547
563
580
626
591
629
600
601
600
590
584
580
569
554
546
557
563
581
586
576
562
574
593
610
611
620
601
585
577
580
587
595
595
589
583
587
573
569
557
543
547
563
545
511
554
582
599
621
628
593
572
597
584
595
583
593
574
572
562
559
559
555
557
553
545
538
533
542
594
679
674
693
720
717
703
678
658
636
626
612
586
580
625
638
672
648
669
689
688
647
636
611
578
562
558
551
564
661
652
666
672
637
667
623
646
623
657
609
647
615
622
643
638
653
641
651
618
593
570
575
587
624
636
673
666
676
672
638
621
626
627
623
612
642
591
579
615
622
609
607
630
642
658
653
625
607
603
610
592
584
599
631
676
696
750
731
724
729
711
685
667
653
625
604
582
580
596
628
646
612
599
609
671
667
687
689
679
651
668
628
660
615
615
582
567
581
611
659
647
597
621
646
678
687
688
649
679
630
639
619
587
578
586
608
635
653
661
627
613
647
651
668
671
674
671
666
644
631
626
601
588
585
613
646
684
696
662
663
657
651
636
629
629
601
597
610
625
651
651
646
640
662
792
765
747
716
690
666
641
628
616
617
621
614
602
609
613
615
622
629
633
619
615
606
604
622
618
628
635
624
609
653
685
676
683
687
663
660
659
668
655
676
667
685
727
758
762
718
706
699
664
667
658
661
657
652
664
680
650
636
668
667
678
682
675
655
638
625
617
605
596
586
599
626
676
707
702
655
632
626
636
653
686
689
657
664
661
651
623
600
618
658
693
703
697
690
666
628
610
611
620
642
663
681
644
626
634
646
661
679
689
682
654
650
652
662
669
683
697
689
669
698
711
717
715
707
695
701
692
690
673
646
643
656
666
666
662
657
668
688
711
711
667
623
636
643
656
668
676
667
635
608
596
604
682
707
676
737
728
728
738
707
718
684
684
672
665
661
641
654
661
680
713
729
721
783
747
720
750
714
715
708
727
739
727
734
743
739
744
732
702
697
671
646
614
638
674
702
747
763
738
732
725
713
687
680
674
674
657
648
668
690
709
704
691
688
673
664
624
602
616
619
641
629
663
664
684
705
706
683
691
688
694
682
695
710
740
758
762
716
693
671
665
646
629
615
620
616
606
603
621
657
695
692
715
729
729
693
677
648
646
627
628
646
674
686
697
678
681
688
680
653
662
658
670
661
678
685
687
668
633
618
629
634
669
689
712
679
695
688
689
655
644
648
660
677
662
666
654
646
606
596
582
582
578
581
577
557
556
552
547
544
551
558
557
548
548
565
606
627
619
595
601
592
583
583
585
589
582
577
562
556
556
559
549
545
537
547
557
566
563
565
575
589
579
566
554
551
569
584
590
587
583
583
584
574
564
547
542
539
542
529
524
527
537
556
582
619
650
644
622
604
583
567
561
574
584
569
568
584
593
596
580
575
575
576
579
564
553
546
560
591
616
637
638
648
643
637
623
604
582
581
571
558
553
563
564
565
571
580
580
585
609
631
640
655
652
633
605
575
567
558
557
562
554
564
571
566
574
590
607
599
568
561
554
562
579
622
676
685
694
672
640
621
604
605
610
640
679
702
708
705
694
670
651
614
588
584
592
616
667
670
638
631
630
645
661
662
609
576
579
589
599
610
607
628
613
629
611
628
625
624
621
609
584
571
578
610
678
669
700
717
705
710
675
666
661
672
677
687
686
683
691
683
685
659
658
622
618
587
586
590
598
608
629
616
601
617
620
622
617
639
643
636
642
643
659
640
646
633
634
637
622
616
599
607
603
598
585
593
622
666
699
718
725
713
683
692
717
708
707
722
719
722
705
673
670
647
645
630
632
637
685
667
663
646
624
622
618
614
609
633
654
647
668
694
738
759
735
729
716
698
661
632
614
611
588
576
586
619
662
669
640
710
737
761
795
785
757
723
647
631
597
600
619
656
651
698
722
711
703
708
694
646
629
604
611
631
668
700
711
713
709
686
628
606
596
604
621
618
654
701
684
718
733
732
734
725
667
646
622
613
603
588
594
595
589
572
563
559
552
550
552
554
554
553
559
583
618
664
676
687
652
673
659
653
629
607
601
589
585
572
567
595
654
695
726
731
751
743
727
703
672
647
625
609
593
584
579
575
581
606
655
704
726
741
730
668
649
645
648
640
642
648
657
650
643
608
603
608
627
663
706
724
703
656
651
642
673
684
682
694
697
698
697
697
699
697
688
647
626
619
623
632
648
679
734
719
710
656
643
637
636
647
656
645
656
666
681
675
661
647
636
622
604
593
574
560
544
543
544
563
613
680
702
672
636
658
664
658
627
638
682
696
701
688
670
652
639
641
639
652
655
635
606
607
632
645
672
662
656
631
618
617
625
616
624
636
619
629
630
633
614
597
600
599
619
614
591
609
634
650
643
645
616
585
577
581
596
638
672
626
601
616
627
639
633
627
636
653
656
650
610
590
578
591
662
654
659
651
647
654
662
677
697
729
736
737
730
718
670
659
634
604
594
590
601
635
672
691
699
678
658
654
633
617
602
622
625
610
627
623
654
657
644
659
652
640
637
633
636
634
656
649
646
636
636
640
637
654
664
686
695
679
617
604
590
592
586
571
572
581
593
603
611
606
590
586
587
591
619
610
624
636
640
674
657
627
604
599
573
564
553
543
550
574
587
601
605
597
584
584
580
569
552
562
593
637
655
634
642
648
648
643
605
600
613
621
633
618
604
589
588
588
588
572
568
570
604
616
629
611
605
588
584
601
601
643
660
655
635
640
660
646
636
672
650
606
603
618
623
599
606
620
622
619
599
574
569
573
574
592
609
605
597
594
598
587
580
582
585
586
588
574
607
600
627
618
626
610
612
601
590
592
582
569
550
550
542
544
563
562
592
625
688
690
660
690
678
671
638
595
593
604
625
630
626
610
588
582
596
602
610
631
624
603
598
599
607
612
606
594
587
596
611
633
629
654
664
680
679
662
629
606
601
610
605
604
584
596
593
610
627
618
596
603
621
634
671
706
677
653
645
629
628
606
586
593
602
627
648
654
632
631
638
640
605
591
598
616
671
712
717
719
689
645
605
604
575
582
580
589
592
581
577
584
599
612
609
634
697
724
707
697
700
697
663
658
661
663
648
651
667
690
680
681
683
677
647
606
599
599
596
608
627
631
616
612
619
628
610
607
614
624
620
635
635
638
623
613
592
589
590
593
599
603
595
603
601
603
601
606
627
648
659
667
685
699
674
682
677
663
639
626
614
612
610
600
607
627
638
615
655
685
676
690
701
694
671
668
661
648
630
610
595
584
610
618
605
613
608
617
585
592
593
594
599
597
594
593
594
590
582
572
575
588
610
629
624
617
607
646
674
696
701
672
681
690
695
699
678
700
700
716
711
685
703
698
687
673
651
645
606
634
674
690
686
687
703
695
669
668
674
679
677
655
671
667
680
687
674
688
686
677
663
672
683
681
656
662
670
687
658
669
673
677
679
680
692
701
699
704
688
678
660
652
661
667
665
659
668
667
681
673
664
667
673
676
658
670
686
706
719
688
669
665
666
669
668
661
660
659
672
664
651
641
708
711
707
688
675
636
629
615
605
600
595
587
566
554
550
536
536
550
553
576
604
617
601
617
609
595
579
574
566
553
545
542
540
546
534
531
524
518
528
546
556
558
557
553
542
528
518
513
508
507
509
509
514
527
554
582
589
590
608
628
652
632
632
648
618
595
580
586
589
584
592
603
628
652
648
654
645
646
604
599
605
598
602
606
606
598
589
591
599
613
613
623
636
660
655
647
665
679
682
670
671
656
653
640
633
638
647
663
664
669
684
686
682
656
661
669
669
672
658
662
652
654
646
666
681
706
714
706
698
692
666
637
606
596
613
625
631
637
630
629
615
606
589
589
599
624
640
654
691
737
719
724
722
714
677
680
673
671
646
646
650
653
639
652
639
630
612
598
593
598
597
583
575
573
577
569
572
580
591
592
591
586
585
571
572
573
587
597
601
617
635
633
612
611
613
590
584
581
585
588
569
552
552
552
556
570
584
587
579
577
580
574
560
551
552
556
553
543
554
562
572
558
558
573
595
615
617
591
582
584
591
585
580
579
580
565
549
548
547
547
544
546
551
554
548
528
537
531
525
517
509
506
506
504
501
492
498
492
496
489
488
483
478
476
477
481
479
479
483
486
486
481
480
485
481
485
481
484
484
487
488
483
480
479
478
478
490
494
495
494
500
491
495
496
497
492
492
494
494
496
493
499
501
504
498
503
507
509
501
502
502
504
498
501
500
503
497
497
493
496
508
521
527
521
519
520
519
519
513
516
518
518
507
501
493
487
489
490
490
487
484
485
489
503
504
500
509
515
517
513
516
529
538
530
534
540
535
523
521
522
520
512
511
512
512
506
504
511
515
513
509
512
514
515
511
514
518
522
513
512
513
515
510
511
513
519
514
510
515
520
518
509
512
527
532
533
523
521
524
523
514
514
508
504
506
514
515
508
507
516
521
515
508
506
512
511
511
509
516
515
514
510
512
517
515
508
509
516
517
511
511
517
514
509
508
515
516
514
510
519
524
518
519
521
521
517
514
517
522
519
516
516
524
531
526
520
527
531
524
517
525
528
521
511
512
514
510
518
521
521
510
505
511
513
508
501
500
506
509
502
503
511
509
502
498
498
502
499
495
498
504
506
499
492
492
484
484
488
488
485
488
495
491
486
488
494
495
490
490
494
503
501
498
503
514
511
503
501
510
519
524
520
514
519
523
518
512
510
515
506
505
504
513
512
508
516
521
521
512
507
509
513
522
525
519
510
507
510
508
502
493
490
487
487
491
498
498
491
485
484
502
527
544
574
563
534
526
533
532
530
520
516
521
525
522
510
510
510
511
504
499
497
501
504
499
498
508
515
521
512
512
525
534
528
516
510
520
520
521
526
518
504
501
502
500
496
494
505
506
511
516
519
513
508
507
506
512
514
507
498
492
485
484
499
507
513
506
514
538
543
522
519
522
529
519
513
515
524
527
517
512
521
519
513
504
502
506
508
504
497
504
509
512
505
508
516
518
516
514
525
527
518
518
521
530
519
513
516
518
507
503
508
514
511
505
509
521
516
504
507
504
502
514
515
508
498
499
505
513
509
503
500
515
529
533
521
512
518
524
524
513
507
512
515
511
505
505
507
505
500
508
518
515
513
515
521
517
508
511
516
521
521
515
510
514
511
511
505
508
515
516
508
505
514
515
512
504
504
506
504
496
493
497
499
498
494
496
505
506
499
499
508
514
515
511
506
502
497
501
500
497
497
504
509
501
496
497
502
499
493
491
502
513
513
499
492
490
492
510
523
521
520
519
515
509
507
500
502
512
523
548
550
587
600
607
607
563
572
558
547
530
522
524
526
521
519
528
542
547
541
544
570
565
567
558
588
609
570
565
586
581
562
569
588
577
558
544
592
568
616
598
585
551
573
563
566
554
552
536
526
523
526
529
531
537
581
633
655
687
652
626
665
572
712
639
632
590
581
605
605
612
576
570
605
611
610
585
589
656
660
632
604
596
619
594
591
583
562
549
548
568
597
620
641
624
611
581
578
586
582
569
580
593
604
586
606
631
640
629
602
592
576
566
566
577
583
589
610
626
639
635
632
646
642
642
613
602
623
604
598
582
564
557
564
584
595
610
617
623
615
597
591
591
580
563
557
585
646
663
684
698
694
689
657
630
627
620
602
600
586
588
580
562
565
579
597
603
588
596
599
604
606
594
589
597
611
634
634
638
662
680
688
659
653
650
636
647
653
663
638
643
638
647
641
630
625
641
669
674
634
648
644
636
625
616
611
603
605
594
602
600
620
625
659
625
613
610
597
605
611
621
605
609
610
608
594
602
612
627
621
618
624
628
637
631
643
671
677
665
643
637
645
632
635
620
604
611
603
606
599
625
662
689
697
698
675
644
625
611
608
602
594
589
607
625
621
652
636
633
637
627
604
602
590
579
570
563
564
563
555
543
548
552
559
577
585
580
578
581
587
573
573
563
552
549
547
555
583
608
627
647
647
635
617
594
588
573
553
549
549
558
553
549
542
558
596
639
659
657
647
651
630
