458
460
463
464
465
464
474
474
475
477
480
476
474
473
474
468
465
467
471
467
473
467
464
468
467
472
464
463
464
465
463
461
457
458
459
461
460
457
455
459
488
506
487
482
479
478
473
470
464
463
460
460
456
454
453
451
449
447
445
443
441
441
446
449
453
458
462
468
466
469
473
478
478
482
478
473
469
466
460
458
454
455
456
458
457
456
458
459
457
454
456
453
457
454
453
448
452
457
464
468
463
474
479
484
484
479
487
495
494
487
486
483
482
479
477
472
469
468
462
463
464
462
463
461
463
465
461
460
458
457
460
456
465
464
470
477
479
474
479
482
479
476
478
477
469
470
469
468
463
465
467
469
481
500
501
512
523
523
518
522
520
512
514
501
498
494
489
492
492
487
490
493
488
484
483
482
478
484
485
484
484
486
481
481
480
479
475
475
474
476
470
474
477
476
481
479
479
483
484
482
486
489
487
485
489
489
485
482
479
478
475
471
469
469
468
473
476
477
479
484
487
488
488
494
493
493
494
495
495
496
493
486
482
478
479
479
475
479
480
480
481
479
477
474
471
467
464
461
461
464
470
479
479
482
489
487
482
486
483
481
480
481
485
492
489
491
492
499
502
499
497
496
492
497
493
497
498
497
497
502
506
502
497
499
492
493
484
480
480
478
479
477
480
487
494
492
505
518
523
517
523
519
525
526
528
524
526
531
531
538
527
516
521
565
570
572
558
541
536
534
524
524
517
521
521
520
519
515
520
516
516
519
524
525
525
517
515
521
519
522
525
519
521
515
511
505
501
507
505
506
510
505
500
494
502
509
513
513
512
515
521
521
518
527
521
523
521
522
523
522
516
521
523
519
516
514
522
520
512
532
557
538
540
531
529
522
511
504
501
496
501
503
501
500
511
514
517
513
510
517
521
514
515
517
508
507
514
519
520
515
508
509
506
502
495
501
494
488
483
482
483
480
481
484
484
480
484
485
487
495
492
490
496
494
494
489
489
493
497
498
505
502
495
492
489
484
484
486
479
476
475
475
485
501
523
527
535
521
521
516
516
507
499
502
490
485
480
478
484
494
497
506
502
496
492
491
488
480
477
473
484
496
490
489
491
497
504
508
496
489
493
488
486
480
479
477
475
472
468
466
461
459
455
455
450
448
446
445
453
462
455
452
451
450
449
446
444
441
440
443
446
449
446
451
450
460
475
492
485
485
479
481
485
484
494
492
492
486
481
498
501
500
498
490
498
494
496
489
492
491
486
484
489
493
495
492
494
498
498
497
492
488
487
489
499
505
506
507
523
551
547
535
524
521
519
522
507
507
497
497
502
501
511
520
525
525
518
521
530
539
560
569
551
556
552
537
542
552
550
533
550
557
565
562
572
587
575
572
551
536
556
696
671
607
604
586
576
567
554
549
543
541
555
556
553
557
576
579
587
589
594
598
570
578
575
566
561
546
533
534
537
542
533
531
543
563
574
588
610
606
601
618
595
591
578
568
557
546
546
551
561
570
587
570
589
600
607
593
608
619
605
629
640
642
631
657
642
631
633
616
606
605
610
609
627
627
626
650
633
623
632
627
610
593
600
607
631
649
655
664
674
670
665
672
661
664
664
643
642
662
651
642
652
662
650
654
650
630
635
628
635
639
656
651
656
620
606
596
618
630
641
655
650
667
680
666
641
664
664
627
607
692
654
658
666
650
654
620
623
635
615
643
636
654
664
683
678
661
690
686
679
676
647
638
635
610
598
604
604
611
628
641
629
646
646
642
651
655
646
650
661
647
646
643
643
646
664
662
676
695
679
684
682
665
674
669
670
660
662
651
640
636
628
630
634
612
602
604
603
622
637
643
653
653
641
634
638
633
617
628
641
649
640
651
672
667
655
661
656
657
652
632
631
637
646
662
651
657
648
644
661
649
646
633
635
627
631
610
595
625
735
915
900
867
766
698
677
656
644
631
628
628
632
618
615
616
617
634
639
636
625
636
624
619
611
601
597
607
613
621
624
639
648
651
648
649
621
616
612
618
614
621
642
651
668
666
679
650
621
620
607
602
600
598
598
603
606
589
586
594
589
586
582
577
573
573
578
578
572
584
577
602
615
622
640
638
634
624
620
618
612
605
607
601
597
593
593
589
571
569
572
562
569
568
563
583
565
560
549
542
534
527
531
521
518
515
516
512
524
526
523
520
524
518
521
512
512
517
525
530
529
533
531
534
522
521
520
521
517
514
511
512
516
515
509
505
503
499
499
495
491
490
488
484
489
491
487
483
480
480
481
477
477
483
483
487
483
490
496
493
491
497
494
493
497
504
512
518
518
522
520
517
523
524
521
527
523
524
520
526
529
528
530
526
536
530
525
528
530
528
527
531
533
528
527
529
531
530
529
531
534
530
525
524
526
525
523
521
521
523
524
528
522
529
530
529
524
531
533
526
524
569
562
563
553
548
542
544
542
535
538
543
541
539
539
540
540
535
532
540
542
550
550
560
557
556
558
554
545
551
558
561
563
570
566
565
567
566
566
567
566
563
556
563
563
551
556
557
553
563
573
578
575
576
566
556
551
547
567
587
611
609
628
622
610
616
610
600
595
584
579
589
612
608
601
600
595
584
588
607
610
614
626
615
614
615
633
613
630
588
632
657
650
642
623
633
610
615
606
602
601
595
593
585
581
579
575
587
586
577
584
600
595
616
633
659
664
658
659
646
656
643
627
604
611
608
597
607
619
635
626
621
632
616
626
614
609
599
599
608
588
584
572
564
556
559
572
578
588
591
599
594
587
583
582
572
569
568
555
553
549
555
563
573
579
598
616
604
598
595
579
569
572
578
587
587
607
608
601
604
595
596
589
593
589
584
578
574
563
556
562
577
586
580
617
621
606
596
600
603
591
599
586
578
569
568
570
581
593
595
596
596
586
579
577
573
572
589
598
602
595
591
590
577
577
585
582
592
585
580
586
592
597
593
604
607
604
608
602
601
592
581
583
591
616
617
636
643
619
625
628
625
607
610
616
604
608
603
608
606
605
601
599
598
591
583
584
600
605
606
613
608
605
607
594
591
591
594
590
603
625
627
631
620
623
606
583
580
752
737
695
672
641
613
610
607
606
605
607
619
618
621
622
622
625
609
613
609
613
619
627
631
631
625
625
629
621
605
594
587
582
584
591
597
594
607
599
597
598
609
612
611
612
605
609
608
596
602
612
606
602
603
604
590
586
596
597
591
591
593
599
596
591
592
598
598
591
591
592
581
570
565
568
562
571
578
571
574
574
579
574
576
582
576
574
587
588
593
606
614
612
607
616
616
604
616
615
608
611
607
599
609
611
600
606
614
613
609
603
602
583
616
622
623
623
604
598
594
604
598
601
596
593
599
607
613
611
602
607
612
610
596
584
598
597
617
630
636
625
629
644
645
644
620
613
613
596
605
607
608
591
602
601
596
586
602
607
593
604
617
617
586
591
599
615
622
603
630
835
769
722
680
653
622
622
615
604
606
607
600
597
590
603
604
609
616
617
622
628
628
634
639
626
608
598
599
609
625
620
640
646
646
660
657
646
649
640
640
645
635
646
618
606
594
602
595
616
629
617
639
652
636
637
633
635
625
642
652
662
652
663
662
644
647
647
630
617
614
618
635
649
642
652
635
649
651
636
656
656
646
654
657
631
644
655
638
633
639
640
637
616
619
598
582
605
606
619
628
630
644
624
617
625
613
633
644
652
647
634
646
639
632
624
622
626
630
619
654
665
677
672
669
665
655
648
648
661
650
654
662
646
648
674
659
638
625
630
639
651
660
660
654
656
651
646
647
649
640
650
664
638
662
662
652
656
668
672
656
649
660
648
622
625
809
747
721
711
665
663
652
644
627
638
631
634
644
648
647
646
650
646
644
640
651
638
646
650
651
656
648
640
633
629
611
602
591
612
627
630
642
654
658
642
647
655
666
647
664
660
651
657
651
640
653
655
644
664
664
664
674
665
673
667
678
674
653
655
649
649
642
632
646
635
622
638
633
628
622
641
648
646
629
625
673
655
664
645
632
641
636
623
608
602
603
610
624
641
640
632
646
657
663
657
649
638
651
635
625
619
626
636
646
651
654
637
633
635
637
629
635
633
634
632
634
644
623
624
638
640
641
646
654
667
662
677
679
669
682
665
650
662
661
660
662
659
643
648
641
645
628
636
631
634
622
637
630
631
638
635
642
638
619
623
635
638
632
622
635
635
615
613
626
625
641
634
630
599
604
677
635
641
627
642
625
637
625
626
628
634
631
635
628
618
619
624
643
654
652
643
648
635
655
633
624
624
608
601
604
614
624
635
640
650
648
645
646
654
641
641
641
644
645
633
635
641
618
633
645
650
639
636
638
626
638
640
644
643
652
646
646
646
650
641
641
646
645
633
630
630
625
627
628
630
617
619
622
627
628
629
625
621
633
637
630
620
626
632
626
621
632
632
619
617
620
619
616
618
593
596
588
587
590
602
612
618
625
626
615
622
621
630
619
625
621
621
627
612
623
631
631
635
652
656
642
660
662
670
649
653
648
641
620
626
624
632
634
637
642
641
651
636
636
641
625
633
636
640
626
644
644
641
622
642
641
649
642
654
651
650
650
647
637
656
656
654
653
662
649
658
656
658
654
640
656
668
656
661
666
663
661
660
663
645
659
662
657
653
655
658
647
664
665
648
663
659
648
661
666
661
648
650
659
661
651
659
659
653
635
641
622
661
652
646
644
640
626
620
618
607
603
616
617
615
628
623
630
627
619
637
638
642
635
644
662
652
653
664
661
675
669
675
664
647
650
663
650
651
662
640
670
660
661
675
658
670
668
647
644
639
627
623
640
645
646
641
645
633
608
629
692
810
717
676
642
613
598
578
580
581
580
572
582
586
604
599
618
624
626
619
605
596
590
594
604
587
588
568
582
574
579
585
578
586
608
626
631
642
650
656
643
639
637
624
624
600
614
606
603
618
628
640
638
634
636
630
635
626
619
612
620
615
606
625
629
635
641
642
631
637
637
621
612
615
627
619
612
619
619
622
615
623
626
623
618
626
623
636
646
642
621
628
627
636
631
630
633
615
614
620
619
611
620
621
615
631
640
636
631
646
646
630
638
642
639
640
639
605
618
694
638
650
650
653
650
658
660
656
646
635
636
626
616
604
606
611
604
613
613
616
615
607
615
610
611
602
614
616
616
624
619
602
612
611
601
593
598
582
629
622
629
625
605
604
619
611
598
602
609
613
599
615
622
617
625
629
625
620
617
611
602
604
606
593
602
606
604
613
609
599
598
607
603
621
628
654
652
659
648
650
645
645
623
637
646
628
637
667
671
667
688
659
652
648
621
647
630
620
632
608
596
609
618
629
624
619
627
608
602
608
613
615
619
621
623
634
632
611
618
613
593
594
643
650
663
670
654
672
665
659
637
644
641
639
631
618
618
631
630
628
622
609
603
611
609
627
631
642
624
624
622
626
623
622
624
621
615
615
605
601
604
608
611
605
610
622
623
630
637
645
634
630
637
632
615
622
617
604
611
613
612
618
622
611
600
614
618
613
622
644
645
635
640
631
637
610
618
619
604
634
631
631
616
624
627
622
620
627
613
609
598
588
707
666
649
647
635
615
616
597
601
593
595
590
594
604
600
597
595
590
604
603
606
598
604
608
625
629
632
640
619
616
609
610
615
605
613
601
590
585
596
610
610
632
643
649
664
667
662
651
640
628
638
619
623
630
632
640
641
625
631
634
631
610
628
622
621
616
624
625
626
627
627
622
635
622
631
631
616
627
622
620
611
625
634
633
623
628
636
627
617
611
729
812
731
713
687
650
650
642
642
641
641
644
650
646
638
622
620
633
636
646
646
647
640
647
653
647
655
659
648
668
663
649
660
654
636
650
654
655
636
651
642
640
628
638
637
628
636
638
623
630
627
617
633
630
635
639
635
641
618
620
604
600
605
601
605
622
629
619
627
624
629
627
623
620
623
613
613
613
586
588
589
594
616
614
638
640
647
651
653
664
646
650
646
627
626
637
640
631
653
661
662
669
663
668
661
663
665
646
647
646
635
637
628
637
634
632
635
638
617
636
625
615
637
648
623
616
616
616
600
595
615
620
617
637
645
640
622
646
631
631
632
636
629
634
626
612
621
620
626
610
617
619
604
593
697
681
652
638
637
640
630
631
632
637
632
634
627
621
618
616
617
613
604
612
610
610
606
606
606
604
603
599
597
592
586
588
586
601
591
587
584
582
594
618
623
621
635
633
620
633
617
602
604
604
614
596
606
609
619
619
611
625
620
622
615
624
619
609
612
615
618
612
597
607
615
619
607
603
612
610
602
602
603
610
601
604
602
604
589
573
599
766
677
658
661
648
638
625
608
605
601
612
615
636
641
643
636
628
631
636
636
624
623
623
621
621
616
618
621
620
627
617
604
610
609
594
584
623
638
632
621
597
602
594
600
610
612
606
619
616
620
625
607
606
604
595
615
612
608
610
610
607
603
609
607
609
614
619
619
611
624
626
617
618
614
613
616
619
612
611
604
589
613
610
616
614
604
617
607
617
579
593
592
601
590
593
598
593
593
588
583
575
567
575
572
565
564
565
562
564
563
559
566
565
563
563
568
573
572
586
575
578
582
585
576
578
584
586
579
592
587
576
580
567
562
550
600
587
573
567
571
564
562
574
569
564
558
555
565
567
564
566
568
570
576
572
567
562
561
573
577
576
589
589
585
584
583
581
574
571
576
576
581
573
578
580
588
576
558
580
572
586
567
599
753
655
615
599
581
562
550
544
557
559
566
579
586
584
598
604
611
616
615
608
616
618
628
636
642
643
644
646
655
650
645
647
639
638
648
633
633
642
628
624
647
649
637
628
642
632
622
640
640
629
632
632
640
623
653
654
650
631
653
646
657
630
638
646
621
599
610
694
637
648
625
603
596
593
584
579
581
579
582
584
581
586
582
584
587
582
583
585
579
581
566
568
566
565
560
560
565
568
565
570
568
562
556
564
563
566
572
565
570
575
567
563
566
562
552
545
548
549
563
577
565
572
569
567
560
557
550
546
543
540
532
532
528
525
525
526
538
552
548
546
545
556
587
582
570
560
552
569
575
578
603
584
574
578
585
583
571
578
576
570
565
557
555
563
552
551
554
562
567
567
588
584
584
593
587
591
580
574
588
583
595
617
623
627
642
628
630
621
624
628
637
632
616
610
586
604
669
621
623
606
595
584
572
582
588
583
601
612
610
604
611
592
598
603
614
608
612
612
595
588
597
593
606
609
609
628
628
637
617
636
624
619
611
603
607
604
605
605
605
638
663
605
615
591
589
588
585
589
596
590
590
582
585
581
576
579
580
564
566
571
570
571
582
595
598
599
590
595
586
595
585
571
581
578
576
588
587
578
594
597
588
573
569
564
563
563
563
571
572
564
566
564
562
558
570
563
558
556
560
557
548
553
552
555
547
549
550
547
552
560
558
551
554
546
544
540
538
530
532
526
521
520
521
513
509
509
515
520
522
526
534
527
539
544
554
551
544
553
557
548
543
537
547
547
545
542
536
538
538
532
528
526
527
531
531
522
527
533
548
536
533
538
610
579
567
565
553
549
555
548
546
559
554
555
564
560
550
560
558
561
555
547
541
537
541
544
543
541
538
539
546
548
549
544
551
553
548
545
549
556
547
543
553
556
545
553
563
561
548
554
561
551
548
552
560
550
553
561
561
559
551
546
557
557
560
545
548
556
559
552
547
538
546
698
701
630
597
576
563
558
551
547
537
537
535
529
521
521
528
529
533
536
542
547
548
550
552
557
563
561
554
561
558
556
549
552
555
559
555
557
562
554
556
555
549
550
550
541
541
540
540
548
554
549
542
551
553
561
557
548
550
551
547
543
546
547
545
538
543
539
531
539
535
537
529
527
532
537
531
525
531
525
523
517
514
528
533
531
533
530
538
531
526
529
535
528
532
533
530
524
528
527
528
523
527
525
514
517
519
520
523
523
535
537
536
527
524
523
529
530
529
526
536
538
528
527
536
531
534
545
545
536
538
545
552
555
559
561
553
553
561
565
556
560
559
563
552
545
547
540
546
546
542
552
558
555
549
560
584
580
606
616
597
593
596
595
582
600
602
603
599
596
606
602
596
590
585
590
582
589
601
603
605
623
619
613
614
608
599
597
594
587
586
592
584
596
582
584
592
579
583
581
580
588
585
583
597
588
573
588
584
580
577
580
579
575
588
595
597
607
599
598
594
586
578
581
581
573
567
572
578
604
615
612
602
618
631
635
617
626
624
610
627
624
629
622
628
636
639
649
643
676
677
656
657
655
633
637
624
618
616
629
636
627
633
638
616
595
618
615
639
649
628
610
602
603
593
582
576
588
599
610
616
633
628
618
624
631
631
647
665
667
680
678
677
675
672
680
671
661
691
688
677
682
669
669
670
650
660
657
665
680
661
673
656
674
662
655
688
663
668
644
652
651
671
658
639
671
651
629
617
621
624
610
626
652
644
648
656
629
619
626
634
668
635
644
652
646
630
626
634
657
647
635
628
639
655
638
655
646
646
681
698
728
722
714
706
716
714
700
711
682
654
648
676
672
686
669
684
684
644
686
685
685
668
680
640
632
629
629
626
616
616
625
621
609
616
596
605
601
600
598
601
600
594
568
576
575
577
585
586
585
579
572
553
570
571
583
599
596
590
593
598
574
577
579
580
591
596
599
594
587
575
566
553
549
545
548
547
555
552
551
542
545
564
586
596
603
593
579
571
566
571
588
575
580
577
573
571
569
558
566
574
563
568
580
596
585
597
598
584
581
579
575
579
579
585
580
583
578
575
571
570
576
590
591
609
679
917
812
784
701
662
629
605
591
573
567
560
563
566
563
559
585
605
619
632
646
664
648
641
635
644
640
637
619
616
611
604
598
593
593
600
604
612
623
635
639
671
657
639
636
650
643
628
638
643
647
642
659
650
670
650
642
625
615
604
604
619
618
623
626
638
632
656
646
652
645
647
655
647
648
651
643
644
647
637
624
614
628
632
638
646
650
662
652
670
656
634
639
646
617
636
620
627
635
637
648
649
645
657
644
668
647
661
669
659
672
653
626
642
646
640
633
626
617
620
623
634
634
623
633
615
639
646
654
651
646
639
629
620
606
610
613
623
625
604
634
653
661
672
667
652
680
687
686
660
653
641
632
625
616
615
598
611
598
595
626
646
678
712
722
702
679
660
640
638
618
611
607
587
590
591
598
610
617
611
609
607
601
596
592
586
583
576
560
574
570
581
585
587
589
612
635
646
646
629
637
605
624
631
627
624
615
624
621
634
626
627
628
641
639
620
618
623
617
606
602
593
589
580
569
570
567
556
561
558
573
595
609
608
601
631
644
639
628
635
619
607
598
589
585
577
580
580
585
599
589
598
642
657
696
688
693
685
673
662
669
655
653
656
640
635
630
633
641
631
637
642
633
634
639
642
633
644
641
646
646
642
641
614
618
629
639
640
647
662
673
662
661
661
636
632
632
642
636
628
625
618
617
601
592
585
590
587
595
626
644
649
658
636
626
611
593
583
575
567
559
553
552
539
549
541
545
572
591
617
612
604
606
599
584
577
576
573
577
579
609
622
649
665
679
674
663
648
654
654
663
656
654
641
646
636
637
629
630
622
641
631
643
645
640
621
632
642
639
627
605
605
604
596
580
585
604
851
772
736
717
700
692
650
627
624
617
613
607
606
583
596
596
587
588
627
644
675
678
659
662
646
620
619
610
609
608
612
592
596
594
604
627
636
634
638
633
627
621
617
613
608
600
613
629
625
626
623
622
624
616
603
589
598
591
587
595
619
629
624
632
630
633
622
634
636
634
644
628
636
651
646
658
660
659
667
653
655
638
628
611
631
654
663
662
656
654
652
633
629
618
614
624
633
627
632
629
633
631
628
638
627
630
618
608
612
625
642
636
621
611
596
586
578
575
582
577
570
568
570
571
590
609
652
646
697
723
728
694
653
675
680
679
650
655
649
644
658
654
646
641
620
633
646
650
668
653
669
664
662
620
628
623
616
611
618
613
616
621
617
613
612
611
614
619
618
614
617
613
614
616
612
625
630
631
637
634
631
623
620
609
621
625
627
637
640
632
626
621
610
602
596
609
618
610
627
633
626
609
619
609
615
619
619
622
615
618
606
603
599
594
588
584
603
613
613
616
624
615
604
597
594
580
575
577
584
579
580
583
588
594
586
584
587
577
569
567
560
574
573
565
558
555
549
544
538
536
540
538
538
529
544
554
559
574
577
580
569
569
583
572
597
590
584
577
583
591
596
591
593
580
608
610
619
586
596
588
578
583
587
581
570
564
562
553
548
546
547
544
553
564
564
568
576
597
592
587
593
595
581
573
587
596
626
618
603
602
599
590
578
574
577
586
589
590
608
623
607
613
611
611
608
626
636
622
626
627
625
619
620
615
608
617
624
622
617
614
609
616
611
614
604
619
614
605
597
602
599
612
611
605
606
620
616
614
622
627
623
617
628
626
623
632
636
645
628
630
644
638
632
643
642
631
626
632
622
619
627
630
625
634
635
627
621
632
633
619
616
633
633
632
637
646
647
631
642
646
628
640
638
643
643
643
643
626
619
625
620
610
617
615
614
627
630
626
647
647
646
656
659
653
653
662
637
656
656
651
646
670
668
627
609
610
652
620
633
648
632
661
668
667
658
669
666
654
674
667
661
675
663
661
672
673
667
696
688
680
680
688
687
679
675
690
683
673
688
694
674
702
701
687
681
670
652
658
637
659
657
650
664
677
673
691
690
670
685
688
663
673
681
678
653
648
656
668
688
681
653
671
696
684
675
667
658
671
666
671
676
690
672
678
667
674
671
675
683
685
669
652
635
630
622
631
644
667
666
670
673
658
676
667
666
657
652
649
662
662
650
652
654
640
644
635
624
622
630
628
649
652
654
646
653
650
642
635
646
641
638
634
637
636
639
627
640
645
650
644
642
650
650
643
653
649
647
633
640
648
646
638
649
648
655
653
665
657
652
654
650
644
651
650
641
643
641
638
619
632
641
643
638
634
657
661
653
631
705
689
681
679
698
704
727
698
689
681
682
672
677
672
656
654
650
660
668
668
654
646
661
657
667
668
649
647
654
641
646
649
646
642
659
675
676
683
675
664
682
683
659
639
733
715
708
711
678
686
676
668
655
660
667
659
674
677
680
693
701
685
690
699
693
701
702
691
695
688
683
663
664
647
633
629
639
642
646
665
684
669
705
686
671
677
671
674
683
679
658
662
656
643
645
636
637
645
648
637
655
655
648
666
666
653
669
668
667
669
666
681
682
678
672
692
687
672
678
682
674
664
668
669
661
687
684
692
692
682
692
688
671
679
678
682
699
689
682
701
701
707
698
711
711
700
702
705
682
686
682
668
680
669
656
669
669
669
676
685
689
675
664
640
613
638
784
715
716
688
678
653
641
632
630
634
633
634
646
645
646
657
654
654
658
657
652
671
651
645
653
655
653
646
671
673
663
670
672
668
673
669
658
649
650
647
650
651
652
654
656
664
654
669
655
651
663
664
669
654
660
667
657
657
661
664
655
669
672
675
652
655
656
655
656
655
653
665
655
645
655
648
644
642
652
654
640
641
630
627
621
615
610
610
627
646
645
652
659
647
641
634
623
634
625
626
634
638
634
641
647
643
653
656
655
660
669
667
654
659
618
615
626
620
631
646
638
630
646
648
660
671
673
665
670
655
672
670
674
680
688
678
671
666
670
669
668
680
672
683
699
668
677
678
688
666
662
662
664
653
650
664
664
651
670
679
664
676
675
681
662
667
672
663
665
658
660
655
660
659
655
649
652
646
642
653
659
660
667
667
672
673
662
657
653
652
652
654
653
661
651
642
646
646
639
647
645
638
637
631
622
630
636
636
646
658
646
645
643
627
608
622
662
640
631
624
616
615
624
629
623
628
626
622
629
625
634
637
640
652
645
658
669
678
671
672
686
691
691
687
687
689
679
681
687
693
681
682
683
684
691
705
675
676
660
675
680
694
694
676
684
685
666
675
670
673
669
658
667
668
663
653
645
636
624
619
627
643
638
632
643
631
623
615
667
701
675
677
692
692
679
679
674
665
675
660
651
655
658
653
648
646
647
654
652
652
656
642
646
661
665
662
659
651
657
658
657
665
663
660
654
656
658
651
644
633
632
641
668
652
674
668
656
664
667
656
675
678
673
673
658
660
672
659
653
650
643
654
648
646
648
646
644
641
638
646
648
645
644
635
626
613
613
617
622
622
613
616
614
626
639
644
641
635
628
613
612
609
608
601
608
633
650
644
643
649
665
665
671
672
674
679
671
658
668
649
659
659
657
649
641
657
658
654
664
674
666
657
667
673
667
666
659
659
664
665
661
651
662
659
648
659
652
656
646
667
661
654
642
641
649
647
653
646
645
659
658
647
655
652
652
655
666
657
646
650
659
656
649
658
667
667
655
682
687
674
675
661
646
671
663
664
679
667
661
670
665
656
655
653
644
650
651
657
655
653
653
660
654
665
664
652
658
656
646
639
649
656
656
659
667
667
679
680
667
667
667
665
658
665
658
657
650
652
653
659
660
651
660
649
638
636
642
643
647
645
645
646
641
643
639
627
634
635
628
631
641
647
641
656
658
652
658
661
660
647
649
630
646
652
647
638
630
634
634
634
644
655
664
665
670
674
674
668
666
673
667
658
638
639
638
625
629
632
640
638
656
651
656
644
650
647
644
651
651
653
654
648
661
664
671
654
665
670
670
677
664
672
660
646
640
646
664
647
649
666
666
649
659
659
650
662
671
661
664
675
676
670
676
675
664
677
677
675
680
674
684
676
645
684
916
773
753
732
715
701
687
675
668
668
660
656
662
663
659
643
647
647
667
671
676
677
676
675
679
656
641
646
656
659
653
646
663
656
646
654
649
643
635
648
657
655
656
661
664
677
672
673
656
640
640
632
623
615
622
636
648
644
646
645
651
644
651
643
649
638
638
642
647
645
651
648
650
656
660
659
672
687
686
664
663
649
637
642
644
646
638
646
646
641
636
641
636
642
646
647
654
657
658
633
644
644
634
640
643
636
629
627
620
610
601
606
614
620
632
628
635
638
637
628
630
629
630
629
632
639
643
645
641
649
646
653
647
667
668
662
665
662
656
661
649
659
648
659
650
646
638
634
643
640
630
632
630
636
635
629
629
631
628
630
621
620
633
635
628
653
650
640
651
650
642
633
649
645
646
643
637
643
646
635
612
653
683
657
658
656
636
625
625
614
612
622
634
640
653
654
647
651
649
646
652
658
667
658
660
663
657
655
641
640
662
665
689
712
688
693
692
697
679
670
687
683
684
672
676
666
655
659
660
653
646
652
655
650
652
655
666
663
673
670
664
661
658
659
652
645
646
621
598
607
624
618
621
618
617
626
626
634
644
640
639
646
650
656
650
657
660
651
662
665
670
662
679
681
668
682
674
676
670
670
676
677
665
668
659
646
649
643
634
642
643
646
648
646
653
637
628
624
639
656
655
660
660
662
656
664
670
677
685
681
697
681
681
684
676
672
672
655
662
656
666
669
659
668
673
665
653
657
655
640
638
623
625
623
625
624
637
635
622
623
622
617
622
631
632
633
636
631
623
628
627
624
622
618
622
623
615
622
628
635
632
623
612
614
620
631
642
630
638
663
655
650
653
653
653
650
653
651
648
644
649
638
625
651
666
653
684
696
655
642
645
659
665
650
654
655
648
645
650
656
655
653
658
624
634
643
652
631
627
621
618
616
614
600
609
596
595
591
606
609
611
604
595
590
582
579
572
572
565
563
568
567
562
571
574
578
580
580
571
571
576
580
570
567
567
567
577
574
567
561
562
564
566
568
569
561
557
581
749
684
644
630
611
594
581
573
577
571
574
576
575
583
583
579
577
572
580
587
582
576
578
574
572
574
574
567
565
563
552
550
547
544
538
539
541
535
539
543
545
542
543
540
540
540
537
536
537
534
529
528
526
523
520
521
522
518
516
515
512
508
506
506
501
496
494
505
509
509
511
507
505
511
507
503
499
504
510
515
517
527
536
534
539
544
541
537
533
528
521
520
527
540
536
546
558
564
563
562
572
573
565
578
589
580
577
593
595
577
611
613
604
592
615
598
578
575
579
564
562
567
563
570
578
596
603
611
607
621
611
607
606
601
601
602
599
593
601
602
598
590
591
583
575
581
599
601
590
600
600
594
597
593
597
591
599
599
597
589
596
595
589
597
594
589
594
598
590
596
592
593
588
596
591
584
606
605
596
595
582
578
589
606
593
589
583
580
572
563
562
566
563
561
567
563
560
568
567
570
575
585
584
578
590
588
580
596
590
581
589
590
598
618
601
636
629
614
608
620
620
611
616
630
623
608
612
625
611
620
621
628
613
612
607
623
619
633
632
619
628
612
593
596
589
582
578
566
565
554
560
561
560
558
553
552
550
551
546
559
561
566
579
578
566
557
563
579
573
575
583
585
584
619
613
630
631
643
646
616
638
654
663
653
636
648
630
627
626
606
604
604
598
592
581
574
577
590
594
599
595
592
608
605
612
610
631
636
631
638
652
656
644
630
631
633
627
627
623
631
635
646
638
639
642
628
602
608
719
652
635
635
637
630
632
638
647
653
647
640
654
658
645
669
656
648
656
664
655
655
646
667
650
653
644
656
647
646
665
658
660
662
645
648
654
646
662
657
652
650
667
649
662
646
645
654
650
644
642
655
646
631
642
616
611
596
599
594
591
623
641
640
670
690
672
673
676
670
652
665
652
654
663
661
651
682
686
684
695
683
663
681
677
668
679
654
654
659
645
671
674
681
687
684
679
674
679
680
671
695
694
684
688
662
647
642
643
633
619
634
813
725
710
690
666
660
646
634
632
646
636
640
646
652
654
654
665
670
659
659
662
666
679
675
664
676
669
667
649
652
642
631
626
627
659
659
678
678
691
692
670
683
689
677
667
666
664
648
653
649
657
663
662
654
665
672
666
660
669
667
655
677
670
656
670
681
670
642
648
641
633
643
645
646
644
645
637
629
634
640
636
635
641
630
619
610
614
619
617
610
612
616
606
612
618
621
618
631
631
642
639
645
637
633
638
632
631
641
641
639
635
623
625
624
622
616
621
621
624
633
622
619
624
619
616
615
615
610
605
615
619
617
625
622
622
616
616
610
608
608
608
609
610
610
604
604
601
594
588
585
599
594
602
601
600
602
603
589
598
593
594
604
610
622
620
621
619
612
612
613
610
608
605
602
602
597
592
603
620
658
651
651
647
622
606
591
581
579
577
588
593
606
604
606
629
652
634
672
671
638
655
663
662
670
658
647
667
665
684
665
654
651
649
643
641
646
641
637
636
629
636
636
635
646
649
652
631
629
628
628
625
626
593
585
624
602
600
599
603
607
601
606
598
604
610
611
612
607
614
622
632
623
630
629
634
625
629
635
620
625
628
621
617
633
629
624
621
626
619
618
614
608
599
598
609
614
612
604
611
621
615
615
613
606
609
610
604
604
610
607
607
614
615
610
614
615
612
607
609
611
606
610
610
618
617
625
625
623
617
622
621
620
620
627
633
628
631
631
632
639
636
615
649
642
642
638
639
627
632
629
612
585
604
603
601
605
602
593
587
589
580
588
581
586
582
591
590
596
586
590
593
577
568
592
781
686
651
636
619
611
599
595
588
590
583
588
581
577
573
578
584
579
585
582
583
576
581
576
581
580
579
580
580
573
577
583
573
580
581
572
578
581
575
576
569
565
560
556
550
559
563
557
555
557
549
539
535
522
522
522
524
527
525
523
521
514
516
506
509
517
527
540
523
530
527
525
536
536
525
519
519
529
533
530
529
520
515
515
510
507
504
507
513
516
513
521
519
517
516
514
509
509
521
529
526
524
544
546
539
540
543
531
528
533
534
531
529
535
536
544
542
545
550
552
551
549
556
546
542
545
548
538
541
543
543
537
530
525
531
531
533
533
541
543
540
553
554
548
550
555
555
554
552
555
548
552
554
553
549
553
550
546
550
551
540
540
544
540
537
540
533
538
532
528
524
524
523
524
522
521
518
523
524
521
521
522
521
518
522
528
539
539
537
530
534
530
526
524
515
520
521
530
525
528
536
536
536
543
543
539
536
539
541
537
531
532
534
532
534
537
543
532
534
538
540
537
536
536
538
537
533
541
544
545
540
546
547
550
539
535
546
545
540
536
536
538
531
528
525
521
515
518
545
537
538
524
525
524
525
517
516
512
515
513
514
519
518
517
523
522
522
516
521
522
529
523
527
533
541
533
537
543
551
538
542
542
549
543
537
548
543
542
537
540
545
539
535
536
543
536
536
538
545
546
542
540
541
542
534
538
536
538
531
538
543
536
532
534
535
531
527
529
535
528
531
530
535
527
521
535
657
625
589
584
563
547
538
530
522
516
521
524
528
522
527
534
541
538
535
541
542
539
533
534
538
539
533
537
535
536
530
531
536
533
524
523
530
535
538
540
534
543
548
544
544
546
549
549
552
554
547
553
559
551
552
557
554
547
550
548
543
547
556
553
545
552
543
541
539
534
539
537
531
530
527
520
521
514
517
526
528
524
526
521
516
523
519
513
510
509
505
503
502
504
501
500
499
500
502
503
500
500
503
504
502
500
497
493
493
510
516
519
522
517
513
511
518
525
519
535
539
543
532
527
531
522
520
522
520
511
513
519
517
521
517
508
509
507
505
504
504
509
516
512
501
509
512
512
506
507
502
504
502
500
502
502
499
497
495
487
481
492
493
505
528
552
555
560
556
537
527
534
533
529
536
534
533
534
538
534
528
526
526
536
544
543
558
565
575
560
557
553
553
558
559
555
555
542
541
535
532
535
535
537
541
552
559
572
570
561
548
543
545
545
538
548
555
552
539
532
529
530
526
547
554
555
551
564
557
547
539
531
529
529
542
539
540
536
542
540
534
527
521
517
517
529
534
544
554
555
544
538
538
530
535
530
530
536
536
534
539
537
531
525
522
521
521
519
528
525
527
532
531
528
525
519
516
515
518
521
527
530
538
550
570
560
566
559
556
549
539
531
531
535
531
537
542
543
547
562
563
558
558
561
563
569
572
568
560
563
563
564
566
559
555
554
554
553
556
553
555
551
547
547
548
560
563
569
588
601
589
585
581
584
575
570
575
571
578
585
596
596
610
604
614
611
621
619
620
619
618
613
610
597
597
591
581
580
578
580
580
576
568
566
567
566
575
570
570
562
563
561
563
560
562
564
562
562
559
554
550
548
546
550
558
560
569
572
567
565
561
556
548
545
552
559
556
570
576
592
585
581
590
589
579
582
584
580
576
568
561
557
558
555
555
551
554
560
563
563
573
566
563
558
556
557
560
556
552
546
549
552
547
544
544
542
537
539
539
535
535
541
556
568
569
572
571
565
560
555
559
563
578
594
597
593
585
586
574
567
564
579
581
577
575
566
561
549
548
550
552
553
569
577
572
580
592
591
588
591
583
579
589
586
583
578
573
564
560
562
563
562
560
560
566
573
582
590
593
589
596
592
590
571
570
565
563
558
554
556
555
554
552
551
547
544
545
544
543
542
543
551
561
573
579
587
590
583
589
582
571
567
564
561
558
554
547
540
533
522
525
524
529
528
527
537
543
539
543
546
552
549
544
546
552
569
561
570
566
563
565
566
568
561
564
563
567
567
564
565
564
561
558
558
554
545
542
543
544
546
556
565
565
560
555
557
555
552
548
542
535
528
528
524
525
530
537
544
546
544
539
538
532
532
534
537
541
539
536
533
528
531
533
531
535
534
534
536
537
538
536
533
531
528
528
529
527
531
530
535
542
546
554
553
554
555
554
548
542
540
568
641
619
597
597
591
579
577
571
564
555
547
540
535
536
536
541
541
549
552
556
557
565
564
562
561
561
560
555
548
547
545
551
548
553
554
560
556
567
569
566
570
574
583
580
588
587
594
596
592
588
593
585
582
579
583
575
576
572
567
563
563
563
556
551
562
569
595
599
620
617
638
623
618
616
611
604
599
588
579
571
563
557
551
558
561
564
574
591
600
599
594
587
577
576
571
568
570
575
584
594
594
586
580
577
566
567
563
558
553
550
549
557
570
591
605
588
590
588
585
575
572
566
562
552
559
561
568
577
580
587
588
587
584
584
581
576
570
561
563
562
563
570
575
584
596
601
599
587
590
582
583
583
581
579
585
579
579
582
585
589
592
594
593
590
583
568
567
560
554
556
559
563
566
566
570
567
575
601
617
629
623
640
625
610
603
601
598
596
591
597
593
593
595
592
596
596
590
585
578
577
588
598
606
604
601
598
593
583
579
583
582
585
594
594
594
591
590
585
582
575
573
567
564
565
574
580
584
590
595
586
585
577
567
568
575
573
577
589
586
586
876
271
570
569
564
567
575
575
583
584
570
570
571
565
564
574
584
593
606
605
599
587
589
586
583
583
582
574
579
663
633
624
613
612
605
602
599
601
606
641
653
675
698
721
721
715
728
706
708
703
694
670
658
647
645
654
687
715
733
738
736
728
703
704
694
688
689
689
675
671
661
661
669
690
711
729
729
740
732
728
731
734
718
727
717
713
712
715
706
705
681
676
668
674
692
711
718
733
740
736
753
727
709
719
720
696
688
677
666
664
689
697
706
728
738
753
764
754
749
771
771
759
764
763
760
753
764
750
742
722
728
709
713
728
712
715
693
688
681
699
721
731
736
757
755
756
745
757
753
750
766
775
773
762
788
803
767
786
772
767
771
755
735
711
704
701
723
731
732
765
771
766
776
771
774
769
767
764
757
766
756
769
760
760
749
759
762
756
765
758
758
744
762
757
762
752
759
735
723
712
720
734
752
777
795
736
730
708
709
700
709
697
689
683
675
674
665
648
650
654
645
642
646
646
667
663
667
652
663
651
657
660
663
672
682
689
695
699
686
667
661
645
646
641
647
637
641
641
633
640
631
636
623
629
630
627
632
622
630
628
617
614
616
608
605
614
607
604
618
611
615
615
611
617
635
643
663
698
715
732
727
720
731
727
725
710
681
679
688
722
733
730
764
768
753
760
764
757
754
764
760
758
750
743
759
739
732
709
716
729
730
758
755
762
751
757
762
760
744
768
769
753
754
755
749
755
756
747
754
761
752
753
761
756
755
762
759
752
774
761
759
755
772
769
751
767
758
756
722
721
702
698
705
724
727
739
747
760
770
760
761
765
777
762
773
770
760
769
767
775
760
779
795
778
780
788
785
781
781
790
780
765
768
760
757
761
767
771
757
769
733
720
713
701
695
709
736
752
754
782
782
779
765
784
789
765
756
765
767
765
753
767
760
756
763
766
773
763
779
798
772
785
788
783
775
775
746
729
713
712
715
738
742
745
742
753
757
749
762
758
756
772
774
784
767
777
780
776
785
788
772
784
787
786
787
782
769
786
773
760
779
791
784
784
798
783
785
740
728
917
853
795
765
757
728
720
732
736
746
745
768
780
779
802
803
799
820
813
812
798
808
815
800
802
799
765
736
728
740
747
771
768
778
777
789
795
779
799
792
793
779
795
791
783
796
794
784
790
792
784
770
784
759
757
760
731
719
711
707
699
694
703
729
745
738
741
746
744
741
759
769
759
762
766
780
779
772
784
789
794
774
790
795
799
793
803
776
740
746
768
753
723
717
723
724
726
746
766
776
776
785
776
776
772
792
794
793
778
771
762
736
735
730
748
754
751
777
771
775
764
783
778
780
771
784
746
730
736
832
790
777
765
733
724
710
731
733
746
744
757
765
765
773
769
762
760
780
773
769
786
774
756
748
766
755
742
717
712
719
735
767
774
778
781
789
787
791
783
785
792
784
771
783
781
780
783
782
776
785
786
774
768
783
762
746
731
727
739
743
756
767
781
781
770
788
788
780
786
793
779
795
790
791
780
791
784
771
783
778
781
770
784
777
767
773
733
713
681
667
679
665
671
669
657
659
651
647
633
630
627
614
606
603
597
593
586
579
573
571
574
583
583
598
604
607
609
609
609
609
604
598
600
609
613
615
616
615
611
604
595
597
599
598
596
593
598
601
598
597
595
590
587
589
589
589
590
593
588
591
585
580
576
572
565
569
571
573
577
582
589
591
590
589
586
580
574
571
573
577
580
584
587
592
592
589
587
581
579
573
568
574
580
581
616
633
640
653
637
637
633
629
620
618
610
607
607
602
599
594
592
584
580
592
597
598
609
614
624
625
625
624
622
621
615
611
608
606
601
595
595
594
600
609
613
613
614
613
609
605
601
598
589
584
576
573
576
579
583
583
588
590
591
594
598
597
595
595
592
589
585
573
572
562
558
561
572
579
585
599
601
600
599
595
589
582
571
559
570
564
561
566
569
604
609
636
658
699
688
682
690
708
725
708
706
767
729
730
744
730
742
741
765
736
718
707
698
687
684
697
752
762
780
772
794
771
761
748
762
763
786
778
775
780
764
733
729
739
745
763
768
764
794
795
778
785
774
767
789
799
776
778
785
774
764
771
761
739
724
719
717
729
746
747
754
762
757
756
770
753
756
747
763
753
739
732
716
711
711
724
749
779
776
784
790
772
772
786
788
775
761
754
741
736
738
766
771
804
774
804
794
784
808
803
808
772
788
792
775
799
784
783
762
741
735
751
757
786
810
800
813
797
796
788
765
753
771
776
770
742
714
698
669
667
708
678
671
657
646
635
631
613
600
604
589
572
563
557
546
547
540
534
531
528
531
538
535
525
525
519
527
530
534
540
542
545
548
553
556
562
564
563
567
565
565
566
546
548
546
541
538
542
541
543
548
548
548
546
544
544
545
547
544
541
538
533
529
525
525
522
521
525
524
530
531
539
548
551
543
540
536
531
527
523
521
517
514
511
510
505
503
499
498
496
492
491
490
486
485
482
479
478
476
474
473
475
474
479
481
480
488
497
498
500
501
505
516
514
514
525
535
529
529
535
536
533
536
536
534
531
535
532
533
538
538
538
541
534
531
528
523
525
525
527
525
534
540
540
542
551
545
539
538
557
562
557
554
561
561
552
547
556
553
562
563
568
577
581
584
599
588
598
595
573
585
804
680
657
634
619
602
591
574
583
574
577
572
568
563
560
557
553
550
547
547
540
533
535
534
538
533
531
530
525
519
518
518
518
526
530
526
523
522
524
527
533
546
547
547
554
555
554
548
552
557
544
547
547
545
539
543
539
542
532
534
533
536
535
527
533
533
527
527
537
539
541
540
542
542
540
539
543
546
538
543
545
549
551
549
547
555
559
553
552
560
555
557
557
552
553
557
551
549
542
541
546
552
545
553
557
556
554
557
552
554
556
557
552
545
551
555
551
546
555
558
547
545
543
548
539
541
543
543
541
536
538
545
548
542
546
550
551
544
541
548
635
619
594
591
584
573
566
556
550
550
544
543
546
550
547
548
549
550
543
543
540
547
555
550
552
562
557
558
555
560
555
553
559
560
552
551
547
544
539
536
533
537
549
545
544
555
561
556
553
560
553
554
544
543
545
546
540
542
545
545
547
545
552
549
543
547
549
550
544
544
548
547
546
547
554
551
549
552
551
549
542
540
552
558
561
562
556
558
559
552
550
556
563
556
559
567
567
566
563
564
561
553
560
559
559
558
567
573
563
556
567
685
612
597
583
573
560
551
542
544
551
556
550
553
556
563
562
561
556
573
567
563
556
558
555
550
543
539
536
548
550
555
550
557
558
554
562
562
560
556
558
562
552
560
556
552
551
558
556
557
551
554
548
540
533
554
401
617
560
548
545
540
545
548
541
546
553
553
554
566
562
562
570
571
563
565
568
566
556
555
555
551
545
542
543
553
552
547
553
556
559
549
560
559
557
555
558
559
550
556
557
556
552
562
561
554
555
560
561
553
557
561
550
542
541
574
633
586
579
572
560
553
546
541
539
536
542
539
536
538
537
536
534
530
525
522
524
530
530
527
535
536
535
534
540
539
536
538
536
541
543
547
544
543
540
536
531
527
529
524
522
522
525
527
526
528
531
534
534
546
546
544
536
544
547
540
534
539
542
542
534
545
548
546
537
531
569
565
551
546
542
539
536
530
524
526
532
536
540
538
536
546
547
546
536
538
600
680
616
602
582
570
563
560
553
550
552
546
549
555
555
551
559
560
564
560
563
563
558
556
563
562
559
551
560
560
560
555
560
559
553
545
555
550
548
547
545
550
546
548
550
552
549
549
550
551
551
555
559
558
557
554
558
563
560
559
548
550
553
556
555
551
559
564
562
565
569
562
561
563
563
554
562
563
559
556
562
565
562
558
563
565
559
560
568
573
563
570
575
572
568
578
580
570
562
570
679
622
607
592
583
580
572
562
563
563
566
565
574
576
570
564
568
573
568
567
570
567
554
572
593
591
597
605
607
607
621
604
571
571
562
555
547
547
546
544
552
555
553
548
550
548
543
544
545
545
539
541
542
540
537
537
548
566
572
576
581
582
570
564
557
554
562
558
557
561
553
550
555
555
552
559
560
558
557
550
557
555
554
557
563
566
571
567
564
563
564
557
565
563
564
564
566
563
559
568
569
572
571
578
572
565
563
569
571
567
570
570
571
564
568
566
564
572
575
569
570
571
572
566
571
577
574
586
585
585
587
591
586
593
589
590
596
587
584
592
590
592
586
592
592
583
574
609
606
595
602
596
586
588
584
600
601
604
607
607
612
607
594
628
626
631
628
622
616
609
599
604
595
591
589
597
611
611
636
631
638
652
644
649
645
641
643
646
639
637
636
632
626
631
635
632
618
627
631
623
618
624
618
614
619
624
639
635
634
643
638
638
627
624
638
634
629
639
649
658
641
643
659
659
638
610
653
649
639
632
615
625
624
615
605
604
597
601
586
582
595
594
599
597
594
593
595
598
593
593
590
586
582
584
587
581
575
576
568
567
562
567
566
559
551
554
558
558
559
554
541
551
552
549
545
538
537
539
533
541
534
