7407
642
632
623
1234
617
627
613
602
650
665
674
651
629
626
641
641
644
621
602
604
607
604
609
608
617
611
648
651
646
691
674
679
694
691
655
649
646
639
621
631
629
621
596
584
584
604
627
676
688
725
725
691
660
672
671
641
636
647
655
641
652
664
654
641
660
674
673
666
630
625
635
640
642
626
1079
772
604
596
588
579
573
562
555
553
554
563
587
582
607
685
713
686
645
634
622
603
591
577
563
560
569
581
585
590
579
585
601
620
613
610
597
585
580
580
588
589
589
597
616
621
628
622
606
616
611
612
605
593
587
593
590
606
606
602
598
611
619
621
607
594
598
597
597
602
591
577
587
587
587
589
580
572
563
565
559
557
557
577
584
586
606
604
604
583
589
605
598
585
577
581
574
568
573
567
554
561
566
571
568
600
616
600
586
574
592
591
588
587
600
601
574
590
614
622
608
614
614
599
589
598
587
569
571
567
576
569
577
576
589
579
598
586
579
573
576
580
588
588
584
582
596
591
568
571
569
575
559
556
555
558
569
573
562
571
592
602
594
604
584
574
565
564
558
550
551
549
544
546
552
564
563
576
577
578
565
579
569
574
582
607
604
592
576
561
551
548
550
563
569
683
638
601
610
611
624
634
649
634
618
255
352
587
556
554
558
563
576
583
644
563
588
591
627
620
618
646
670
651
639
654
632
613
628
658
672
662
672
701
704
676
685
684
665
664
686
677
686
676
673
652
654
650
641
646
659
662
650
674
679
683
660
659
668
662
657
645
641
637
629
637
641
654
671
657
655
664
676
672
673
652
675
685
680
697
700
687
688
693
690
1312
1291
631
627
630
1911
644
640
627
639
629
630
643
669
682
685
679
652
636
627
619
608
626
634
637
669
687
694
684
658
671
670
672
675
677
673
703
747
756
713
680
664
648
639
655
655
677
680
688
693
687
671
665
673
675
685
677
670
659
651
665
674
657
658
657
676
660
645
644
648
634
642
638
616
605
630
662
676
676
689
719
727
729
729
736
707
690
685
694
703
680
666
657
660
671
683
677
711
715
693
686
677
667
654
656
652
660
658
662
660
664
645
650
642
627
622
626
627
609
604
600
591
586
588
590
601
638
660
660
657
639
632
644
639
634
617
610
612
618
642
630
616
609
612
604
630
648
656
659
647
647
645
626
606
604
605
604
600
595
616
662
724
766
735
699
677
704
693
686
695
727
753
748
736
709
679
677
675
669
653
653
665
667
708
740
762
763
752
717
713
710
707
688
676
675
682
694
693
681
688
695
710
701
688
700
703
702
705
683
693
693
681
665
670
681
687
682
672
645
621
606
600
597
592
613
645
656
662
698
699
688
686
687
689
684
663
676
678
676
655
649
663
705
672
654
659
646
651
668
692
696
703
732
769
745
707
709
707
679
678
682
684
672
667
688
690
670
663
648
646
634
614
617
618
609
614
608
595
590
585
574
572
571
567
564
568
569
570
580
576
565
571
567
563
559
552
548
547
542
540
535
532
533
528
528
526
522
521
519
520
523
543
634
607
579
561
563
560
554
547
546
545
549
540
540
555
568
596
645
650
656
697
687
663
646
621
601
588
578
571
563
559
546
542
548
592
720
766
700
681
653
620
635
618
596
589
579
583
574
579
584
586
587
588
577
564
563
563
562
560
554
554
556
551
549
563
558
544
540
542
538
546
595
643
611
634
630
627
604
625
616
617
609
627
625
620
612
606
596
587
581
566
567
560
561
579
578
574
569
561
562
554
557
554
555
560
580
584
567
558
551
548
540
531
529
531
552
589
604
617
629
637
620
596
580
575
567
566
564
560
609
661
678
625
653
649
624
643
657
656
644
651
663
652
625
614
610
608
617
622
620
613
606
607
614
622
584
585
599
598
613
647
665
619
601
621
648
712
675
720
791
768
747
690
682
717
675
663
676
708
728
735
736
668
647
660
692
722
663
670
706
731
692
689
724
705
673
679
668
670
726
690
644
643
679
680
657
671
688
694
657
692
706
709
676
685
696
712
682
658
670
668
653
732
771
691
659
697
706
674
647
665
688
717
660
644
655
673
658
653
681
691
664
671
688
672
638
633
652
663
649
665
664
646
646
646
626
614
618
629
616
605
623
630
606
604
585
583
584
573
562
549
563
567
566
568
563
562
573
569
580
639
670
620
659
708
683
700
676
670
710
695
697
693
688
671
676
673
656
653
674
657
650
615
617
658
735
688
647
674
723
798
718
729
751
777
798
786
712
725
722
670
664
677
685
671
690
682
653
662
625
626
620
598
607
616
589
585
587
580
555
542
544
541
540
541
543
544
556
557
547
562
557
564
572
566
564
578
594
604
582
603
601
614
601
592
600
606
609
597
587
591
596
604
596
594
599
602
596
604
585
581
585
570
563
561
561
579
562
566
563
579
580
593
582
575
573
569
572
584
579
571
564
570
604
624
654
638
612
613
612
614
607
601
602
593
590
584
586
578
568
566
562
553
551
553
551
549
576
583
591
617
627
641
665
681
659
630
619
629
636
629
611
604
610
606
604
601
618
621
689
703
698
737
708
725
796
727
722
764
763
719
740
771
720
709
738
753
725
713
738
752
714
695
733
729
697
681
695
746
702
655
677
697
701
702
729
757
725
711
733
739
692
716
730
729
675
668
646
633
622
627
605
605
648
649
643
650
663
681
671
679
698
696
674
679
667
671
656
649
645
658
653
653
672
694
687
690
699
695
675
689
710
670
647
659
644
621
621
633
637
627
614
608
626
651
687
665
667
679
689
698
677
661
676
686
667
660
671
681
670
652
670
695
693
681
693
714
729
707
690
733
747
709
691
695
716
693
683
696
710
688
679
704
722
696
685
695
702
684
675
687
705
685
667
677
688
705
688
681
693
703
687
676
694
701
678
686
707
692
685
692
704
683
676
688
701
703
697
689
708
727
695
686
698
687
662
643
642
643
629
629
643
636
657
697
695
695
729
738
702
683
663
651
665
663
657
677
691
694
693
723
709
692
700
719
685
676
669
672
662
673
684
684
711
705
689
721
710
666
672
653
669
669
661
661
651
632
613
604
569
568
549
531
540
541
556
559
559
556
542
543
543
544
530
529
528
528
521
522
519
521
518
519
514
511
508
511
510
512
509
518
519
521
550
551
581
565
573
564
576
565
569
564
582
567
576
563
578
572
578
563
573
559
574
553
553
553
555
549
547
554
564
558
549
549
558
545
545
543
546
552
556
546
560
551
553
552
561
561
555
544
554
550
552
544
556
552
555
550
561
563
557
549
556
560
553
543
540
545
547
550
550
560
557
581
586
579
556
548
563
563
545
553
541
534
521
526
525
528
521
521
530
540
548
539
560
566
602
584
596
607
601
586
600
593
597
584
584
577
561
556
562
559
552
551
555
554
546
543
542
546
556
564
562
555
570
565
563
558
578
585
571
575
593
587
570
567
571
573
557
567
568
566
566
577
575
566
569
569
570
564
563
559
565
551
549
548
556
554
545
545
555
560
555
549
564
565
558
554
567
567
563
558
559
559
551
551
557
569
555
556
550
559
549
556
558
570
561
564
555
569
554
573
575
588
563
576
571
574
558
566
553
571
564
568
558
542
542
543
541
544
540
553
560
563
562
556
556
576
589
587
561
556
555
548
538
534
546
548
555
546
570
573
576
566
586
588
580
569
593
580
578
576
569
567
553
560
559
550
547
540
532
533
562
572
573
561
578
564
558
561
576
578
570
569
579
568
569
573
575
575
568
573
595
596
590
579
610
602
592
575
584
580
576
562
581
579
571
581
585
566
577
569
565
556
554
552
547
531
541
541
549
533
531
536
548
546
538
553
561
574
546
573
563
563
563
572
573
556
562
564
576
572
560
578
566
572
564
559
560
563
562
551
552
557
552
554
546
529
523
523
523
540
589
626
622
641
634
619
606
593
588
577
575
572
585
587
586
575
560
1129
1150
276
295
573
5374
611
608
617
616
610
611
626
635
623
612
621
634
639
638
679
684
679
669
692
696
679
655
676
702
709
683
717
725
722
699
703
696
691
669
685
709
715
681
670
685
673
647
643
664
672
673
672
681
702
707
690
701
735
697
665
681
681
661
639
644
660
656
636
638
642
631
636
655
656
662
669
672
672
655
654
646
645
636
642
640
637
637
634
636
635
620
604
604
654
668
681
662
676
661
656
646
663
675
677
687
726
734
708
693
669
652
641
631
628
628
627
625
644
665
695
729
722
734
737
759
736
715
708
719
734
741
723
701
723
727
728
731
774
762
729
737
755
745
716
706
728
724
718
719
735
760
764
738
733
739
755
749
688
669
677
660
635
648
655
686
676
659
655
668
675
675
699
721
715
717
730
760
754
753
739
734
750
771
761
741
713
708
721
730
725
722
744
744
722
679
694
683
667
653
646
636
628
619
613
624
619
629
639
637
618
627
645
678
700
708
717
721
701
683
698
715
701
690
703
714
698
689
675
677
773
826
829
764
729
744
736
717
708
701
707
673
662
659
645
636
613
611
596
607
591
595
597
597
601
597
598
596
598
606
604
595
594
599
613
616
633
633
629
643
664
668
688
665
655
648
655
693
696
710
666
663
672
687
711
728
722
711
735
752
749
706
681
694
687
701
690
671
679
681
682
680
690
728
777
740
737
757
771
760
748
761
748
704
684
692
686
688
692
667
653
648
650
648
651
677
666
655
658
674
662
640
653
686
680
658
642
647
648
650
647
640
640
637
627
609
604
599
596
592
585
578
572
569
569
566
563
563
571
574
578
599
628
648
639
637
634
619
612
618
641
683
692
699
666
638
656
687
713
705
710
697
686
670
667
664
654
642
638
662
683
700
687
747
735
780
807
785
781
745
717
726
724
712
724
717
710
722
718
714
749
755
729
718
731
730
713
700
713
733
731
721
726
710
671
664
672
658
652
646
643
638
630
614
607
594
586
585
596
627
680
687
697
755
831
817
767
748
751
695
668
670
675
675
681
690
705
684
649
643
632
627
626
633
648
651
656
647
658
662
658
649
660
649
626
632
628
614
618
635
652
644
622
631
650
656
687
706
710
723
722
725
689
666
674
679
719
743
744
721
729
737
726
695
713
702
679
645
645
634
634
621
643
682
680
687
726
768
739
748
747
728
709
720
714
697
676
672
670
654
649
657
646
646
652
650
644
639
624
612
629
547
577
1698
1683
550
551
559
566
587
586
591
617
639
627
627
646
653
664
645
630
633
653
687
681
661
662
687
696
688
670
668
706
715
688
679
719
736
697
681
693
697
705
689
689
696
710
688
669
698
707
696
694
689
711
687
681
715
734
710
682
717
737
763
732
704
724
740
772
760
738
767
785
770
716
706
767
826
771
729
722
722
734
755
713
721
747
752
721
708
744
748
677
656
644
652
649
636
645
643
646
638
620
624
664
664
680
711
745
703
672
680
707
710
688
680
701
730
711
690
741
749
733
702
731
738
714
688
685
722
753
745
709
719
738
725
699
698
715
726
750
703
714
734
735
699
708
707
694
693
716
706
684
694
733
751
710
694
729
721
685
685
703
729
693
691
736
745
710
679
689
698
683
659
688
699
706
685
657
670
694
714
688
700
710
719
695
693
704
701
681
673
676
714
724
681
661
671
705
719
679
678
676
646
627
627
624
627
634
642
680
697
679
673
669
684
699
687
665
662
663
698
729
692
682
705
699
673
659
655
693
731
685
680
702
694
679
646
644
662
654
636
632
665
679
666
651
667
694
692
669
646
653
662
659
642
635
647
657
629
608
606
609
624
662
707
712
695
669
677
705
737
724
697
681
700
739
744
723
700
695
722
721
753
724
715
697
727
727
740
732
692
711
716
750
722
707
755
772
736
706
705
777
771
739
718
741
746
747
733
723
723
726
729
702
687
713
735
726
696
721
758
765
724
692
693
691
666
646
650
653
668
659
660
685
731
749
717
711
729
731
708
701
718
732
719
699
677
696
707
710
702
679
696
703
710
699
671
683
673
650
636
643
640
623
620
618
662
644
656
728
715
697
665
682
688
675
672
660
679
687
686
675
666
703
721
724
698
683
697
704
705
687
665
695
709
729
741
706
697
730
727
696
673
672
701
750
762
713
691
720
722
725
701
696
731
751
746
709
687
716
770
751
716
681
673
688
731
736
704
709
731
739
734
698
686
708
715
708
689
674
684
701
698
676
664
691
712
689
674
677
714
714
682
674
684
682
690
662
653
677
715
750
715
694
699
724
717
693
670
682
695
705
694
686
680
713
694
709
695
697
662
633
613
599
590
580
574
574
569
572
568
570
566
558
547
561
548
537
549
540
538
541
540
540
539
537
539
526
527
527
535
536
545
549
554
464
279
381
278
315
618
598
608
623
634
634
630
639
660
630
620
633
647
706
750
712
672
673
681
692
674
655
675
721
733
689
677
698
717
713
691
689
728
723
731
689
688
702
716
721
694
702
723
729
695
688
692
717
730
704
730
740
734
707
699
711
713
694
679
703
704
716
693
682
703
719
726
701
699
723
727
712
686
699
701
716
701
674
677
700
711
719
684
682
687
704
709
696
700
709
726
699
677
675
686
693
698
682
689
727
755
725
708
728
738
732
704
719
729
731
724
705
717
729
724
716
698
713
719
719
713
693
708
719
715
691
675
687
708
725
705
691
718
744
728
700
694
695
697
682
673
681
670
692
677
667
689
714
712
692
667
691
691
669
657
669
686
688
657
667
688
690
689
662
648
670
673
671
662
688
704
705
677
659
693
695
664
639
646
675
702
688
643
600
602
603
607
611
600
599
592
657
468
576
568
556
553
572
564
549
568
561
563
566
575
587
595
597
600
616
639
660
647
614
610
600
590
600
604
597
612
622
628
645
665
650
610
595
588
587
576
572
574
584
622
670
653
643
652
694
692
686
686
698
708
711
687
679
686
687
677
669
665
674
670
679
649
645
663
680
683
673
670
682
695
671
653
667
655
666
655
637
629
642
677
675
650
639
679
708
680
661
669
681
682
658
650
662
674
665
644
646
677
708
712
663
666
684
709
677
667
677
683
661
653
676
684
656
617
593
597
596
588
581
580
602
623
631
615
614
637
653
669
669
655
670
671
670
669
650
635
652
652
676
662
645
647
656
672
661
646
640
647
662
662
637
641
661
684
666
646
656
663
685
660
646
662
684
695
676
652
673
684
703
682
651
650
673
684
670
652
643
660
685
688
661
655
674
680
697
672
656
663
673
703
686
661
657
672
690
672
644
641
661
688
720
681
658
668
672
689
692
666
650
643
646
649
642
637
646
648
647
636
643
652
659
657
643
639
643
651
657
640
640
645
642
617
596
595
602
610
633
633
635
653
675
688
662
653
665
674
693
685
652
642
647
654
657
647
629
629
640
658
641
633
635
656
659
640
630
647
666
706
703
665
661
671
688
662
656
672
693
725
689
663
658
702
700
722
690
676
688
703
722
682
653
653
661
678
672
649
660
688
712
692
662
672
691
713
675
652
652
677
693
669
646
655
686
722
692
660
652
660
670
654
638
636
654
687
699
659
650
658
676
709
671
659
669
671
668
648
654
655
660
645
634
649
664
671
654
641
662
695
730
688
663
669
693
701
681
656
677
677
703
702
674
653
667
683
695
686
655
667
688
699
665
639
663
684
694
673
681
701
735
712
684
699
701
703
695
674
667
711
727
701
675
662
691
711
710
670
671
689
698
688
662
675
681
705
683
663
669
686
678
663
646
662
666
687
667
629
610
604
599
605
593
594
596
593
593
590
565
568
586
595
595
610
605
601
604
624
627
634
617
612
611
624
635
638
622
613
616
637
644
635
619
628
636
636
653
646
653
646
646
622
618
621
640
634
627
615
632
661
679
667
662
674
703
712
679
661
671
672
686
653
635
644
655
683
680
652
656
669
691
717
689
668
677
705
713
710
675
680
680
709
676
663
686
711
686
661
688
715
746
725
680
675
692
715
740
691
682
708
756
778
752
696
669
675
684
685
672
654
675
722
757
714
700
710
727
744
710
672
677
690
689
664
649
658
668
682
667
643
640
649
672
689
683
669
691
707
726
695
666
661
684
684
663
642
654
671
703
682
652
659
677
702
714
672
634
618
604
605
596
579
589
584
587
596
588
581
575
581
593
616
646
632
621
634
649
668
665
640
631
644
674
685
650
634
661
690
712
679
650
673
708
700
663
654
678
706
683
669
693
730
723
693
688
725
747
735
697
677
681
693
718
683
669
684
710
748
702
675
685
733
714
677
674
719
722
691
696
708
737
700
670
673
682
699
679
665
689
707
725
684
673
682
722
718
685
681
714
729
682
680
700
729
701
682
684
719
734
717
684
683
705
733
692
673
688
715
687
658
667
736
797
726
696
723
738
695
674
690
703
681
656
677
710
750
731
686
671
690
713
683
662
690
749
751
705
655
656
673
703
677
651
673
687
740
715
673
659
663
690
695
669
668
673
705
710
677
657
665
677
687
668
643
654
675
686
657
647
620
622
627
626
618
597
594
621
676
729
698
675
694
716
724
677
657
673
671
699
682
667
667
686
704
714
676
662
664
682
696
672
648
672
699
705
678
647
657
682
703
680
661
648
668
701
710
685
665
675
698
729
736
693
666
673
702
706
687
665
682
751
782
732
706
736
738
730
725
700
677
691
710
704
679
658
656
685
707
695
663
682
698
727
713
676
650
673
707
736
709
675
687
687
703
686
664
661
689
729
701
666
671
695
716
708
679
690
714
716
692
669
654
676
687
712
690
671
685
702
732
718
703
684
685
690
663
646
652
684
731
756
733
699
732
744
742
713
672
698
720
731
692
662
668
692
714
716
679
696
714
692
677
655
663
712
744
745
691
669
690
729
748
711
687
701
730
729
683
676
692
758
803
741
696
692
723
755
754
705
678
690
701
726
732
685
673
700
730
739
694
675
688
718
724
701
669
675
710
729
725
687
678
689
728
742
705
674
674
706
710
686
665
673
703
769
745
694
724
766
750
729
688
683
673
656
650
639
664
693
729
699
669
670
691
711
702
664
656
668
707
717
702
680
690
723
743
726
685
669
688
707
714
689
669
692
726
738
711
667
667
673
702
714
682
675
739
817
776
729
694
709
744
750
707
708
729
746
726
689
701
751
766
720
693
730
752
754
739
718
664
640
574
571
572
562
559
553
548
543
545
551
557
557
551
548
543
538
535
532
527
521
518
514
515
516
515
512
514
514
513
511
514
515
511
511
508
503
502
497
494
490
488
484
484
479
476
476
472
471
473
474
486
544
546
548
581
611
598
588
573
568
563
566
564
559
545
554
559
548
546
541
552
545
539
534
532
529
528
523
523
521
523
526
522
522
529
526
535
547
539
546
539
536
545
547
545
535
535
529
529
521
517
510
512
512
511
520
512
512
514
518
522
537
530
529
549
551
565
545
553
545
549
539
551
542
542
538
537
535
553
547
555
550
557
554
567
554
558
557
563
548
552
555
556
546
548
543
540
532
532
531
535
532
526
526
528
535
537
524
528
525
525
518
522
524
529
529
524
531
540
537
526
536
523
526
525
530
528
528
522
518
516
530
526
521
522
515
518
514
513
514
522
517
514
516
515
530
552
574
571
631
623
608
631
650
626
604
604
604
604
593
589
583
582
574
550
549
541
553
540
538
535
533
524
521
519
527
521
521
530
543
545
563
584
581
555
548
575
611
610
582
579
573
574
576
574
562
549
553
562
563
573
592
619
610
603
600
611
615
597
608
613
601
592
604
606
589
584
585
568
573
571
586
577
578
576
564
554
542
547
538
543
533
547
548
565
551
560
569
591
568
582
568
561
555
553
563
543
551
550
553
555
549
548
548
533
543
532
528
531
535
531
521
520
516
504
504
502
509
525
548
647
649
637
672
696
620
656
641
617
610
601
597
590
594
586
564
555
542
547
546
545
535
551
549
549
540
551
545
554
548
557
542
547
538
540
528
541
541
552
542
554
568
564
551
555
569
570
562
577
596
584
583
570
582
564
565
561
557
547
540
538
542
537
539
533
541
553
553
544
554
561
547
539
533
529
529
531
527
541
552
555
544
549
566
566
560
556
567
592
564
563
562
563
547
547
545
543
534
548
549
561
549
560
564
580
561
569
566
569
556
558
554
550
563
553
545
544
545
538
533
534
530
546
538
540
551
537
548
546
555
551
536
560
561
570
580
577
561
561
561
557
551
544
545
539
536
525
522
531
535
548
542
544
541
540
565
563
583
601
591
602
618
625
608
627
617
595
594
589
582
570
579
555
564
552
578
564
584
562
560
565
559
563
552
573
574
571
569
590
588
586
569
571
577
558
558
561
561
544
549
551
561
549
553
555
560
538
540
531
529
530
529
527
537
542
552
543
554
563
558
553
563
572
566
553
562
551
552
543
546
544
541
538
548
555
552
552
569
570
595
571
586
576
562
559
567
561
541
538
542
555
544
545
560
578
568
580
568
579
572
578
577
571
561
583
564
573
562
576
560
550
557
553
549
541
556
556
566
550
562
566
562
557
555
576
594
618
590
573
585
574
562
548
539
541
541
548
535
546
559
562
562
558
565
571
568
569
564
560
553
554
561
562
545
548
546
551
536
545
547
546
542
546
549
551
545
558
553
554
538
546
541
544
534
540
538
535
527
541
535
542
526
542
539
545
535
551
553
567
554
563
562
556
542
557
549
551
532
537
545
562
569
563
541
557
548
560
546
557
554
554
538
545
546
561
558
555
549
559
550
546
534
529
542
549
535
526
526
533
531
534
537
530
528
527
525
524
520
521
519
516
518
516
514
511
511
508
509
514
520
522
518
512
515
510
522
520
524
543
686
712
654
729
885
809
928
806
798
825
709
741
758
706
763
755
729
756
753
729
728
732
707
688
679
662
665
668
673
660
647
650
665
675
657
644
652
648
646
636
639
648
638
626
626
618
604
571
555
553
546
535
528
521
517
517
511
509
504
501
502
498
495
494
491
489
484
486
486
488
494
492
494
500
509
537
543
541
538
558
572
584
570
570
597
592
576
564
558
566
560
556
547
542
549
555
567
560
554
559
555
550
545
539
541
543
542
542
543
539
534
539
535
528
522
521
519
522
544
553
559
557
573
579
564
555
547
548
544
536
532
526
525
526
530
536
553
559
578
577
577
572
565
563
557
555
546
540
544
544
542
547
541
548
544
545
554
551
546
548
539
540
526
530
525
524
523
528
531
532
531
534
534
534
529
528
528
525
521
520
515
514
514
513
514
517
517
517
524
534
535
543
555
548
545
549
539
533
526
521
520
519
517
517
520
523
524
528
524
532
534
545
558
548
546
552
544
530
527
534
533
535
534
528
529
527
524
522
517
513
515
512
507
506
501
501
511
523
547
552
568
623
685
652
602
568
556
545
533
525
519
521
516
512
518
523
563
552
565
593
646
608
602
598
600
588
574
565
575
570
563
564
569
571
566
569
566
563
552
544
536
530
528
529
537
527
526
530
527
538
530
522
517
519
516
514
510
508
506
508
518
517
515
517
530
529
535
566
579
584
583
568
554
553
554
575
595
602
571
563
561
553
544
547
549
567
579
581
585
588
570
569
563
579
599
620
609
601
581
571
569
610
715
701
664
640
676
693
703
646
647
649
654
662
682
667
638
639
638
654
648
627
620
616
629
624
646
646
635
640
651
648
639
637
646
660
652
647
645
663
669
654
641
652
673
660
679
654
629
605
605
597
583
564
563
605
601
607
610
596
597
613
658
678
669
630
635
626
622
629
607
604
609
615
610
601
618
630
668
688
702
777
739
661
670
664
634
628
644
632
619
623
631
628
626
607
613
606
597
589
568
560
551
543
538
534
532
528
530
532
545
539
535
538
546
543
540
533
549
548
551
541
544
547
556
557
559
573
582
598
591
584
582
574
568
560
564
563
565
560
554
553
549
562
603
663
617
593
598
610
615
618
622
634
672
658
646
646
669
641
613
590
598
588
591
592
587
586
588
594
602
602
588
571
572
552
553
562
563
558
592
654
655
730
749
700
686
724
729
706
664
672
667
651
628
633
632
643
624
642
631
632
610
626
628
624
610
630
622
629
613
633
631
624
610
622
612
608
595
594
589
582
578
579
576
566
570
584
593
590
576
566
566
564
559
554
539
542
552
584
673
646
729
759
740
730
762
723
666
658
668
672
646
650
632
605
603
610
601
590
583
568
569
572
572
565
563
556
552
545
535
531
528
523
519
516
512
514
512
511
511
510
524
570
739
648
669
681
734
735
694
681
664
670
656
633
616
620
611
600
588
580
562
556
549
544
541
540
547
552
552
550
546
546
550
547
543
542
545
544
545
553
562
563
559
555
552
550
544
542
561
586
603
604
587
573
568
570
563
563
564
560
562
559
551
557
556
554
564
571
566
561
557
572
583
578
571
570
589
610
616
611
608
635
643
625
613
616
618
620
605
597
598
599
584
580
583
568
563
557
555
546
533
536
530
542
549
567
570
570
569
558
555
561
563
560
568
573
583
574
580
602
619
646
637
665
688
685
735
722
714
745
741
726
736
694
709
692
667
656
636
620
622
617
615
624
626
623
642
669
654
665
684
648
649
644
652
678
671
691
683
663
695
692
661
675
682
651
671
682
659
671
687
665
656
655
650
643
633
640
645
662
687
678
676
695
662
655
668
637
633
644
638
635
668
664
694
739
704
682
667
671
658
653
647
677
681
665
671
678
649
640
642
626
613
614
610
595
592
604
619
630
627
642
637
631
628
619
625
629
636
651
636
628
635
644
638
641
655
644
636
642
627
621
624
624
610
623
641
644
658
699
704
684
662
655
646
660
675
680
676
699
678
664
680
665
653
675
677
660
658
676
697
681
699
716
703
696
703
682
654
641
633
646
661
678
670
671
673
647
644
646
630
633
644
639
656
685
747
698
705
703
679
681
658
642
655
660
657
664
685
676
673
691
695
662
658
662
664
685
676
662
655
676
664
654
670
671
662
663
674
659
645
651
650
634
637
639
645
648
656
668
660
657
671
657
651
667
669
660
669
652
633
634
636
632
625
619
634
658
670
657
674
682
674
664
685
671
646
665
654
639
652
647
637
634
630
626
620
625
630
625
634
649
648
644
651
652
642
626
627
619
609
611
604
606
596
604
616
639
662
668
659
660
687
685
677
667
652
656
651
642
645
641
638
643
659
672
674
673
641
627
610
604
599
594
577
569
563
561
554
543
539
540
535
537
530
526
525
522
518
512
511
509
507
503
503
500
500
499
497
497
497
494
498
500
503
502
502
498
513
566
584
572
582
634
659
629
601
595
604
596
589
594
590
582
569
562
558
558
555
549
545
539
538
537
532
528
525
521
522
521
517
514
512
509
507
507
508
512
521
531
527
526
521
519
517
516
515
512
511
511
509
511
521
530
531
535
532
530
533
539
534
531
524
522
522
520
517
514
510
507
507
508
505
502
499
500
499
503
502
502
506
515
512
515
521
523
522
525
524
525
526
538
542
544
543
538
534
534
529
522
520
517
512
519
513
518
515
513
514
516
531
542
549
531
521
517
522
536
535
609
643
594
610
650
670
646
626
617
640
632
625
614
604
603
600
593
592
588
576
568
551
546
538
532
525
522
520
516
513
512
508
507
508
505
502
503
498
490
495
497
516
645
610
654
769
774
733
763
757
689
693
728
718
674
691
692
661
661
673
668
638
639
640
632
618
615
619
626
604
605
618
614
604
596
602
602
596
582
581
571
567
560
544
533
534
527
530
533
545
546
544
553
547
546
543
548
549
554
541
547
548
559
562
549
560
578
621
666
622
602
579
587
592
597
604
603
595
605
607
604
590
585
578
573
570
575
562
556
556
566
583
603
650
659
695
649
630
646
664
655
631
619
644
652
645
630
628
615
607
604
596
591
588
588
587
601
606
604
604
604
591
576
559
561
560
563
600
670
673
639
670
720
731
665
641
656
655
664
643
646
653
669
687
666
644
625
617
629
642
646
620
617
642
653
654
640
638
632
629
610
600
598
599
620
632
636
669
685
700
685
647
643
643
643
627
623
619
634
649
666
646
646
661
668
667
646
638
645
651
645
632
640
671
694
657
633
639
657
679
675
632
617
629
653
645
665
680
681
640
646
673
700
663
650
664
660
663
648
630
629
641
647
633
660
682
677
680
711
710
733
706
667
677
671
646
595
609
600
574
583
581
568
557
552
554
543
530
522
515
520
521
521
525
534
579
556
540
566
575
599
578
631
662
661
688
688
677
659
656
644
626
605
610
617
610
585
590
594
577
587
598
596
592
596
604
609
599
588
595
585
580
574
595
585
586
567
574
566
567
553
579
568
569
576
575
567
559
550
542
540
540
540
540
562
577
565
564
563
567
571
565
563
550
552
557
557
594
640
660
736
695
740
737
713
727
718
699
705
706
670
707
712
699
702
718
689
677
701
684
672
686
688
669
697
700
677
709
712
704
709
710
682
686
703
689
688
700
693
670
688
699
679
686
727
680
686
691
663
680
704
682
689
692
652
641
629
616
606
611
604
634
637
638
656
683
658
668
669
643
633
636
640
641
622
628
642
665
656
652
673
699
674
677
677
678
677
665
653
619
622
619
601
598
607
604
595
597
606
609
600
594
596
588
592
609
625
647
638
640
643
652
635
627
629
645
640
640
630
611
611
619
623
620
615
621
623
634
639
635
619
601
603
602
595
596
597
606
629
633
645
663
647
653
666
681
684
661
685
680
679
653
658
661
678
665
645
636
634
632
642
648
681
667
661
646
662
681
688
655
655
664
658
624
626
615
617
608
608
623
622
633
633
665
660
650
651
653
648
627
640
647
614
603
601
600
624
621
615
626
623
616
605
600
589
582
575
565
558
550
544
543
543
542
541
540
539
541
542
547
548
555
551
547
546
554
543
538
550
555
548
539
528
520
516
513
507
517
552
588
669
727
753
763
766
736
695
683
692
691
663
638
637
646
658
670
665
653
647
646
655
647
639
622
612
611
603
614
623
644
642
628
605
593
578
567
569
567
564
573
614
597
615
619
612
585
579
574
563
552
542
535
530
519
515
510
510
506
505
501
520
562
549
536
532
530
536
541
539
531
530
527
533
563
571
577
584
595
609
595
587
584
594
570
561
556
558
549
544
527
522
518
516
511
511
512
510
510
509
510
505
505
506
506
499
500
495
493
493
498
503
502
504
519
544
544
551
540
531
528
529
524
530
544
541
539
525
523
523
518
519
517
514
511
509
507
504
502
501
504
506
511
521
553
591
595
566
549
546
542
545
539
543
526
528
535
533
538
550
537
544
555
567
564
559
551
544
540
539
532
523
521
530
534
554
565
555
582
585
600
594
601
604
598
588
573
570
570
576
583
565
561
560
556
561
547
554
564
591
629
632
620
616
586
576
575
577
562
565
567
562
580
589
596
583
607
606
635
670
688
715
680
654
632
611
588
583
575
573
572
579
582
573
565
554
551
544
538
533
528
522
522
537
534
541
665
691
658
672
663
635
606
607
597
598
583
580
572
585
604
601
598
586
575
575
573
568
549
541
546
541
534
524
524
528
529
536
536
535
543
534
529
524
526
522
521
515
509
508
506
501
496
498
499
507
552
623
644
611
679
676
688
688
639
663
646
610
605
607
603
589
596
588
594
593
582
590
601
604
602
583
576
574
549
540
540
541
538
531
523
534
540
543
540
535
561
575
645
658
598
601
604
603
588
584
579
569
567
555
545
530
539
536
534
553
570
625
626
601
609
611
606
591
578
586
597
598
593
574
576
572
573
563
569
573
552
542
542
539
547
562
574
556
556
550
551
542
536
528
523
521
513
513
508
506
508
506
507
505
507
510
512
512
522
547
609
631
654
640
621
642
623
632
631
631
616
594
599
601
608
602
579
563
552
543
536
528
529
528
521
519
520
513
522
526
519
517
515
521
516
513
524
553
595
619
593
587
583
592
605
602
594
587
589
583
582
572
563
557
564
562
559
541
542
532
530
519
510
515
515
521
529
543
586
604
610
584
596
600
584
578
573
555
548
545
560
560
553
544
531
529
531
524
520
515
512
515
514
513
511
532
553
562
561
557
548
566
565
580
624
673
664
645
609
610
603
578
570
568
563
551
575
560
555
531
542
540
538
532
551
550
561
545
563
563
568
551
548
537
523
526
522
517
515
516
522
522
516
519
526
537
534
546
538
522
526
524
515
513
514
509
517
520
508
521
503
522
535
538
548
547
572
546
554
549
542
529
539
520
543
538
538
524
528
530
543
536
534
531
539
552
552
534
531
540
541
555
541
531
526
522
517
505
506
510
517
534
544
543
521
531
523
531
543
527
525
526
530
540
545
548
542
537
533
544
552
530
519
532
539
568
585
595
566
560
541
538
538
539
542
533
532
521
507
509
508
510
515
517
507
514
512
523
533
550
547
532
557
535
523
529
529
536
537
539
527
521
507
499
501
500
500
500
503
509
532
542
569
576
584
583
568
544
539
527
532
519
511
512
509
513
519
522
512
510
504
496
491
493
501
516
507
515
519
531
568
608
596
598
570
557
563
558
561
546
534
511
508
505
500
506
503
506
501
498
501
492
493
498
501
499
499
508
520
534
525
546
537
526
526
519
520
525
514
515
520
521
521
518
522
519
508
508
510
500
495
488
494
505
516
521
523
525
508
510
509
505
514
523
520
519
518
516
514
523
533
532
543
539
537
526
515
508
515
511
506
518
534
573
590
607
564
541
540
542
541
540
542
556
567
558
541
535
526
524
509
517
515
512
513
521
524
522
533
551
544
529
537
543
527
534
533
540
544
532
525
531
533
531
530
536
535
519
520
526
536
526
527
528
530
519
530
529
521
515
520
522
525
516
521
533
518
517
519
517
518
523
525
525
525
522
517
515
512
502
504
511
500
507
510
514
513
521
518
523
518
521
537
539
531
530
528
520
511
518
512
511
501
503
502
493
496
498
501
504
504
502
503
509
503
508
497
489
483
490
486
485
480
481
483
486
487
488
496
492
490
485
496
504
499
502
509
520
516
509
521
516
508
506
508
505
493
493
500
496
498
490
499
504
507
498
499
501
503
495
497
504
506
511
501
513
519
523
508
512
510
509
501
501
510
509
510
504
513
511
512
501
505
499
496
487
491
496
500
499
502
505
506
506
499
504
504
497
498
500
504
498
494
499
495
488
487
491
487
480
485
495
492
494
489
496
498
507
497
496
506
503
504
504
516
508
498
498
505
497
496
497
506
518
521
522
529
531
536
528
532
536
528
522
521
521
514
511
511
511
510
507
518
517
519
510
514
513
508
501
504
496
489
489
491
500
498
494
504
515
524
509
512
519
524
506
504
506
505
504
499
502
509
503
515
516
520
516
526
530
525
515
521
519
507
500
505
498
494
489
493
501
494
496
507
509
506
505
507
502
493
493
502
503
502
505
521
521
514
525
519
516
516
515
518
502
511
509
511
506
505
512
516
507
508
509
507
501
499
510
502
503
504
512
521
514
529
521
527
522
521
507
514
502
496
493
488
488
483
484
478
490
497
496
504
510
520
524
515
518
523
514
513
518
514
510
508
508
502
494
500
503
501
494
504
504
508
503
518
517
510
512
509
511
503
504
506
502
499
508
511
519
512
517
521
518
517
521
520
510
512
512
507
504
503
503
500
490
496
491
490
483
487
483
488
488
484
494
496
497
489
490
487
494
501
499
498
505
500
490
496
498
497
500
501
508
505
505
507
502
494
492
493
487
488
488
489
487
484
483
485
483
479
478
486
492
490
493
494
504
503
496
500
495
494
491
487
479
479
478
471
470
474
478
481
479
491
515
521
514
513
520
524
529
535
530
531
521
519
511
504
493
495
500
496
491
495
503
490
494
487
494
493
489
498
500
502
492
501
500
503
497
489
480
477
474
478
482
485
483
474
479
476
470
474
471
467
460
462
462
460
459
454
460
462
464
463
468
467
470
469
471
480
483
487
482
479
484
491
490
490
493
490
487
483
488
487
480
485
486
479
479
479
478
473
473
475
475
473
470
471
466
464
463
463
457
458
457
458
464
463
465
470
468
464
463
462
463
461
457
455
455
455
454
452
455
451
455
457
467
463
476
488
505
520
524
536
554
555
542
532
521
499
493
488
484
479
477
474
470
474
474
473
473
474
472
473
470
467
467
465
467
470
465
463
464
465
465
465
462
461
461
460
457
456
459
458
454
453
453
455
455
457
457
455
456
460
463
464
461
460
463
468
471
477
477
473
472
473
474
474
471
473
474
472
471
471
473
471
471
471
471
472
473
474
471
467
466
466
466
